 time            v(vin)          v(b3_collector) v(vout_drv)     v(vout_final)   i(vdd)         
 0.00000000e+00  2.50000000e+00  3.82990743e+00  2.50000000e+00  2.50000000e+00 -3.31711234e-05 
 5.00000000e-08  2.50000031e+00  3.82990743e+00  2.50000000e+00  2.50000000e+00 -3.31711237e-05 
 1.00000000e-07  2.50000063e+00  3.82990742e+00  2.49999999e+00  2.50000000e+00 -3.31711242e-05 
 2.00000000e-07  2.50000126e+00  3.82990740e+00  2.49999997e+00  2.50000000e+00 -3.31711259e-05 
 4.00000000e-07  2.50000251e+00  3.82990720e+00  2.49999978e+00  2.49999999e+00 -3.31711316e-05 
 8.00000000e-07  2.50000503e+00  3.82990485e+00  2.49999742e+00  2.49999988e+00 -3.31711538e-05 
 1.60000000e-06  2.50001005e+00  3.82988031e+00  2.49997288e+00  2.49999757e+00 -3.31712974e-05 
 3.20000000e-06  2.50002010e+00  3.82968839e+00  2.49978100e+00  2.49996248e+00 -3.31724454e-05 
 6.40000000e-06  2.50004020e+00  3.82869632e+00  2.49878932e+00  2.49961844e+00 -3.31789618e-05 
 1.14000000e-05  2.50007157e+00  3.82621764e+00  2.49631233e+00  2.49818260e+00 -3.31962219e-05 
 1.64000000e-05  2.50010286e+00  3.82339111e+00  2.49348858e+00  2.49590333e+00 -3.32163847e-05 
 2.14000000e-05  2.50013406e+00  3.82050431e+00  2.49060525e+00  2.49322527e+00 -3.32370839e-05 
 2.64000000e-05  2.50016512e+00  3.81757699e+00  2.48768186e+00  2.49039075e+00 -3.32581332e-05 
 3.14000000e-05  2.50019601e+00  3.81464513e+00  2.48475427e+00  2.48749305e+00 -3.32792416e-05 
 3.64000000e-05  2.50022672e+00  3.81172105e+00  2.48183478e+00  2.48457741e+00 -3.33003055e-05 
 4.14000000e-05  2.50025720e+00  3.80881205e+00  2.47893065e+00  2.48166443e+00 -3.33212681e-05 
 4.64000000e-05  2.50028743e+00  3.80592325e+00  2.47604701e+00  2.47876471e+00 -3.33420893e-05 
 5.14000000e-05  2.50031737e+00  3.80305824e+00  2.47318742e+00  2.47588450e+00 -3.33627424e-05 
 5.64000000e-05  2.50034700e+00  3.80022031e+00  2.47035516e+00  2.47302810e+00 -3.33832032e-05 
 6.14000000e-05  2.50037629e+00  3.79741240e+00  2.46755319e+00  2.47019899e+00 -3.34034501e-05 
 6.64000000e-05  2.50040521e+00  3.79463740e+00  2.46478437e+00  2.46740023e+00 -3.34234623e-05 
 7.14000000e-05  2.50043372e+00  3.79189808e+00  2.46205147e+00  2.46463474e+00 -3.34432197e-05 
 7.64000000e-05  2.50046181e+00  3.78919720e+00  2.45935725e+00  2.46190531e+00 -3.34627023e-05 
 8.14000000e-05  2.50048944e+00  3.78653745e+00  2.45670438e+00  2.45921469e+00 -3.34818906e-05 
 8.64000000e-05  2.50051659e+00  3.78392147e+00  2.45409552e+00  2.45656557e+00 -3.35007655e-05 
 9.14000000e-05  2.50054323e+00  3.78135189e+00  2.45153326e+00  2.45396058e+00 -3.35193081e-05 
 9.64000000e-05  2.50056934e+00  3.77883127e+00  2.44902017e+00  2.45140234e+00 -3.35374998e-05 
 1.01400000e-04  2.50059488e+00  3.77636212e+00  2.44655875e+00  2.44889340e+00 -3.35553225e-05 
 1.06400000e-04  2.50061983e+00  3.77394691e+00  2.44415146e+00  2.44643625e+00 -3.35727581e-05 
 1.11400000e-04  2.50064418e+00  3.77158804e+00  2.44180070e+00  2.44403335e+00 -3.35897893e-05 
 1.16400000e-04  2.50066788e+00  3.76928789e+00  2.43950882e+00  2.44168711e+00 -3.36063991e-05 
 1.21400000e-04  2.50069093e+00  3.76704874e+00  2.43727812e+00  2.43939986e+00 -3.36225706e-05 
 1.26400000e-04  2.50071330e+00  3.76487283e+00  2.43511082e+00  2.43717390e+00 -3.36382878e-05 
 1.31400000e-04  2.50073496e+00  3.76276235e+00  2.43300910e+00  2.43501144e+00 -3.36535348e-05 
 1.36400000e-04  2.50075590e+00  3.76071940e+00  2.43097505e+00  2.43291466e+00 -3.36682963e-05 
 1.41400000e-04  2.50077609e+00  3.75874603e+00  2.42901070e+00  2.43088564e+00 -3.36825574e-05 
 1.46400000e-04  2.50079552e+00  3.75684421e+00  2.42711804e+00  2.42892643e+00 -3.36963040e-05 
 1.51400000e-04  2.50081416e+00  3.75501585e+00  2.42529895e+00  2.42703897e+00 -3.37095220e-05 
 1.56400000e-04  2.50083199e+00  3.75326278e+00  2.42355525e+00  2.42522517e+00 -3.37221983e-05 
 1.61400000e-04  2.50084901e+00  3.75158676e+00  2.42188869e+00  2.42348684e+00 -3.37343200e-05 
 1.66400000e-04  2.50086519e+00  3.74998946e+00  2.42030095e+00  2.42182571e+00 -3.37458750e-05 
 1.71400000e-04  2.50088051e+00  3.74847249e+00  2.41879360e+00  2.42024346e+00 -3.37568517e-05 
 1.76400000e-04  2.50089497e+00  3.74703736e+00  2.41736817e+00  2.41874167e+00 -3.37672389e-05 
 1.81400000e-04  2.50090854e+00  3.74568552e+00  2.41602608e+00  2.41732185e+00 -3.37770263e-05 
 1.86400000e-04  2.50092121e+00  3.74441833e+00  2.41476868e+00  2.41598541e+00 -3.37862039e-05 
 1.91400000e-04  2.50093298e+00  3.74323704e+00  2.41359723e+00  2.41473371e+00 -3.37947626e-05 
 1.96400000e-04  2.50094382e+00  3.74214285e+00  2.41251290e+00  2.41356798e+00 -3.38026937e-05 
 2.01400000e-04  2.50095374e+00  3.74113686e+00  2.41151679e+00  2.41248941e+00 -3.38099891e-05 
 2.06400000e-04  2.50096271e+00  3.74022007e+00  2.41060988e+00  2.41149908e+00 -3.38166417e-05 
 2.11400000e-04  2.50097073e+00  3.73939341e+00  2.40979310e+00  2.41059798e+00 -3.38226445e-05 
 2.16400000e-04  2.50097780e+00  3.73865770e+00  2.40906725e+00  2.40978700e+00 -3.38279917e-05 
 2.21400000e-04  2.50098390e+00  3.73801368e+00  2.40843308e+00  2.40906698e+00 -3.38326778e-05 
 2.26400000e-04  2.50098903e+00  3.73746200e+00  2.40789121e+00  2.40843862e+00 -3.38366981e-05 
 2.31400000e-04  2.50099318e+00  3.73700320e+00  2.40744219e+00  2.40790256e+00 -3.38400485e-05 
 2.36400000e-04  2.50099635e+00  3.73663777e+00  2.40708647e+00  2.40745934e+00 -3.38427256e-05 
 2.41400000e-04  2.50099854e+00  3.73636604e+00  2.40682440e+00  2.40710940e+00 -3.38447268e-05 
 2.46400000e-04  2.50099974e+00  3.73618831e+00  2.40665625e+00  2.40685310e+00 -3.38460501e-05 
 2.51400000e-04  2.50099996e+00  3.73610475e+00  2.40658218e+00  2.40669068e+00 -3.38466941e-05 
 2.56400000e-04  2.50099919e+00  3.73611543e+00  2.40660228e+00  2.40662231e+00 -3.38466581e-05 
 2.61400000e-04  2.50099744e+00  3.73622036e+00  2.40671652e+00  2.40664807e+00 -3.38459423e-05 
 2.66400000e-04  2.50099470e+00  3.73641942e+00  2.40692478e+00  2.40676791e+00 -3.38445473e-05 
 2.71400000e-04  2.50099097e+00  3.73671242e+00  2.40722685e+00  2.40698173e+00 -3.38424746e-05 
 2.76400000e-04  2.50098627e+00  3.73709905e+00  2.40762243e+00  2.40728931e+00 -3.38397263e-05 
 2.81400000e-04  2.50098060e+00  3.73757893e+00  2.40811113e+00  2.40769033e+00 -3.38363050e-05 
 2.86400000e-04  2.50097396e+00  3.73815158e+00  2.40869244e+00  2.40818440e+00 -3.38322144e-05 
 2.91400000e-04  2.50096636e+00  3.73881643e+00  2.40936580e+00  2.40877101e+00 -3.38274585e-05 
 2.96400000e-04  2.50095780e+00  3.73957279e+00  2.41013051e+00  2.40944958e+00 -3.38220422e-05 
 3.01400000e-04  2.50094830e+00  3.74041992e+00  2.41098581e+00  2.41021943e+00 -3.38159709e-05 
 3.06400000e-04  2.50093786e+00  3.74135696e+00  2.41193084e+00  2.41107977e+00 -3.38092507e-05 
 3.11400000e-04  2.50092650e+00  3.74238297e+00  2.41296466e+00  2.41202976e+00 -3.38018884e-05 
 3.16400000e-04  2.50091423e+00  3.74349692e+00  2.41408622e+00  2.41306842e+00 -3.37938915e-05 
 3.21400000e-04  2.50090105e+00  3.74469769e+00  2.41529439e+00  2.41419473e+00 -3.37852681e-05 
 3.26400000e-04  2.50088698e+00  3.74598408e+00  2.41658798e+00  2.41540755e+00 -3.37760267e-05 
 3.31400000e-04  2.50087204e+00  3.74735479e+00  2.41796566e+00  2.41670565e+00 -3.37661768e-05 
 3.36400000e-04  2.50085623e+00  3.74880846e+00  2.41942608e+00  2.41808775e+00 -3.37557283e-05 
 3.41400000e-04  2.50083958e+00  3.75034361e+00  2.42096775e+00  2.41955245e+00 -3.37446918e-05 
 3.46400000e-04  2.50082210e+00  3.75195872e+00  2.42258913e+00  2.42109827e+00 -3.37330782e-05 
 3.51400000e-04  2.50080382e+00  3.75365216e+00  2.42428860e+00  2.42272368e+00 -3.37208994e-05 
 3.56400000e-04  2.50078473e+00  3.75542223e+00  2.42606445e+00  2.42442704e+00 -3.37081676e-05 
 3.61400000e-04  2.50076488e+00  3.75726716e+00  2.42791490e+00  2.42620665e+00 -3.36948957e-05 
 3.66400000e-04  2.50074426e+00  3.75918510e+00  2.42983810e+00  2.42806071e+00 -3.36810969e-05 
 3.71400000e-04  2.50072292e+00  3.76117413e+00  2.43183212e+00  2.42998738e+00 -3.36667851e-05 
 3.76400000e-04  2.50070086e+00  3.76323226e+00  2.43389496e+00  2.43198471e+00 -3.36519749e-05 
 3.81400000e-04  2.50067811e+00  3.76535742e+00  2.43602457e+00  2.43405072e+00 -3.36366809e-05 
 3.86400000e-04  2.50065469e+00  3.76754750e+00  2.43821879e+00  2.43618333e+00 -3.36209187e-05 
 3.91400000e-04  2.50063062e+00  3.76980029e+00  2.44047545e+00  2.43838041e+00 -3.36047040e-05 
 3.96400000e-04  2.50060593e+00  3.77211354e+00  2.44279229e+00  2.44063976e+00 -3.35880532e-05 
 4.01400000e-04  2.50058065e+00  3.77448495e+00  2.44516698e+00  2.44295912e+00 -3.35709828e-05 
 4.06400000e-04  2.50055479e+00  3.77691214e+00  2.44759716e+00  2.44533617e+00 -3.35535101e-05 
 4.11400000e-04  2.50052838e+00  3.77939269e+00  2.45008039e+00  2.44776853e+00 -3.35356526e-05 
 4.16400000e-04  2.50050145e+00  3.78192412e+00  2.45261420e+00  2.45025378e+00 -3.35174282e-05 
 4.21400000e-04  2.50047403e+00  3.78450390e+00  2.45519605e+00  2.45278944e+00 -3.34988550e-05 
 4.26400000e-04  2.50044614e+00  3.78712946e+00  2.45782337e+00  2.45537296e+00 -3.34799517e-05 
 4.31400000e-04  2.50041780e+00  3.78979818e+00  2.46049355e+00  2.45800178e+00 -3.34607372e-05 
 4.36400000e-04  2.50038906e+00  3.79250740e+00  2.46320391e+00  2.46067327e+00 -3.34412308e-05 
 4.41400000e-04  2.50035993e+00  3.79525441e+00  2.46595176e+00  2.46338477e+00 -3.34214518e-05 
 4.46400000e-04  2.50033045e+00  3.79803649e+00  2.46873436e+00  2.46613358e+00 -3.34014200e-05 
 4.51400000e-04  2.50030064e+00  3.80085087e+00  2.47154893e+00  2.46891696e+00 -3.33811555e-05 
 4.56400000e-04  2.50027053e+00  3.80369474e+00  2.47439269e+00  2.47173214e+00 -3.33606784e-05 
 4.61400000e-04  2.50024016e+00  3.80656528e+00  2.47726280e+00  2.47457631e+00 -3.33400092e-05 
 4.66400000e-04  2.50020955e+00  3.80945963e+00  2.48015641e+00  2.47744665e+00 -3.33191683e-05 
 4.71400000e-04  2.50017873e+00  3.81237491e+00  2.48307064e+00  2.48034031e+00 -3.32981766e-05 
 4.76400000e-04  2.50014774e+00  3.81530825e+00  2.48600261e+00  2.48325442e+00 -3.32770549e-05 
 4.81400000e-04  2.50011660e+00  3.81825671e+00  2.48894939e+00  2.48618607e+00 -3.32558242e-05 
 4.86400000e-04  2.50008535e+00  3.82121739e+00  2.49190808e+00  2.48913237e+00 -3.32345056e-05 
 4.91400000e-04  2.50005401e+00  3.82418734e+00  2.49487574e+00  2.49209038e+00 -3.32131201e-05 
 4.96400000e-04  2.50002262e+00  3.82716363e+00  2.49784943e+00  2.49505719e+00 -3.31916891e-05 
 5.01400000e-04  2.49999120e+00  3.83014331e+00  2.50082620e+00  2.49802984e+00 -3.31702337e-05 
 5.06400000e-04  2.49995980e+00  3.83312344e+00  2.50380312e+00  2.50100541e+00 -3.31487752e-05 
 5.11400000e-04  2.49992843e+00  3.83610106e+00  2.50677724e+00  2.50398094e+00 -3.31273347e-05 
 5.16400000e-04  2.49989714e+00  3.83907324e+00  2.50974562e+00  2.50695350e+00 -3.31059335e-05 
 5.21400000e-04  2.49986594e+00  3.84203705e+00  2.51270533e+00  2.50992015e+00 -3.30845926e-05 
 5.26400000e-04  2.49983488e+00  3.84498955e+00  2.51565346e+00  2.51287796e+00 -3.30633331e-05 
 5.31400000e-04  2.49980399e+00  3.84792785e+00  2.51858710e+00  2.51582402e+00 -3.30421760e-05 
 5.36400000e-04  2.49977328e+00  3.85084905e+00  2.52150336e+00  2.51875542e+00 -3.30211420e-05 
 5.41400000e-04  2.49974280e+00  3.85375027e+00  2.52439937e+00  2.52166927e+00 -3.30002519e-05 
 5.46400000e-04  2.49971257e+00  3.85662866e+00  2.52727229e+00  2.52456272e+00 -3.29795261e-05 
 5.51400000e-04  2.49968263e+00  3.85948139e+00  2.53011928e+00  2.52743290e+00 -3.29589851e-05 
 5.56400000e-04  2.49965300e+00  3.86230566e+00  2.53293755e+00  2.53027701e+00 -3.29386488e-05 
 5.61400000e-04  2.49962371e+00  3.86509870e+00  2.53572435e+00  2.53309224e+00 -3.29185373e-05 
 5.66400000e-04  2.49959479e+00  3.86785777e+00  2.53847692e+00  2.53587585e+00 -3.28986703e-05 
 5.71400000e-04  2.49956628e+00  3.87058017e+00  2.54119259e+00  2.53862509e+00 -3.28790671e-05 
 5.76400000e-04  2.49953819e+00  3.87326324e+00  2.54386869e+00  2.54133728e+00 -3.28597469e-05 
 5.81400000e-04  2.49951056e+00  3.87590435e+00  2.54650261e+00  2.54400976e+00 -3.28407285e-05 
 5.86400000e-04  2.49948341e+00  3.87850091e+00  2.54909176e+00  2.54663992e+00 -3.28220305e-05 
 5.91400000e-04  2.49945677e+00  3.88105039e+00  2.55163363e+00  2.54922518e+00 -3.28036711e-05 
 5.96400000e-04  2.49943066e+00  3.88355031e+00  2.55412572e+00  2.55176302e+00 -3.27856682e-05 
 6.01400000e-04  2.49940512e+00  3.88599823e+00  2.55656561e+00  2.55425097e+00 -3.27680392e-05 
 6.06400000e-04  2.49938017e+00  3.88839176e+00  2.55895093e+00  2.55668660e+00 -3.27508013e-05 
 6.11400000e-04  2.49935582e+00  3.89072857e+00  2.56127935e+00  2.55906753e+00 -3.27339711e-05 
 6.16400000e-04  2.49933212e+00  3.89300638e+00  2.56354860e+00  2.56139145e+00 -3.27175651e-05 
 6.21400000e-04  2.49930907e+00  3.89522299e+00  2.56575648e+00  2.56365609e+00 -3.27015990e-05 
 6.26400000e-04  2.49928670e+00  3.89737624e+00  2.56790084e+00  2.56585926e+00 -3.26860884e-05 
 6.31400000e-04  2.49926504e+00  3.89946404e+00  2.56997960e+00  2.56799882e+00 -3.26710482e-05 
 6.36400000e-04  2.49924410e+00  3.90148436e+00  2.57199075e+00  2.57007268e+00 -3.26564929e-05 
 6.41400000e-04  2.49922391e+00  3.90343525e+00  2.57393234e+00  2.57207884e+00 -3.26424366e-05 
 6.46400000e-04  2.49920448e+00  3.90531481e+00  2.57580247e+00  2.57401534e+00 -3.26288929e-05 
 6.51400000e-04  2.49918584e+00  3.90712122e+00  2.57759935e+00  2.57588032e+00 -3.26158747e-05 
 6.56400000e-04  2.49916801e+00  3.90885275e+00  2.57932124e+00  2.57767197e+00 -3.26033947e-05 
 6.61400000e-04  2.49915099e+00  3.91050770e+00  2.58096646e+00  2.57938856e+00 -3.25914648e-05 
 6.66400000e-04  2.49913481e+00  3.91208449e+00  2.58253344e+00  2.58102841e+00 -3.25800964e-05 
 6.71400000e-04  2.49911949e+00  3.91358159e+00  2.58402065e+00  2.58258996e+00 -3.25693006e-05 
 6.76400000e-04  2.49910503e+00  3.91499755e+00  2.58542666e+00  2.58407169e+00 -3.25590876e-05 
 6.81400000e-04  2.49909146e+00  3.91633102e+00  2.58675011e+00  2.58547217e+00 -3.25494672e-05 
 6.86400000e-04  2.49907879e+00  3.91758069e+00  2.58798973e+00  2.58679006e+00 -3.25404488e-05 
 6.91400000e-04  2.49906702e+00  3.91874538e+00  2.58914433e+00  2.58802407e+00 -3.25320409e-05 
 6.96400000e-04  2.49905618e+00  3.91982395e+00  2.59021278e+00  2.58917302e+00 -3.25242515e-05 
 7.01400000e-04  2.49904626e+00  3.92081536e+00  2.59119406e+00  2.59023580e+00 -3.25170882e-05 
 7.06400000e-04  2.49903729e+00  3.92171867e+00  2.59208723e+00  2.59121139e+00 -3.25105578e-05 
 7.11400000e-04  2.49902927e+00  3.92253300e+00  2.59289143e+00  2.59209885e+00 -3.25046665e-05 
 7.16400000e-04  2.49902220e+00  3.92325757e+00  2.59360587e+00  2.59289732e+00 -3.24994200e-05 
 7.21400000e-04  2.49901610e+00  3.92389168e+00  2.59422988e+00  2.59360604e+00 -3.24948232e-05 
 7.26400000e-04  2.49901097e+00  3.92443472e+00  2.59476286e+00  2.59422432e+00 -3.24908806e-05 
 7.31400000e-04  2.49900682e+00  3.92488618e+00  2.59520428e+00  2.59475158e+00 -3.24875960e-05 
 7.36400000e-04  2.49900365e+00  3.92524560e+00  2.59555373e+00  2.59518729e+00 -3.24849724e-05 
 7.41400000e-04  2.49900146e+00  3.92551266e+00  2.59581088e+00  2.59553105e+00 -3.24830125e-05 
 7.46400000e-04  2.49900026e+00  3.92568708e+00  2.59597546e+00  2.59578252e+00 -3.24817180e-05 
 7.51400000e-04  2.49900004e+00  3.92576871e+00  2.59604733e+00  2.59594146e+00 -3.24810902e-05 
 7.56400000e-04  2.49900081e+00  3.92575747e+00  2.59602642e+00  2.59600772e+00 -3.24811297e-05 
 7.61400000e-04  2.49900256e+00  3.92565336e+00  2.59591274e+00  2.59598123e+00 -3.24818365e-05 
 7.66400000e-04  2.49900530e+00  3.92545648e+00  2.59570640e+00  2.59586202e+00 -3.24832100e-05 
 7.71400000e-04  2.49900903e+00  3.92516703e+00  2.59540760e+00  2.59565020e+00 -3.24852487e-05 
 7.76400000e-04  2.49901373e+00  3.92478528e+00  2.59501663e+00  2.59534598e+00 -3.24879508e-05 
 7.81400000e-04  2.49901940e+00  3.92431159e+00  2.59453387e+00  2.59494964e+00 -3.24913138e-05 
 7.86400000e-04  2.49902604e+00  3.92374642e+00  2.59395976e+00  2.59446157e+00 -3.24953343e-05 
 7.91400000e-04  2.49903364e+00  3.92309032e+00  2.59329488e+00  2.59388223e+00 -3.25000086e-05 
 7.96400000e-04  2.49904220e+00  3.92234391e+00  2.59253984e+00  2.59321218e+00 -3.25053322e-05 
 8.01400000e-04  2.49905170e+00  3.92150791e+00  2.59169539e+00  2.59245207e+00 -3.25113001e-05 
 8.06400000e-04  2.49906214e+00  3.92058312e+00  2.59076233e+00  2.59160262e+00 -3.25179065e-05 
 8.11400000e-04  2.49907350e+00  3.91957044e+00  2.58974156e+00  2.59066465e+00 -3.25251452e-05 
 8.16400000e-04  2.49908577e+00  3.91847084e+00  2.58863407e+00  2.58963907e+00 -3.25330092e-05 
 8.21400000e-04  2.49909895e+00  3.91728537e+00  2.58744090e+00  2.58852686e+00 -3.25414910e-05 
 8.26400000e-04  2.49911302e+00  3.91601517e+00  2.58616323e+00  2.58732909e+00 -3.25505825e-05 
 8.31400000e-04  2.49912796e+00  3.91466148e+00  2.58480227e+00  2.58604691e+00 -3.25602750e-05 
 8.36400000e-04  2.49914377e+00  3.91322559e+00  2.58335934e+00  2.58468156e+00 -3.25705592e-05 
 8.41400000e-04  2.49916042e+00  3.91170889e+00  2.58183583e+00  2.58323435e+00 -3.25814253e-05 
 8.46400000e-04  2.49917790e+00  3.91011285e+00  2.58023320e+00  2.58170669e+00 -3.25928628e-05 
 8.51400000e-04  2.49919618e+00  3.90843899e+00  2.57855302e+00  2.58010004e+00 -3.26048608e-05 
 8.56400000e-04  2.49921527e+00  3.90668895e+00  2.57679689e+00  2.57841595e+00 -3.26174078e-05 
 8.61400000e-04  2.49923512e+00  3.90486441e+00  2.57496653e+00  2.57665606e+00 -3.26304916e-05 
 8.66400000e-04  2.49925574e+00  3.90296714e+00  2.57306369e+00  2.57482206e+00 -3.26440997e-05 
 8.71400000e-04  2.49927708e+00  3.90099897e+00  2.57109022e+00  2.57291574e+00 -3.26582190e-05 
 8.76400000e-04  2.49929914e+00  3.89896181e+00  2.56904803e+00  2.57093892e+00 -3.26728358e-05 
 8.81400000e-04  2.49932189e+00  3.89685764e+00  2.56693910e+00  2.56889353e+00 -3.26879362e-05 
 8.86400000e-04  2.49934531e+00  3.89468849e+00  2.56476547e+00  2.56678156e+00 -3.27035055e-05 
 8.91400000e-04  2.49936938e+00  3.89245647e+00  2.56252927e+00  2.56460504e+00 -3.27195286e-05 
 8.96400000e-04  2.49939407e+00  3.89016375e+00  2.56023265e+00  2.56236609e+00 -3.27359902e-05 
 9.01400000e-04  2.49941935e+00  3.88781255e+00  2.55787785e+00  2.56006689e+00 -3.27528741e-05 
 9.06400000e-04  2.49944521e+00  3.88540518e+00  2.55546716e+00  2.55770968e+00 -3.27701641e-05 
 9.11400000e-04  2.49947162e+00  3.88294395e+00  2.55300293e+00  2.55529674e+00 -3.27878434e-05 
 9.16400000e-04  2.49949855e+00  3.88043129e+00  2.55048755e+00  2.55283042e+00 -3.28058949e-05 
 9.21400000e-04  2.49952597e+00  3.87786963e+00  2.54792349e+00  2.55031313e+00 -3.28243009e-05 
 9.26400000e-04  2.49955386e+00  3.87526148e+00  2.54531324e+00  2.54774732e+00 -3.28430437e-05 
 9.31400000e-04  2.49958220e+00  3.87260938e+00  2.54265936e+00  2.54513550e+00 -3.28621049e-05 
 9.36400000e-04  2.49961094e+00  3.86991592e+00  2.53996442e+00  2.54248022e+00 -3.28814659e-05 
 9.41400000e-04  2.49964007e+00  3.86718374e+00  2.53723108e+00  2.53978406e+00 -3.29011079e-05 
 9.46400000e-04  2.49966955e+00  3.86441552e+00  2.53446201e+00  2.53704968e+00 -3.29210117e-05 
 9.51400000e-04  2.49969936e+00  3.86161396e+00  2.53165992e+00  2.53427974e+00 -3.29411578e-05 
 9.56400000e-04  2.49972947e+00  3.85878182e+00  2.52882755e+00  2.53147696e+00 -3.29615265e-05 
 9.61400000e-04  2.49975984e+00  3.85592186e+00  2.52596769e+00  2.52864408e+00 -3.29820979e-05 
 9.66400000e-04  2.49979045e+00  3.85303691e+00  2.52308314e+00  2.52578389e+00 -3.30028518e-05 
 9.71400000e-04  2.49982127e+00  3.85012978e+00  2.52017674e+00  2.52289920e+00 -3.30237679e-05 
 9.76400000e-04  2.49985226e+00  3.84720335e+00  2.51725134e+00  2.51999284e+00 -3.30448254e-05 
 9.81400000e-04  2.49988340e+00  3.84426049e+00  2.51430983e+00  2.51706766e+00 -3.30660039e-05 
 9.86400000e-04  2.49991465e+00  3.84130411e+00  2.51135510e+00  2.51412655e+00 -3.30872824e-05 
 9.91400000e-04  2.49994599e+00  3.83833710e+00  2.50839006e+00  2.51117241e+00 -3.31086400e-05 
 9.96400000e-04  2.49997738e+00  3.83536241e+00  2.50541764e+00  2.50820813e+00 -3.31300555e-05 
 1.00140000e-03  2.50000880e+00  3.83238296e+00  2.50244077e+00  2.50523666e+00 -3.31515080e-05 
 1.00640000e-03  2.50004020e+00  3.82940170e+00  2.49946240e+00  2.50226091e+00 -3.31729761e-05 
 1.01140000e-03  2.50007157e+00  3.82642158e+00  2.49648545e+00  2.49928384e+00 -3.31944387e-05 
 1.01640000e-03  2.50010286e+00  3.82344554e+00  2.49351289e+00  2.49630837e+00 -3.32158745e-05 
 1.02140000e-03  2.50013406e+00  3.82047653e+00  2.49054764e+00  2.49333747e+00 -3.32372623e-05 
 1.02640000e-03  2.50016512e+00  3.81751748e+00  2.48759265e+00  2.49037405e+00 -3.32585809e-05 
 1.03140000e-03  2.50019601e+00  3.81457134e+00  2.48465085e+00  2.48742107e+00 -3.32798092e-05 
 1.03640000e-03  2.50022672e+00  3.81164101e+00  2.48172515e+00  2.48448144e+00 -3.33009260e-05 
 1.04140000e-03  2.50025720e+00  3.80872942e+00  2.47881845e+00  2.48155807e+00 -3.33219105e-05 
 1.04640000e-03  2.50028743e+00  3.80583944e+00  2.47593363e+00  2.47865388e+00 -3.33427416e-05 
 1.05140000e-03  2.50031737e+00  3.80297395e+00  2.47307358e+00  2.47577175e+00 -3.33633988e-05 
 1.05640000e-03  2.50034700e+00  3.80013580e+00  2.47024112e+00  2.47291452e+00 -3.33838615e-05 
 1.06140000e-03  2.50037629e+00  3.79732780e+00  2.46743907e+00  2.47008506e+00 -3.34041092e-05 
 1.06640000e-03  2.50040521e+00  3.79455276e+00  2.46467022e+00  2.46728616e+00 -3.34241217e-05 
 1.07140000e-03  2.50043372e+00  3.79181343e+00  2.46193733e+00  2.46452061e+00 -3.34438792e-05 
 1.07640000e-03  2.50046181e+00  3.78911255e+00  2.45924311e+00  2.46179117e+00 -3.34633618e-05 
 1.08140000e-03  2.50048944e+00  3.78645280e+00  2.45659026e+00  2.45910056e+00 -3.34825502e-05 
 1.08640000e-03  2.50051659e+00  3.78383683e+00  2.45398141e+00  2.45645145e+00 -3.35014251e-05 
 1.09140000e-03  2.50054323e+00  3.78126725e+00  2.45141917e+00  2.45384648e+00 -3.35199676e-05 
 1.09640000e-03  2.50056934e+00  3.77874664e+00  2.44890610e+00  2.45128825e+00 -3.35381593e-05 
 1.10140000e-03  2.50059488e+00  3.77627749e+00  2.44644470e+00  2.44877933e+00 -3.35559819e-05 
 1.10640000e-03  2.50061983e+00  3.77386229e+00  2.44403742e+00  2.44632220e+00 -3.35734175e-05 
 1.11140000e-03  2.50064418e+00  3.77150343e+00  2.44168668e+00  2.44391932e+00 -3.35904487e-05 
 1.11640000e-03  2.50066788e+00  3.76920328e+00  2.43939483e+00  2.44157309e+00 -3.36070583e-05 
 1.12140000e-03  2.50069093e+00  3.76696414e+00  2.43716415e+00  2.43928587e+00 -3.36232298e-05 
 1.12640000e-03  2.50071330e+00  3.76478825e+00  2.43499687e+00  2.43705992e+00 -3.36389469e-05 
 1.13140000e-03  2.50073496e+00  3.76267777e+00  2.43289516e+00  2.43489749e+00 -3.36541939e-05 
 1.13640000e-03  2.50075590e+00  3.76063484e+00  2.43086113e+00  2.43280072e+00 -3.36689553e-05 
 1.14140000e-03  2.50077609e+00  3.75866148e+00  2.42889681e+00  2.43077173e+00 -3.36832164e-05 
 1.14640000e-03  2.50079552e+00  3.75675967e+00  2.42700417e+00  2.42881254e+00 -3.36969628e-05 
 1.15140000e-03  2.50081416e+00  3.75493132e+00  2.42518510e+00  2.42692511e+00 -3.37101808e-05 
 1.15640000e-03  2.50083199e+00  3.75317826e+00  2.42344143e+00  2.42511133e+00 -3.37228570e-05 
 1.16140000e-03  2.50084901e+00  3.75150225e+00  2.42177490e+00  2.42337302e+00 -3.37349786e-05 
 1.16640000e-03  2.50086519e+00  3.74990497e+00  2.42018717e+00  2.42171192e+00 -3.37465335e-05 
 1.17140000e-03  2.50088051e+00  3.74838801e+00  2.41867985e+00  2.42012969e+00 -3.37575101e-05 
 1.17640000e-03  2.50089497e+00  3.74695290e+00  2.41725445e+00  2.41862793e+00 -3.37678972e-05 
 1.18140000e-03  2.50090854e+00  3.74560108e+00  2.41591239e+00  2.41720813e+00 -3.37776845e-05 
 1.18640000e-03  2.50092121e+00  3.74433389e+00  2.41465501e+00  2.41587172e+00 -3.37868620e-05 
 1.19140000e-03  2.50093298e+00  3.74315262e+00  2.41348359e+00  2.41462004e+00 -3.37954206e-05 
 1.19640000e-03  2.50094382e+00  3.74205845e+00  2.41239929e+00  2.41345434e+00 -3.38033515e-05 
 1.20140000e-03  2.50095374e+00  3.74105248e+00  2.41140320e+00  2.41237580e+00 -3.38106469e-05 
 1.20640000e-03  2.50096271e+00  3.74013571e+00  2.41049632e+00  2.41138550e+00 -3.38172993e-05 
 1.21140000e-03  2.50097073e+00  3.73930906e+00  2.40967957e+00  2.41048442e+00 -3.38233020e-05 
 1.21640000e-03  2.50097780e+00  3.73857337e+00  2.40895376e+00  2.40967348e+00 -3.38286490e-05 
 1.22140000e-03  2.50098390e+00  3.73792937e+00  2.40831961e+00  2.40895348e+00 -3.38333350e-05 
 1.22640000e-03  2.50098903e+00  3.73737770e+00  2.40777777e+00  2.40832516e+00 -3.38373551e-05 
 1.23140000e-03  2.50099318e+00  3.73691893e+00  2.40732878e+00  2.40778913e+00 -3.38407053e-05 
 1.23640000e-03  2.50099635e+00  3.73655351e+00  2.40697309e+00  2.40734594e+00 -3.38433823e-05 
 1.24140000e-03  2.50099854e+00  3.73628181e+00  2.40671106e+00  2.40699603e+00 -3.38453834e-05 
 1.24640000e-03  2.50099974e+00  3.73610410e+00  2.40654294e+00  2.40673976e+00 -3.38467065e-05 
 1.25140000e-03  2.50099996e+00  3.73602056e+00  2.40646891e+00  2.40657737e+00 -3.38473503e-05 
 1.25640000e-03  2.50099919e+00  3.73603127e+00  2.40648904e+00  2.40650904e+00 -3.38473142e-05 
 1.26140000e-03  2.50099744e+00  3.73613622e+00  2.40660331e+00  2.40653483e+00 -3.38465981e-05 
 1.26640000e-03  2.50099470e+00  3.73633530e+00  2.40681160e+00  2.40665471e+00 -3.38452030e-05 
 1.27140000e-03  2.50099097e+00  3.73662832e+00  2.40711371e+00  2.40686856e+00 -3.38431301e-05 
 1.27640000e-03  2.50098627e+00  3.73701498e+00  2.40750933e+00  2.40717617e+00 -3.38403815e-05 
 1.28140000e-03  2.50098060e+00  3.73749489e+00  2.40799806e+00  2.40757723e+00 -3.38369601e-05 
 1.28640000e-03  2.50097396e+00  3.73806757e+00  2.40857942e+00  2.40807133e+00 -3.38328692e-05 
 1.29140000e-03  2.50096636e+00  3.73873243e+00  2.40925281e+00  2.40865798e+00 -3.38281131e-05 
 1.29640000e-03  2.50095780e+00  3.73948882e+00  2.41001755e+00  2.40933659e+00 -3.38226966e-05 
 1.30140000e-03  2.50094830e+00  3.74033598e+00  2.41087290e+00  2.41010648e+00 -3.38166250e-05 
 1.30640000e-03  2.50093786e+00  3.74127305e+00  2.41181797e+00  2.41096686e+00 -3.38099046e-05 
 1.31140000e-03  2.50092650e+00  3.74229909e+00  2.41285182e+00  2.41191689e+00 -3.38025421e-05 
 1.31640000e-03  2.50091423e+00  3.74341307e+00  2.41397342e+00  2.41295559e+00 -3.37945450e-05 
 1.32140000e-03  2.50090105e+00  3.74461387e+00  2.41518164e+00  2.41408194e+00 -3.37859213e-05 
 1.32640000e-03  2.50088698e+00  3.74590029e+00  2.41647526e+00  2.41529480e+00 -3.37766797e-05 
 1.33140000e-03  2.50087204e+00  3.74727103e+00  2.41785299e+00  2.41659294e+00 -3.37668296e-05 
 1.33640000e-03  2.50085623e+00  3.74872473e+00  2.41931345e+00  2.41797508e+00 -3.37563808e-05 
 1.34140000e-03  2.50083958e+00  3.75025991e+00  2.42085516e+00  2.41943982e+00 -3.37453440e-05 
 1.34640000e-03  2.50082210e+00  3.75187505e+00  2.42247659e+00  2.42098569e+00 -3.37337302e-05 
 1.35140000e-03  2.50080382e+00  3.75356852e+00  2.42417610e+00  2.42261114e+00 -3.37215511e-05 
 1.35640000e-03  2.50078473e+00  3.75533862e+00  2.42595199e+00  2.42431455e+00 -3.37088190e-05 
 1.36140000e-03  2.50076488e+00  3.75718359e+00  2.42780249e+00  2.42609420e+00 -3.36955468e-05 
 1.36640000e-03  2.50074426e+00  3.75910156e+00  2.42972573e+00  2.42794830e+00 -3.36817477e-05 
 1.37140000e-03  2.50072292e+00  3.76109063e+00  2.43171980e+00  2.42987501e+00 -3.36674357e-05 
 1.37640000e-03  2.50070086e+00  3.76314879e+00  2.43378269e+00  2.43187240e+00 -3.36526251e-05 
 1.38140000e-03  2.50067811e+00  3.76527399e+00  2.43591234e+00  2.43393845e+00 -3.36373309e-05 
 1.38640000e-03  2.50065469e+00  3.76746410e+00  2.43810661e+00  2.43607111e+00 -3.36215684e-05 
 1.39140000e-03  2.50063062e+00  3.76971693e+00  2.44036332e+00  2.43826823e+00 -3.36053534e-05 
 1.39640000e-03  2.50060593e+00  3.77203022e+00  2.44268020e+00  2.44052763e+00 -3.35887022e-05 
 1.40140000e-03  2.50058065e+00  3.77440167e+00  2.44505494e+00  2.44284703e+00 -3.35716316e-05 
 1.40640000e-03  2.50055479e+00  3.77682889e+00  2.44748517e+00  2.44522413e+00 -3.35541586e-05 
 1.41140000e-03  2.50052838e+00  3.77930948e+00  2.44996845e+00  2.44765655e+00 -3.35363007e-05 
 1.41640000e-03  2.50050145e+00  3.78184095e+00  2.45250230e+00  2.45014184e+00 -3.35180759e-05 
 1.42140000e-03  2.50047403e+00  3.78442076e+00  2.45508421e+00  2.45267755e+00 -3.34995024e-05 
 1.42640000e-03  2.50044614e+00  3.78704636e+00  2.45771158e+00  2.45526112e+00 -3.34805988e-05 
 1.43140000e-03  2.50041780e+00  3.78971512e+00  2.46038181e+00  2.45788999e+00 -3.34613840e-05 
 1.43640000e-03  2.50038906e+00  3.79242438e+00  2.46309222e+00  2.46056153e+00 -3.34418772e-05 
 1.44140000e-03  2.50035993e+00  3.79517143e+00  2.46584012e+00  2.46327309e+00 -3.34220979e-05 
 1.44640000e-03  2.50033045e+00  3.79795356e+00  2.46862277e+00  2.46602194e+00 -3.34020658e-05 
 1.45140000e-03  2.50030064e+00  3.80076797e+00  2.47143740e+00  2.46880537e+00 -3.33818010e-05 
 1.45640000e-03  2.50027053e+00  3.80361188e+00  2.47428121e+00  2.47162060e+00 -3.33613235e-05 
 1.46140000e-03  2.50024016e+00  3.80648246e+00  2.47715137e+00  2.47446483e+00 -3.33406539e-05 
 1.46640000e-03  2.50020955e+00  3.80937685e+00  2.48004503e+00  2.47733522e+00 -3.33198127e-05 
 1.47140000e-03  2.50017873e+00  3.81229218e+00  2.48295931e+00  2.48022894e+00 -3.32988207e-05 
 1.47640000e-03  2.50014774e+00  3.81522555e+00  2.48589133e+00  2.48314309e+00 -3.32776986e-05 
 1.48140000e-03  2.50011660e+00  3.81817406e+00  2.48883817e+00  2.48607480e+00 -3.32564676e-05 
 1.48640000e-03  2.50008535e+00  3.82113478e+00  2.49179691e+00  2.48902115e+00 -3.32351486e-05 
 1.49140000e-03  2.50005401e+00  3.82410478e+00  2.49476462e+00  2.49197921e+00 -3.32137628e-05 
 1.49640000e-03  2.50002262e+00  3.82708111e+00  2.49773836e+00  2.49494607e+00 -3.31923314e-05 
 1.50140000e-03  2.49999120e+00  3.83006083e+00  2.50071519e+00  2.49791878e+00 -3.31708757e-05 
 1.50640000e-03  2.49995980e+00  3.83304100e+00  2.50369216e+00  2.50089440e+00 -3.31494168e-05 
 1.51140000e-03  2.49992843e+00  3.83601866e+00  2.50666633e+00  2.50386999e+00 -3.31279760e-05 
 1.51640000e-03  2.49989714e+00  3.83899089e+00  2.50963477e+00  2.50684260e+00 -3.31065744e-05 
 1.52140000e-03  2.49986594e+00  3.84195473e+00  2.51259454e+00  2.50980930e+00 -3.30852331e-05 
 1.52640000e-03  2.49983488e+00  3.84490728e+00  2.51554272e+00  2.51276717e+00 -3.30639733e-05 
 1.53140000e-03  2.49980399e+00  3.84784562e+00  2.51847641e+00  2.51571328e+00 -3.30428158e-05 
 1.53640000e-03  2.49977328e+00  3.85076686e+00  2.52139273e+00  2.51864473e+00 -3.30217815e-05 
 1.54140000e-03  2.49974280e+00  3.85366812e+00  2.52428879e+00  2.52155864e+00 -3.30008910e-05 
 1.54640000e-03  2.49971257e+00  3.85654655e+00  2.52716176e+00  2.52445213e+00 -3.29801649e-05 
 1.55140000e-03  2.49968263e+00  3.85939933e+00  2.53000880e+00  2.52732237e+00 -3.29596234e-05 
 1.55640000e-03  2.49965300e+00  3.86222364e+00  2.53282713e+00  2.53016653e+00 -3.29392868e-05 
 1.56140000e-03  2.49962371e+00  3.86501673e+00  2.53561397e+00  2.53298182e+00 -3.29191750e-05 
 1.56640000e-03  2.49959479e+00  3.86777584e+00  2.53836661e+00  2.53576548e+00 -3.28993076e-05 
 1.57140000e-03  2.49956628e+00  3.87049828e+00  2.54108233e+00  2.53851478e+00 -3.28797040e-05 
 1.57640000e-03  2.49953819e+00  3.87318139e+00  2.54375848e+00  2.54122702e+00 -3.28603834e-05 
 1.58140000e-03  2.49951056e+00  3.87582254e+00  2.54639245e+00  2.54389955e+00 -3.28413647e-05 
 1.58640000e-03  2.49948341e+00  3.87841914e+00  2.54898165e+00  2.54652976e+00 -3.28226664e-05 
 1.59140000e-03  2.49945677e+00  3.88096867e+00  2.55152357e+00  2.54911507e+00 -3.28043067e-05 
 1.59640000e-03  2.49943066e+00  3.88346863e+00  2.55401571e+00  2.55165297e+00 -3.27863034e-05 
 1.60140000e-03  2.49940512e+00  3.88591659e+00  2.55645566e+00  2.55414097e+00 -3.27686741e-05 
 1.60640000e-03  2.49938017e+00  3.88831015e+00  2.55884103e+00  2.55657665e+00 -3.27514358e-05 
 1.61140000e-03  2.49935582e+00  3.89064700e+00  2.56116949e+00  2.55895763e+00 -3.27346053e-05 
 1.61640000e-03  2.49933212e+00  3.89292486e+00  2.56343879e+00  2.56128160e+00 -3.27181990e-05 
 1.62140000e-03  2.49930907e+00  3.89514150e+00  2.56564672e+00  2.56354629e+00 -3.27022326e-05 
 1.62640000e-03  2.49928670e+00  3.89729479e+00  2.56779114e+00  2.56574951e+00 -3.26867216e-05 
 1.63140000e-03  2.49926504e+00  3.89938263e+00  2.56986995e+00  2.56788912e+00 -3.26716811e-05 
 1.63640000e-03  2.49924410e+00  3.90140299e+00  2.57188115e+00  2.56996303e+00 -3.26571255e-05 
 1.64140000e-03  2.49922391e+00  3.90335391e+00  2.57382278e+00  2.57196923e+00 -3.26430689e-05 
 1.64640000e-03  2.49920448e+00  3.90523351e+00  2.57569296e+00  2.57390579e+00 -3.26295249e-05 
 1.65140000e-03  2.49918584e+00  3.90703996e+00  2.57748989e+00  2.57577081e+00 -3.26165064e-05 
 1.65640000e-03  2.49916801e+00  3.90877152e+00  2.57921182e+00  2.57756251e+00 -3.26040261e-05 
 1.66140000e-03  2.49915099e+00  3.91042651e+00  2.58085709e+00  2.57927914e+00 -3.25920958e-05 
 1.66640000e-03  2.49913481e+00  3.91200333e+00  2.58242411e+00  2.58091904e+00 -3.25807272e-05 
 1.67140000e-03  2.49911949e+00  3.91350046e+00  2.58391137e+00  2.58248064e+00 -3.25699311e-05 
 1.67640000e-03  2.49910503e+00  3.91491646e+00  2.58531742e+00  2.58396241e+00 -3.25597178e-05 
 1.68140000e-03  2.49909146e+00  3.91624996e+00  2.58664092e+00  2.58536294e+00 -3.25500972e-05 
 1.68640000e-03  2.49907879e+00  3.91749966e+00  2.58788058e+00  2.58668086e+00 -3.25410785e-05 
 1.69140000e-03  2.49906702e+00  3.91866438e+00  2.58903521e+00  2.58791491e+00 -3.25326704e-05 
 1.69640000e-03  2.49905618e+00  3.91974298e+00  2.59010371e+00  2.58906391e+00 -3.25248808e-05 
 1.70140000e-03  2.49904626e+00  3.92073442e+00  2.59108503e+00  2.59012673e+00 -3.25177172e-05 
 1.70640000e-03  2.49903729e+00  3.92163776e+00  2.59197824e+00  2.59110236e+00 -3.25111865e-05 
 1.71140000e-03  2.49902927e+00  3.92245212e+00  2.59278247e+00  2.59198986e+00 -3.25052950e-05 
 1.71640000e-03  2.49902220e+00  3.92317672e+00  2.59349696e+00  2.59278837e+00 -3.25000482e-05 
 1.72140000e-03  2.49901610e+00  3.92381085e+00  2.59412101e+00  2.59349713e+00 -3.24954513e-05 
 1.72640000e-03  2.49901097e+00  3.92435392e+00  2.59465402e+00  2.59411545e+00 -3.24915085e-05 
 1.73140000e-03  2.49900682e+00  3.92480540e+00  2.59509548e+00  2.59464274e+00 -3.24882236e-05 
 1.73640000e-03  2.49900365e+00  3.92516485e+00  2.59544497e+00  2.59507849e+00 -3.24855999e-05 
 1.74140000e-03  2.49900146e+00  3.92543193e+00  2.59570214e+00  2.59542229e+00 -3.24836397e-05 
 1.74640000e-03  2.49900026e+00  3.92560638e+00  2.59586676e+00  2.59567379e+00 -3.24823451e-05 
 1.75140000e-03  2.49900004e+00  3.92568803e+00  2.59593867e+00  2.59583277e+00 -3.24817171e-05 
 1.75640000e-03  2.49900081e+00  3.92567681e+00  2.59591779e+00  2.59589906e+00 -3.24817565e-05 
 1.76140000e-03  2.49900256e+00  3.92557272e+00  2.59580414e+00  2.59587260e+00 -3.24824631e-05 
 1.76640000e-03  2.49900530e+00  3.92537586e+00  2.59559783e+00  2.59575342e+00 -3.24838364e-05 
 1.77140000e-03  2.49900903e+00  3.92508643e+00  2.59529906e+00  2.59554163e+00 -3.24858750e-05 
 1.77640000e-03  2.49901373e+00  3.92470469e+00  2.59490812e+00  2.59523744e+00 -3.24885770e-05 
 1.78140000e-03  2.49901940e+00  3.92423102e+00  2.59442538e+00  2.59484113e+00 -3.24919398e-05 
 1.78640000e-03  2.49902604e+00  3.92366587e+00  2.59385131e+00  2.59435308e+00 -3.24959602e-05 
 1.79140000e-03  2.49903364e+00  3.92300979e+00  2.59318645e+00  2.59377377e+00 -3.25006344e-05 
 1.79640000e-03  2.49904220e+00  3.92226339e+00  2.59243144e+00  2.59310375e+00 -3.25059579e-05 
 1.80140000e-03  2.49905170e+00  3.92142741e+00  2.59158702e+00  2.59234367e+00 -3.25119256e-05 
 1.80640000e-03  2.49906214e+00  3.92050264e+00  2.59065398e+00  2.59149424e+00 -3.25185319e-05 
 1.81140000e-03  2.49907350e+00  3.91948997e+00  2.58963324e+00  2.59055630e+00 -3.25257705e-05 
 1.81640000e-03  2.49908577e+00  3.91839037e+00  2.58852576e+00  2.58953074e+00 -3.25336344e-05 
 1.82140000e-03  2.49909895e+00  3.91720492e+00  2.58733262e+00  2.58841855e+00 -3.25421161e-05 
 1.82640000e-03  2.49911302e+00  3.91593473e+00  2.58605497e+00  2.58722080e+00 -3.25512076e-05 
 1.83140000e-03  2.49912796e+00  3.91458105e+00  2.58469403e+00  2.58593865e+00 -3.25609000e-05 
 1.83640000e-03  2.49914377e+00  3.91314517e+00  2.58325112e+00  2.58457332e+00 -3.25711841e-05 
 1.84140000e-03  2.49916042e+00  3.91162848e+00  2.58172763e+00  2.58312614e+00 -3.25820502e-05 
 1.84640000e-03  2.49917790e+00  3.91003245e+00  2.58012503e+00  2.58159849e+00 -3.25934876e-05 
 1.85140000e-03  2.49919618e+00  3.90835860e+00  2.57844486e+00  2.57999186e+00 -3.26054855e-05 
 1.85640000e-03  2.49921527e+00  3.90660857e+00  2.57668875e+00  2.57830780e+00 -3.26180324e-05 
 1.86140000e-03  2.49923512e+00  3.90478404e+00  2.57485840e+00  2.57654792e+00 -3.26311162e-05 
 1.86640000e-03  2.49925574e+00  3.90288677e+00  2.57295558e+00  2.57471394e+00 -3.26447243e-05 
 1.87140000e-03  2.49927708e+00  3.90091861e+00  2.57098213e+00  2.57280763e+00 -3.26588435e-05 
 1.87640000e-03  2.49929914e+00  3.89888146e+00  2.56893996e+00  2.57083083e+00 -3.26734604e-05 
 1.88140000e-03  2.49932189e+00  3.89677729e+00  2.56683104e+00  2.56878546e+00 -3.26885607e-05 
 1.88640000e-03  2.49934531e+00  3.89460814e+00  2.56465744e+00  2.56667350e+00 -3.27041300e-05 
 1.89140000e-03  2.49936938e+00  3.89237613e+00  2.56242125e+00  2.56449700e+00 -3.27201531e-05 
 1.89640000e-03  2.49939407e+00  3.89008341e+00  2.56012464e+00  2.56225807e+00 -3.27366146e-05 
 1.90140000e-03  2.49941935e+00  3.88773222e+00  2.55776986e+00  2.55995889e+00 -3.27534985e-05 
 1.90640000e-03  2.49944521e+00  3.88532484e+00  2.55535918e+00  2.55760169e+00 -3.27707885e-05 
 1.91140000e-03  2.49947162e+00  3.88286363e+00  2.55289496e+00  2.55518876e+00 -3.27884678e-05 
 1.91640000e-03  2.49949855e+00  3.88035097e+00  2.55037960e+00  2.55272246e+00 -3.28065193e-05 
 1.92140000e-03  2.49952597e+00  3.87778931e+00  2.54781556e+00  2.55020518e+00 -3.28249253e-05 
 1.92640000e-03  2.49955386e+00  3.87518116e+00  2.54520532e+00  2.54763939e+00 -3.28436681e-05 
 1.93140000e-03  2.49958220e+00  3.87252906e+00  2.54255145e+00  2.54502758e+00 -3.28627292e-05 
 1.93640000e-03  2.49961094e+00  3.86983561e+00  2.53985653e+00  2.54237231e+00 -3.28820903e-05 
 1.94140000e-03  2.49964007e+00  3.86710343e+00  2.53712320e+00  2.53967616e+00 -3.29017323e-05 
 1.94640000e-03  2.49966955e+00  3.86433521e+00  2.53435414e+00  2.53694179e+00 -3.29216361e-05 
 1.95140000e-03  2.49969936e+00  3.86153365e+00  2.53155206e+00  2.53417187e+00 -3.29417822e-05 
 1.95640000e-03  2.49972947e+00  3.85870151e+00  2.52871970e+00  2.53136910e+00 -3.29621510e-05 
 1.96140000e-03  2.49975984e+00  3.85584156e+00  2.52585985e+00  2.52853624e+00 -3.29827224e-05 
 1.96640000e-03  2.49979045e+00  3.85295660e+00  2.52297531e+00  2.52567606e+00 -3.30034763e-05 
 1.97140000e-03  2.49982127e+00  3.85004948e+00  2.52006893e+00  2.52279138e+00 -3.30243923e-05 
 1.97640000e-03  2.49985226e+00  3.84712305e+00  2.51714354e+00  2.51988503e+00 -3.30454499e-05 
 1.98140000e-03  2.49988340e+00  3.84418019e+00  2.51420204e+00  2.51695986e+00 -3.30666284e-05 
 1.98640000e-03  2.49991465e+00  3.84122381e+00  2.51124733e+00  2.51401877e+00 -3.30879069e-05 
 1.99140000e-03  2.49994599e+00  3.83825681e+00  2.50828230e+00  2.51106463e+00 -3.31092644e-05 
 1.99640000e-03  2.49997738e+00  3.83528211e+00  2.50530989e+00  2.50810037e+00 -3.31306800e-05 
 2.00140000e-03  2.50000880e+00  3.83230267e+00  2.50233304e+00  2.50512891e+00 -3.31521325e-05 
 2.00640000e-03  2.50004020e+00  3.82932141e+00  2.49935467e+00  2.50215318e+00 -3.31736006e-05 
 2.01140000e-03  2.50007157e+00  3.82634129e+00  2.49637774e+00  2.49917611e+00 -3.31950632e-05 
 2.01640000e-03  2.50010286e+00  3.82336525e+00  2.49340519e+00  2.49620066e+00 -3.32164990e-05 
 2.02140000e-03  2.50013406e+00  3.82039624e+00  2.49043996e+00  2.49322977e+00 -3.32378868e-05 
 2.02640000e-03  2.50016512e+00  3.81743720e+00  2.48748498e+00  2.49026637e+00 -3.32592054e-05 
 2.03140000e-03  2.50019601e+00  3.81449106e+00  2.48454319e+00  2.48731339e+00 -3.32804337e-05 
 2.03640000e-03  2.50022672e+00  3.81156073e+00  2.48161750e+00  2.48437378e+00 -3.33015505e-05 
 2.04140000e-03  2.50025720e+00  3.80864914e+00  2.47871082e+00  2.48145043e+00 -3.33225350e-05 
 2.04640000e-03  2.50028743e+00  3.80575917e+00  2.47582602e+00  2.47854625e+00 -3.33433661e-05 
 2.05140000e-03  2.50031737e+00  3.80289368e+00  2.47296598e+00  2.47566413e+00 -3.33640233e-05 
 2.05640000e-03  2.50034700e+00  3.80005553e+00  2.47013353e+00  2.47280692e+00 -3.33844859e-05 
 2.06140000e-03  2.50037629e+00  3.79724754e+00  2.46733150e+00  2.46997747e+00 -3.34047336e-05 
 2.06640000e-03  2.50040521e+00  3.79447251e+00  2.46456266e+00  2.46717859e+00 -3.34247461e-05 
 2.07140000e-03  2.50043372e+00  3.79173318e+00  2.46182979e+00  2.46441306e+00 -3.34445036e-05 
 2.07640000e-03  2.50046181e+00  3.78903230e+00  2.45913559e+00  2.46168363e+00 -3.34639862e-05 
 2.08140000e-03  2.50048944e+00  3.78637256e+00  2.45648275e+00  2.45899303e+00 -3.34831745e-05 
 2.08640000e-03  2.50051659e+00  3.78375660e+00  2.45387392e+00  2.45634394e+00 -3.35020494e-05 
 2.09140000e-03  2.50054323e+00  3.78118703e+00  2.45131170e+00  2.45373899e+00 -3.35205919e-05 
 2.09640000e-03  2.50056934e+00  3.77866642e+00  2.44879864e+00  2.45118078e+00 -3.35387836e-05 
 2.10140000e-03  2.50059488e+00  3.77619728e+00  2.44633726e+00  2.44867187e+00 -3.35566061e-05 
 2.10640000e-03  2.50061983e+00  3.77378208e+00  2.44393000e+00  2.44621476e+00 -3.35740417e-05 
 2.11140000e-03  2.50064418e+00  3.77142323e+00  2.44157928e+00  2.44381190e+00 -3.35910728e-05 
 2.11640000e-03  2.50066788e+00  3.76912309e+00  2.43928744e+00  2.44146569e+00 -3.36076824e-05 
 2.12140000e-03  2.50069093e+00  3.76688396e+00  2.43705678e+00  2.43917848e+00 -3.36238539e-05 
 2.12640000e-03  2.50071330e+00  3.76470808e+00  2.43488952e+00  2.43695256e+00 -3.36395709e-05 
 2.13140000e-03  2.50073496e+00  3.76259761e+00  2.43278784e+00  2.43479014e+00 -3.36548178e-05 
 2.13640000e-03  2.50075590e+00  3.76055468e+00  2.43075383e+00  2.43269340e+00 -3.36695791e-05 
 2.14140000e-03  2.50077609e+00  3.75858133e+00  2.42878953e+00  2.43066443e+00 -3.36838401e-05 
 2.14640000e-03  2.50079552e+00  3.75667954e+00  2.42689691e+00  2.42870526e+00 -3.36975865e-05 
 2.15140000e-03  2.50081416e+00  3.75485120e+00  2.42507786e+00  2.42681785e+00 -3.37108044e-05 
 2.15640000e-03  2.50083199e+00  3.75309816e+00  2.42333421e+00  2.42500409e+00 -3.37234805e-05 
 2.16140000e-03  2.50084901e+00  3.75142216e+00  2.42166770e+00  2.42326580e+00 -3.37356021e-05 
 2.16640000e-03  2.50086519e+00  3.74982489e+00  2.42008000e+00  2.42160472e+00 -3.37471569e-05 
 2.17140000e-03  2.50088051e+00  3.74830794e+00  2.41857271e+00  2.42002252e+00 -3.37581333e-05 
 2.17640000e-03  2.50089497e+00  3.74687284e+00  2.41714732e+00  2.41852078e+00 -3.37685204e-05 
 2.18140000e-03  2.50090854e+00  3.74552103e+00  2.41580529e+00  2.41710101e+00 -3.37783075e-05 
 2.18640000e-03  2.50092121e+00  3.74425387e+00  2.41454794e+00  2.41576462e+00 -3.37874850e-05 
 2.19140000e-03  2.50093298e+00  3.74307261e+00  2.41337654e+00  2.41451297e+00 -3.37960434e-05 
 2.19640000e-03  2.50094382e+00  3.74197846e+00  2.41229226e+00  2.41334730e+00 -3.38039742e-05 
 2.20140000e-03  2.50095374e+00  3.74097250e+00  2.41129620e+00  2.41226878e+00 -3.38112694e-05 
 2.20640000e-03  2.50096271e+00  3.74005574e+00  2.41038936e+00  2.41127850e+00 -3.38179217e-05 
 2.21140000e-03  2.50097073e+00  3.73922911e+00  2.40957263e+00  2.41037745e+00 -3.38239243e-05 
 2.21640000e-03  2.50097780e+00  3.73849344e+00  2.40884684e+00  2.40956654e+00 -3.38292712e-05 
 2.22140000e-03  2.50098390e+00  3.73784945e+00  2.40821273e+00  2.40884657e+00 -3.38339570e-05 
 2.22640000e-03  2.50098903e+00  3.73729781e+00  2.40767092e+00  2.40821827e+00 -3.38379770e-05 
 2.23140000e-03  2.50099318e+00  3.73683906e+00  2.40722196e+00  2.40768228e+00 -3.38413271e-05 
 2.23640000e-03  2.50099635e+00  3.73647366e+00  2.40686630e+00  2.40723912e+00 -3.38440039e-05 
 2.24140000e-03  2.50099854e+00  3.73620198e+00  2.40660429e+00  2.40688924e+00 -3.38460048e-05 
 2.24640000e-03  2.50099974e+00  3.73602429e+00  2.40643621e+00  2.40663300e+00 -3.38473277e-05 
 2.25140000e-03  2.50099996e+00  3.73594077e+00  2.40636221e+00  2.40647064e+00 -3.38479714e-05 
 2.25640000e-03  2.50099919e+00  3.73595150e+00  2.40638237e+00  2.40640234e+00 -3.38479351e-05 
 2.26140000e-03  2.50099744e+00  3.73605647e+00  2.40649667e+00  2.40642816e+00 -3.38472189e-05 
 2.26640000e-03  2.50099470e+00  3.73625558e+00  2.40670500e+00  2.40654808e+00 -3.38458235e-05 
 2.27140000e-03  2.50099097e+00  3.73654862e+00  2.40700714e+00  2.40676196e+00 -3.38437504e-05 
 2.27640000e-03  2.50098627e+00  3.73693530e+00  2.40740280e+00  2.40706961e+00 -3.38410017e-05 
 2.28140000e-03  2.50098060e+00  3.73741523e+00  2.40789156e+00  2.40747070e+00 -3.38375801e-05 
 2.28640000e-03  2.50097396e+00  3.73798793e+00  2.40847295e+00  2.40796484e+00 -3.38334890e-05 
 2.29140000e-03  2.50096636e+00  3.73865283e+00  2.40914638e+00  2.40855152e+00 -3.38287327e-05 
 2.29640000e-03  2.50095780e+00  3.73940924e+00  2.40991116e+00  2.40923017e+00 -3.38233160e-05 
 2.30140000e-03  2.50094830e+00  3.74025643e+00  2.41076654e+00  2.41000009e+00 -3.38172442e-05 
 2.30640000e-03  2.50093786e+00  3.74119352e+00  2.41171165e+00  2.41086051e+00 -3.38105236e-05 
 2.31140000e-03  2.50092650e+00  3.74221959e+00  2.41274554e+00  2.41181057e+00 -3.38031608e-05 
 2.31640000e-03  2.50091423e+00  3.74333359e+00  2.41386718e+00  2.41284931e+00 -3.37951635e-05 
 2.32140000e-03  2.50090105e+00  3.74453442e+00  2.41507544e+00  2.41397570e+00 -3.37865395e-05 
 2.32640000e-03  2.50088698e+00  3.74582087e+00  2.41636910e+00  2.41518859e+00 -3.37772977e-05 
 2.33140000e-03  2.50087204e+00  3.74719164e+00  2.41774687e+00  2.41648678e+00 -3.37674474e-05 
 2.33640000e-03  2.50085623e+00  3.74864537e+00  2.41920736e+00  2.41786896e+00 -3.37569984e-05 
 2.34140000e-03  2.50083958e+00  3.75018058e+00  2.42074912e+00  2.41933374e+00 -3.37459613e-05 
 2.34640000e-03  2.50082210e+00  3.75179575e+00  2.42237058e+00  2.42087965e+00 -3.37343472e-05 
 2.35140000e-03  2.50080382e+00  3.75348925e+00  2.42407014e+00  2.42250514e+00 -3.37221679e-05 
 2.35640000e-03  2.50078473e+00  3.75525939e+00  2.42584607e+00  2.42420859e+00 -3.37094356e-05 
 2.36140000e-03  2.50076488e+00  3.75710438e+00  2.42769661e+00  2.42598828e+00 -3.36961630e-05 
 2.36640000e-03  2.50074426e+00  3.75902239e+00  2.42961990e+00  2.42784243e+00 -3.36823637e-05 
 2.37140000e-03  2.50072292e+00  3.76101149e+00  2.43161401e+00  2.42976918e+00 -3.36680514e-05 
 2.37640000e-03  2.50070086e+00  3.76306968e+00  2.43367694e+00  2.43176661e+00 -3.36532406e-05 
 2.38140000e-03  2.50067811e+00  3.76519492e+00  2.43580663e+00  2.43383270e+00 -3.36379461e-05 
 2.38640000e-03  2.50065469e+00  3.76738506e+00  2.43800095e+00  2.43596540e+00 -3.36221833e-05 
 2.39140000e-03  2.50063062e+00  3.76963792e+00  2.44025771e+00  2.43816257e+00 -3.36059680e-05 
 2.39640000e-03  2.50060593e+00  3.77195125e+00  2.44257463e+00  2.44042201e+00 -3.35893165e-05 
 2.40140000e-03  2.50058065e+00  3.77432273e+00  2.44494942e+00  2.44274147e+00 -3.35722456e-05 
 2.40640000e-03  2.50055479e+00  3.77674999e+00  2.44737969e+00  2.44511861e+00 -3.35547723e-05 
 2.41140000e-03  2.50052838e+00  3.77923062e+00  2.44986301e+00  2.44755107e+00 -3.35369142e-05 
 2.41640000e-03  2.50050145e+00  3.78176212e+00  2.45239692e+00  2.45003641e+00 -3.35186891e-05 
 2.42140000e-03  2.50047403e+00  3.78434197e+00  2.45497887e+00  2.45257216e+00 -3.35001153e-05 
 2.42640000e-03  2.50044614e+00  3.78696761e+00  2.45760629e+00  2.45515579e+00 -3.34812113e-05 
 2.43140000e-03  2.50041780e+00  3.78963640e+00  2.46027656e+00  2.45778470e+00 -3.34619962e-05 
 2.43640000e-03  2.50038906e+00  3.79234570e+00  2.46298702e+00  2.46045629e+00 -3.34424891e-05 
 2.44140000e-03  2.50035993e+00  3.79509279e+00  2.46573497e+00  2.46316789e+00 -3.34227095e-05 
 2.44640000e-03  2.50033045e+00  3.79787495e+00  2.46851767e+00  2.46591680e+00 -3.34026771e-05 
 2.45140000e-03  2.50030064e+00  3.80068940e+00  2.47133234e+00  2.46870027e+00 -3.33824119e-05 
 2.45640000e-03  2.50027053e+00  3.80353335e+00  2.47417620e+00  2.47151555e+00 -3.33619341e-05 
 2.46140000e-03  2.50024016e+00  3.80640397e+00  2.47704641e+00  2.47435983e+00 -3.33412642e-05 
 2.46640000e-03  2.50020955e+00  3.80929840e+00  2.47994012e+00  2.47723027e+00 -3.33204227e-05 
 2.47140000e-03  2.50017873e+00  3.81221377e+00  2.48285446e+00  2.48012403e+00 -3.32994303e-05 
 2.47640000e-03  2.50014774e+00  3.81514718e+00  2.48578652e+00  2.48303824e+00 -3.32783079e-05 
 2.48140000e-03  2.50011660e+00  3.81809573e+00  2.48873341e+00  2.48597000e+00 -3.32570765e-05 
 2.48640000e-03  2.50008535e+00  3.82105649e+00  2.49169220e+00  2.48891639e+00 -3.32357572e-05 
 2.49140000e-03  2.50005401e+00  3.82402652e+00  2.49465996e+00  2.49187451e+00 -3.32143711e-05 
 2.49640000e-03  2.50002262e+00  3.82700289e+00  2.49763376e+00  2.49484142e+00 -3.31929393e-05 
 2.50140000e-03  2.49999120e+00  3.82998266e+00  2.50061063e+00  2.49781418e+00 -3.31714833e-05 
 2.50640000e-03  2.49995980e+00  3.83296286e+00  2.50358766e+00  2.50078985e+00 -3.31500240e-05 
 2.51140000e-03  2.49992843e+00  3.83594057e+00  2.50656188e+00  2.50376549e+00 -3.31285829e-05 
 2.51640000e-03  2.49989714e+00  3.83891283e+00  2.50953036e+00  2.50673815e+00 -3.31071809e-05 
 2.52140000e-03  2.49986594e+00  3.84187672e+00  2.51249018e+00  2.50970490e+00 -3.30858393e-05 
 2.52640000e-03  2.49983488e+00  3.84482931e+00  2.51543842e+00  2.51266282e+00 -3.30645792e-05 
 2.53140000e-03  2.49980399e+00  3.84776769e+00  2.51837216e+00  2.51560898e+00 -3.30434213e-05 
 2.53640000e-03  2.49977328e+00  3.85068897e+00  2.52128853e+00  2.51854048e+00 -3.30223867e-05 
 2.54140000e-03  2.49974280e+00  3.85359027e+00  2.52418464e+00  2.52145444e+00 -3.30014958e-05 
 2.54640000e-03  2.49971257e+00  3.85646874e+00  2.52705766e+00  2.52434799e+00 -3.29807694e-05 
 2.55140000e-03  2.49968263e+00  3.85932156e+00  2.52990475e+00  2.52721828e+00 -3.29602276e-05 
 2.55640000e-03  2.49965300e+00  3.86214591e+00  2.53272313e+00  2.53006249e+00 -3.29398906e-05 
 2.56140000e-03  2.49962371e+00  3.86493904e+00  2.53551003e+00  2.53287783e+00 -3.29197785e-05 
 2.56640000e-03  2.49959479e+00  3.86769819e+00  2.53826271e+00  2.53566154e+00 -3.28999107e-05 
 2.57140000e-03  2.49956628e+00  3.87042067e+00  2.54097848e+00  2.53841088e+00 -3.28803068e-05 
 2.57640000e-03  2.49953819e+00  3.87310382e+00  2.54365469e+00  2.54112318e+00 -3.28609859e-05 
 2.58140000e-03  2.49951056e+00  3.87574501e+00  2.54628870e+00  2.54379576e+00 -3.28419669e-05 
 2.58640000e-03  2.49948341e+00  3.87834165e+00  2.54887796e+00  2.54642602e+00 -3.28232682e-05 
 2.59140000e-03  2.49945677e+00  3.88089122e+00  2.55141992e+00  2.54901138e+00 -3.28049082e-05 
 2.59640000e-03  2.49943066e+00  3.88339121e+00  2.55391212e+00  2.55154932e+00 -3.27869046e-05 
 2.60140000e-03  2.49940512e+00  3.88583921e+00  2.55635211e+00  2.55403737e+00 -3.27692749e-05 
 2.60640000e-03  2.49938017e+00  3.88823281e+00  2.55873752e+00  2.55647310e+00 -3.27520363e-05 
 2.61140000e-03  2.49935582e+00  3.89056970e+00  2.56106604e+00  2.55885413e+00 -3.27352056e-05 
 2.61640000e-03  2.49933212e+00  3.89284759e+00  2.56333539e+00  2.56117815e+00 -3.27187989e-05 
 2.62140000e-03  2.49930907e+00  3.89506428e+00  2.56554336e+00  2.56344289e+00 -3.27028322e-05 
 2.62640000e-03  2.49928670e+00  3.89721760e+00  2.56768782e+00  2.56564616e+00 -3.26873209e-05 
 2.63140000e-03  2.49926504e+00  3.89930547e+00  2.56976668e+00  2.56778581e+00 -3.26722801e-05 
 2.63640000e-03  2.49924410e+00  3.90132587e+00  2.57177792e+00  2.56985976e+00 -3.26577242e-05 
 2.64140000e-03  2.49922391e+00  3.90327682e+00  2.57371960e+00  2.57186601e+00 -3.26436673e-05 
 2.64640000e-03  2.49920448e+00  3.90515646e+00  2.57558983e+00  2.57380261e+00 -3.26301230e-05 
 2.65140000e-03  2.49918584e+00  3.90696294e+00  2.57738680e+00  2.57566769e+00 -3.26171042e-05 
 2.65640000e-03  2.49916801e+00  3.90869453e+00  2.57910878e+00  2.57745943e+00 -3.26046236e-05 
 2.66140000e-03  2.49915099e+00  3.91034956e+00  2.58075409e+00  2.57917610e+00 -3.25926931e-05 
 2.66640000e-03  2.49913481e+00  3.91192641e+00  2.58232115e+00  2.58081605e+00 -3.25813242e-05 
 2.67140000e-03  2.49911949e+00  3.91342358e+00  2.58380845e+00  2.58237768e+00 -3.25705278e-05 
 2.67640000e-03  2.49910503e+00  3.91483961e+00  2.58521455e+00  2.58385950e+00 -3.25603143e-05 
 2.68140000e-03  2.49909146e+00  3.91617313e+00  2.58653808e+00  2.58526007e+00 -3.25506935e-05 
 2.68640000e-03  2.49907879e+00  3.91742287e+00  2.58777779e+00  2.58657803e+00 -3.25416745e-05 
 2.69140000e-03  2.49906702e+00  3.91858761e+00  2.58893246e+00  2.58781212e+00 -3.25332661e-05 
 2.69640000e-03  2.49905618e+00  3.91966624e+00  2.59000100e+00  2.58896116e+00 -3.25254762e-05 
 2.70140000e-03  2.49904626e+00  3.92065772e+00  2.59098236e+00  2.59002402e+00 -3.25183125e-05 
 2.70640000e-03  2.49903729e+00  3.92156108e+00  2.59187560e+00  2.59099969e+00 -3.25117816e-05 
 2.71140000e-03  2.49902927e+00  3.92237547e+00  2.59267987e+00  2.59188722e+00 -3.25058898e-05 
 2.71640000e-03  2.49902220e+00  3.92310009e+00  2.59339439e+00  2.59268577e+00 -3.25006428e-05 
 2.72140000e-03  2.49901610e+00  3.92373425e+00  2.59401848e+00  2.59339457e+00 -3.24960457e-05 
 2.72640000e-03  2.49901097e+00  3.92427735e+00  2.59455152e+00  2.59401292e+00 -3.24921027e-05 
 2.73140000e-03  2.49900682e+00  3.92472885e+00  2.59499302e+00  2.59454025e+00 -3.24888176e-05 
 2.73640000e-03  2.49900365e+00  3.92508832e+00  2.59534254e+00  2.59497604e+00 -3.24861937e-05 
 2.74140000e-03  2.49900146e+00  3.92535542e+00  2.59559975e+00  2.59531986e+00 -3.24842334e-05 
 2.74640000e-03  2.49900026e+00  3.92552989e+00  2.59576440e+00  2.59557140e+00 -3.24829385e-05 
 2.75140000e-03  2.49900004e+00  3.92561157e+00  2.59583634e+00  2.59573041e+00 -3.24823104e-05 
 2.75640000e-03  2.49900081e+00  3.92560036e+00  2.59581549e+00  2.59579673e+00 -3.24823496e-05 
 2.76140000e-03  2.49900256e+00  3.92549629e+00  2.59570187e+00  2.59577030e+00 -3.24830561e-05 
 2.76640000e-03  2.49900530e+00  3.92529946e+00  2.59549559e+00  2.59565115e+00 -3.24844292e-05 
 2.77140000e-03  2.49900903e+00  3.92501004e+00  2.59519685e+00  2.59543939e+00 -3.24864677e-05 
 2.77640000e-03  2.49901373e+00  3.92462832e+00  2.59480594e+00  2.59513523e+00 -3.24891695e-05 
 2.78140000e-03  2.49901940e+00  3.92415467e+00  2.59432322e+00  2.59473895e+00 -3.24925322e-05 
 2.78640000e-03  2.49902604e+00  3.92358954e+00  2.59374918e+00  2.59425093e+00 -3.24965524e-05 
 2.79140000e-03  2.49903364e+00  3.92293347e+00  2.59308434e+00  2.59367164e+00 -3.25012265e-05 
 2.79640000e-03  2.49904220e+00  3.92218709e+00  2.59232936e+00  2.59300165e+00 -3.25065499e-05 
 2.80140000e-03  2.49905170e+00  3.92135112e+00  2.59148496e+00  2.59224159e+00 -3.25125176e-05 
 2.80640000e-03  2.49906214e+00  3.92042636e+00  2.59055195e+00  2.59139219e+00 -3.25191238e-05 
 2.81140000e-03  2.49907350e+00  3.91941370e+00  2.58953123e+00  2.59045427e+00 -3.25263623e-05 
 2.81640000e-03  2.49908577e+00  3.91831412e+00  2.58842377e+00  2.58942874e+00 -3.25342261e-05 
 2.82140000e-03  2.49909895e+00  3.91712868e+00  2.58723066e+00  2.58831657e+00 -3.25427077e-05 
 2.82640000e-03  2.49911302e+00  3.91585850e+00  2.58595302e+00  2.58711884e+00 -3.25517991e-05 
 2.83140000e-03  2.49912796e+00  3.91450483e+00  2.58459211e+00  2.58583671e+00 -3.25614914e-05 
 2.83640000e-03  2.49914377e+00  3.91306896e+00  2.58314922e+00  2.58447140e+00 -3.25717755e-05 
 2.84140000e-03  2.49916042e+00  3.91155228e+00  2.58162575e+00  2.58302423e+00 -3.25826415e-05 
 2.84640000e-03  2.49917790e+00  3.90995625e+00  2.58002316e+00  2.58149661e+00 -3.25940789e-05 
 2.85140000e-03  2.49919618e+00  3.90828242e+00  2.57834301e+00  2.57989000e+00 -3.26060767e-05 
 2.85640000e-03  2.49921527e+00  3.90653239e+00  2.57658693e+00  2.57820595e+00 -3.26186236e-05 
 2.86140000e-03  2.49923512e+00  3.90470787e+00  2.57475659e+00  2.57644610e+00 -3.26317073e-05 
 2.86640000e-03  2.49925574e+00  3.90281061e+00  2.57285379e+00  2.57461213e+00 -3.26453153e-05 
 2.87140000e-03  2.49927708e+00  3.90084245e+00  2.57088035e+00  2.57270584e+00 -3.26594345e-05 
 2.87640000e-03  2.49929914e+00  3.89880531e+00  2.56883820e+00  2.57072906e+00 -3.26740514e-05 
 2.88140000e-03  2.49932189e+00  3.89670114e+00  2.56672930e+00  2.56868370e+00 -3.26891517e-05 
 2.88640000e-03  2.49934531e+00  3.89453200e+00  2.56455571e+00  2.56657176e+00 -3.27047209e-05 
 2.89140000e-03  2.49936938e+00  3.89229999e+00  2.56231953e+00  2.56439527e+00 -3.27207440e-05 
 2.89640000e-03  2.49939407e+00  3.89000728e+00  2.56002294e+00  2.56215636e+00 -3.27372055e-05 
 2.90140000e-03  2.49941935e+00  3.88765609e+00  2.55766817e+00  2.55985719e+00 -3.27540894e-05 
 2.90640000e-03  2.49944521e+00  3.88524872e+00  2.55525751e+00  2.55750000e+00 -3.27713794e-05 
 2.91140000e-03  2.49947162e+00  3.88278751e+00  2.55279330e+00  2.55508709e+00 -3.27890587e-05 
 2.91640000e-03  2.49949855e+00  3.88027485e+00  2.55027796e+00  2.55262080e+00 -3.28071101e-05 
 2.92140000e-03  2.49952597e+00  3.87771320e+00  2.54771392e+00  2.55010353e+00 -3.28255162e-05 
 2.92640000e-03  2.49955386e+00  3.87510505e+00  2.54510370e+00  2.54753775e+00 -3.28442589e-05 
 2.93140000e-03  2.49958220e+00  3.87245295e+00  2.54244984e+00  2.54492596e+00 -3.28633201e-05 
 2.93640000e-03  2.49961094e+00  3.86975950e+00  2.53975493e+00  2.54227070e+00 -3.28826811e-05 
 2.94140000e-03  2.49964007e+00  3.86702733e+00  2.53702161e+00  2.53957457e+00 -3.29023232e-05 
 2.94640000e-03  2.49966955e+00  3.86425911e+00  2.53425257e+00  2.53684021e+00 -3.29222270e-05 
 2.95140000e-03  2.49969936e+00  3.86145755e+00  2.53145050e+00  2.53407029e+00 -3.29423731e-05 
 2.95640000e-03  2.49972947e+00  3.85862541e+00  2.52861815e+00  2.53126754e+00 -3.29627418e-05 
 2.96140000e-03  2.49975984e+00  3.85576546e+00  2.52575831e+00  2.52843469e+00 -3.29833132e-05 
 2.96640000e-03  2.49979045e+00  3.85288050e+00  2.52287379e+00  2.52557452e+00 -3.30040672e-05 
 2.97140000e-03  2.49982127e+00  3.84997338e+00  2.51996741e+00  2.52268985e+00 -3.30249832e-05 
 2.97640000e-03  2.49985226e+00  3.84704696e+00  2.51704204e+00  2.51978351e+00 -3.30460408e-05 
 2.98140000e-03  2.49988340e+00  3.84410410e+00  2.51410055e+00  2.51685836e+00 -3.30672193e-05 
 2.98640000e-03  2.49991465e+00  3.84114772e+00  2.51114585e+00  2.51391728e+00 -3.30884978e-05 
 2.99140000e-03  2.49994599e+00  3.83818072e+00  2.50818083e+00  2.51096315e+00 -3.31098554e-05 
 2.99640000e-03  2.49997738e+00  3.83520603e+00  2.50520844e+00  2.50799891e+00 -3.31312710e-05 
 3.00140000e-03  2.50000880e+00  3.83222658e+00  2.50223159e+00  2.50502745e+00 -3.31527234e-05 
 3.00640000e-03  2.50004020e+00  3.82924533e+00  2.49925324e+00  2.50205173e+00 -3.31741915e-05 
 3.01140000e-03  2.50007157e+00  3.82626521e+00  2.49627632e+00  2.49907468e+00 -3.31956541e-05 
 3.01640000e-03  2.50010286e+00  3.82328917e+00  2.49330378e+00  2.49609925e+00 -3.32170900e-05 
 3.02140000e-03  2.50013406e+00  3.82032016e+00  2.49033856e+00  2.49312836e+00 -3.32384778e-05 
 3.02640000e-03  2.50016512e+00  3.81736112e+00  2.48738360e+00  2.49016497e+00 -3.32597964e-05 
 3.03140000e-03  2.50019601e+00  3.81441498e+00  2.48444182e+00  2.48721201e+00 -3.32810246e-05 
 3.03640000e-03  2.50022672e+00  3.81148467e+00  2.48151615e+00  2.48427241e+00 -3.33021415e-05 
 3.04140000e-03  2.50025720e+00  3.80857308e+00  2.47860947e+00  2.48134908e+00 -3.33231259e-05 
 3.04640000e-03  2.50028743e+00  3.80568310e+00  2.47572469e+00  2.47844491e+00 -3.33439570e-05 
 3.05140000e-03  2.50031737e+00  3.80281762e+00  2.47286466e+00  2.47556280e+00 -3.33646142e-05 
 3.05640000e-03  2.50034700e+00  3.79997948e+00  2.47003223e+00  2.47270561e+00 -3.33850768e-05 
 3.06140000e-03  2.50037629e+00  3.79717149e+00  2.46723021e+00  2.46987617e+00 -3.34053245e-05 
 3.06640000e-03  2.50040521e+00  3.79439646e+00  2.46446139e+00  2.46707730e+00 -3.34253370e-05 
 3.07140000e-03  2.50043372e+00  3.79165714e+00  2.46172853e+00  2.46431179e+00 -3.34450944e-05 
 3.07640000e-03  2.50046181e+00  3.78895627e+00  2.45903434e+00  2.46158238e+00 -3.34645770e-05 
 3.08140000e-03  2.50048944e+00  3.78629653e+00  2.45638152e+00  2.45889179e+00 -3.34837653e-05 
 3.08640000e-03  2.50051659e+00  3.78368057e+00  2.45377271e+00  2.45624271e+00 -3.35026402e-05 
 3.09140000e-03  2.50054323e+00  3.78111101e+00  2.45121050e+00  2.45363778e+00 -3.35211827e-05 
 3.09640000e-03  2.50056934e+00  3.77859040e+00  2.44869746e+00  2.45107959e+00 -3.35393743e-05 
 3.10140000e-03  2.50059488e+00  3.77612127e+00  2.44623609e+00  2.44857069e+00 -3.35571968e-05 
 3.10640000e-03  2.50061983e+00  3.77370608e+00  2.44382885e+00  2.44611360e+00 -3.35746323e-05 
 3.11140000e-03  2.50064418e+00  3.77134724e+00  2.44147815e+00  2.44371075e+00 -3.35916634e-05 
 3.11640000e-03  2.50066788e+00  3.76904711e+00  2.43918633e+00  2.44136457e+00 -3.36082729e-05 
 3.12140000e-03  2.50069093e+00  3.76680799e+00  2.43695569e+00  2.43907737e+00 -3.36244443e-05 
 3.12640000e-03  2.50071330e+00  3.76463211e+00  2.43478845e+00  2.43685147e+00 -3.36401613e-05 
 3.13140000e-03  2.50073496e+00  3.76252165e+00  2.43268678e+00  2.43468907e+00 -3.36554081e-05 
 3.13640000e-03  2.50075590e+00  3.76047873e+00  2.43065279e+00  2.43259235e+00 -3.36701694e-05 
 3.14140000e-03  2.50077609e+00  3.75850539e+00  2.42868852e+00  2.43056339e+00 -3.36844304e-05 
 3.14640000e-03  2.50079552e+00  3.75660361e+00  2.42679592e+00  2.42860424e+00 -3.36981767e-05 
 3.15140000e-03  2.50081416e+00  3.75477528e+00  2.42497689e+00  2.42671685e+00 -3.37113945e-05 
 3.15640000e-03  2.50083199e+00  3.75302225e+00  2.42323326e+00  2.42490312e+00 -3.37240705e-05 
 3.16140000e-03  2.50084901e+00  3.75134626e+00  2.42156677e+00  2.42316485e+00 -3.37361920e-05 
 3.16640000e-03  2.50086519e+00  3.74974900e+00  2.41997909e+00  2.42150380e+00 -3.37477467e-05 
 3.17140000e-03  2.50088051e+00  3.74823207e+00  2.41847182e+00  2.41992162e+00 -3.37587231e-05 
 3.17640000e-03  2.50089497e+00  3.74679699e+00  2.41704646e+00  2.41841990e+00 -3.37691100e-05 
 3.18140000e-03  2.50090854e+00  3.74544519e+00  2.41570445e+00  2.41700015e+00 -3.37788971e-05 
 3.18640000e-03  2.50092121e+00  3.74417804e+00  2.41444712e+00  2.41566378e+00 -3.37880744e-05 
 3.19140000e-03  2.50093298e+00  3.74299680e+00  2.41327575e+00  2.41441215e+00 -3.37966327e-05 
 3.19640000e-03  2.50094382e+00  3.74190266e+00  2.41219150e+00  2.41324651e+00 -3.38045634e-05 
 3.20140000e-03  2.50095374e+00  3.74089671e+00  2.41119546e+00  2.41216802e+00 -3.38118585e-05 
 3.20640000e-03  2.50096271e+00  3.73997997e+00  2.41028864e+00  2.41117776e+00 -3.38185107e-05 
 3.21140000e-03  2.50097073e+00  3.73915336e+00  2.40947194e+00  2.41027674e+00 -3.38245132e-05 
 3.21640000e-03  2.50097780e+00  3.73841770e+00  2.40874618e+00  2.40946585e+00 -3.38298599e-05 
 3.22140000e-03  2.50098390e+00  3.73777373e+00  2.40811209e+00  2.40874591e+00 -3.38345456e-05 
 3.22640000e-03  2.50098903e+00  3.73722211e+00  2.40757031e+00  2.40811764e+00 -3.38385654e-05 
 3.23140000e-03  2.50099318e+00  3.73676337e+00  2.40712138e+00  2.40758167e+00 -3.38419154e-05 
 3.23640000e-03  2.50099635e+00  3.73639799e+00  2.40676575e+00  2.40713854e+00 -3.38445921e-05 
 3.24140000e-03  2.50099854e+00  3.73612633e+00  2.40650377e+00  2.40678869e+00 -3.38465928e-05 
 3.24640000e-03  2.50099974e+00  3.73594866e+00  2.40633572e+00  2.40653248e+00 -3.38479156e-05 
 3.25140000e-03  2.50099996e+00  3.73586516e+00  2.40626175e+00  2.40637016e+00 -3.38485591e-05 
 3.25640000e-03  2.50099919e+00  3.73587591e+00  2.40628194e+00  2.40630188e+00 -3.38485226e-05 
 3.26140000e-03  2.50099744e+00  3.73598091e+00  2.40639628e+00  2.40632773e+00 -3.38478062e-05 
 3.26640000e-03  2.50099470e+00  3.73618004e+00  2.40660463e+00  2.40644768e+00 -3.38464107e-05 
 3.27140000e-03  2.50099097e+00  3.73647310e+00  2.40690681e+00  2.40666160e+00 -3.38443374e-05 
 3.27640000e-03  2.50098627e+00  3.73685980e+00  2.40730250e+00  2.40696927e+00 -3.38415885e-05 
 3.28140000e-03  2.50098060e+00  3.73733976e+00  2.40779129e+00  2.40737040e+00 -3.38381667e-05 
 3.28640000e-03  2.50097396e+00  3.73791248e+00  2.40837272e+00  2.40786457e+00 -3.38340755e-05 
 3.29140000e-03  2.50096636e+00  3.73857740e+00  2.40904618e+00  2.40845129e+00 -3.38293190e-05 
 3.29640000e-03  2.50095780e+00  3.73933384e+00  2.40981099e+00  2.40912997e+00 -3.38239020e-05 
 3.30140000e-03  2.50094830e+00  3.74018105e+00  2.41066641e+00  2.40989992e+00 -3.38178301e-05 
 3.30640000e-03  2.50093786e+00  3.74111817e+00  2.41161155e+00  2.41076038e+00 -3.38111092e-05 
 3.31140000e-03  2.50092650e+00  3.74214426e+00  2.41264548e+00  2.41171047e+00 -3.38037463e-05 
 3.31640000e-03  2.50091423e+00  3.74325829e+00  2.41376715e+00  2.41274925e+00 -3.37957487e-05 
 3.32140000e-03  2.50090105e+00  3.74445915e+00  2.41497545e+00  2.41387568e+00 -3.37871245e-05 
 3.32640000e-03  2.50088698e+00  3.74574562e+00  2.41626915e+00  2.41508861e+00 -3.37778825e-05 
 3.33140000e-03  2.50087204e+00  3.74711642e+00  2.41764695e+00  2.41638683e+00 -3.37680319e-05 
 3.33640000e-03  2.50085623e+00  3.74857018e+00  2.41910749e+00  2.41776905e+00 -3.37575827e-05 
 3.34140000e-03  2.50083958e+00  3.75010542e+00  2.42064928e+00  2.41923386e+00 -3.37465454e-05 
 3.34640000e-03  2.50082210e+00  3.75172062e+00  2.42227078e+00  2.42077981e+00 -3.37349311e-05 
 3.35140000e-03  2.50080382e+00  3.75341415e+00  2.42397038e+00  2.42240535e+00 -3.37227515e-05 
 3.35640000e-03  2.50078473e+00  3.75518431e+00  2.42574635e+00  2.42410883e+00 -3.37100189e-05 
 3.36140000e-03  2.50076488e+00  3.75702934e+00  2.42759693e+00  2.42588856e+00 -3.36967461e-05 
 3.36640000e-03  2.50074426e+00  3.75894738e+00  2.42952026e+00  2.42774275e+00 -3.36829465e-05 
 3.37140000e-03  2.50072292e+00  3.76093650e+00  2.43151441e+00  2.42966954e+00 -3.36686340e-05 
 3.37640000e-03  2.50070086e+00  3.76299473e+00  2.43357738e+00  2.43166701e+00 -3.36538229e-05 
 3.38140000e-03  2.50067811e+00  3.76512000e+00  2.43570712e+00  2.43373315e+00 -3.36385281e-05 
 3.38640000e-03  2.50065469e+00  3.76731017e+00  2.43790148e+00  2.43586589e+00 -3.36227650e-05 
 3.39140000e-03  2.50063062e+00  3.76956307e+00  2.44015827e+00  2.43806310e+00 -3.36065495e-05 
 3.39640000e-03  2.50060593e+00  3.77187643e+00  2.44247524e+00  2.44032259e+00 -3.35898978e-05 
 3.40140000e-03  2.50058065e+00  3.77424794e+00  2.44485007e+00  2.44264208e+00 -3.35728266e-05 
 3.40640000e-03  2.50055479e+00  3.77667524e+00  2.44728039e+00  2.44501927e+00 -3.35553530e-05 
 3.41140000e-03  2.50052838e+00  3.77915589e+00  2.44976376e+00  2.44745177e+00 -3.35374945e-05 
 3.41640000e-03  2.50050145e+00  3.78168743e+00  2.45229770e+00  2.44993716e+00 -3.35192692e-05 
 3.42140000e-03  2.50047403e+00  3.78426732e+00  2.45487970e+00  2.45247295e+00 -3.35006951e-05 
 3.42640000e-03  2.50044614e+00  3.78689299e+00  2.45750717e+00  2.45505662e+00 -3.34817909e-05 
 3.43140000e-03  2.50041780e+00  3.78956182e+00  2.46017748e+00  2.45768558e+00 -3.34625755e-05 
 3.43640000e-03  2.50038906e+00  3.79227115e+00  2.46288799e+00  2.46035722e+00 -3.34430680e-05 
 3.44140000e-03  2.50035993e+00  3.79501828e+00  2.46563598e+00  2.46306886e+00 -3.34232881e-05 
 3.44640000e-03  2.50033045e+00  3.79780047e+00  2.46841872e+00  2.46581781e+00 -3.34032554e-05 
 3.45140000e-03  2.50030064e+00  3.80061497e+00  2.47123345e+00  2.46860134e+00 -3.33829899e-05 
 3.45640000e-03  2.50027053e+00  3.80345895e+00  2.47407735e+00  2.47141666e+00 -3.33625118e-05 
 3.46140000e-03  2.50024016e+00  3.80632960e+00  2.47694761e+00  2.47426098e+00 -3.33418416e-05 
 3.46640000e-03  2.50020955e+00  3.80922407e+00  2.47984137e+00  2.47713147e+00 -3.33209997e-05 
 3.47140000e-03  2.50017873e+00  3.81213947e+00  2.48275575e+00  2.48002528e+00 -3.33000070e-05 
 3.47640000e-03  2.50014774e+00  3.81507293e+00  2.48568786e+00  2.48293953e+00 -3.32788843e-05 
 3.48140000e-03  2.50011660e+00  3.81802151e+00  2.48863480e+00  2.48587134e+00 -3.32576526e-05 
 3.48640000e-03  2.50008535e+00  3.82098231e+00  2.49159364e+00  2.48881778e+00 -3.32363330e-05 
 3.49140000e-03  2.50005401e+00  3.82395238e+00  2.49456145e+00  2.49177595e+00 -3.32149465e-05 
 3.49640000e-03  2.50002262e+00  3.82692879e+00  2.49753528e+00  2.49474290e+00 -3.31935145e-05 
 3.50140000e-03  2.49999120e+00  3.82990859e+00  2.50051221e+00  2.49771571e+00 -3.31720581e-05 
 3.50640000e-03  2.49995980e+00  3.83288884e+00  2.50348928e+00  2.50069143e+00 -3.31505985e-05 
 3.51140000e-03  2.49992843e+00  3.83586658e+00  2.50646355e+00  2.50366711e+00 -3.31291570e-05 
 3.51640000e-03  2.49989714e+00  3.83883888e+00  2.50943208e+00  2.50663982e+00 -3.31077548e-05 
 3.52140000e-03  2.49986594e+00  3.84180281e+00  2.51239195e+00  2.50960663e+00 -3.30864129e-05 
 3.52640000e-03  2.49983488e+00  3.84475544e+00  2.51534024e+00  2.51256459e+00 -3.30651524e-05 
 3.53140000e-03  2.49980399e+00  3.84769386e+00  2.51827403e+00  2.51551080e+00 -3.30439942e-05 
 3.53640000e-03  2.49977328e+00  3.85061517e+00  2.52119044e+00  2.51844235e+00 -3.30229592e-05 
 3.54140000e-03  2.49974280e+00  3.85351651e+00  2.52408660e+00  2.52135636e+00 -3.30020681e-05 
 3.54640000e-03  2.49971257e+00  3.85639502e+00  2.52695967e+00  2.52424995e+00 -3.29813413e-05 
 3.55140000e-03  2.49968263e+00  3.85924788e+00  2.52980681e+00  2.52712029e+00 -3.29607992e-05 
 3.55640000e-03  2.49965300e+00  3.86207227e+00  2.53262524e+00  2.52996455e+00 -3.29404619e-05 
 3.56140000e-03  2.49962371e+00  3.86486543e+00  2.53541218e+00  2.53277994e+00 -3.29203494e-05 
 3.56640000e-03  2.49959479e+00  3.86762462e+00  2.53816491e+00  2.53556369e+00 -3.29004814e-05 
 3.57140000e-03  2.49956628e+00  3.87034714e+00  2.54088073e+00  2.53831309e+00 -3.28808771e-05 
 3.57640000e-03  2.49953819e+00  3.87303033e+00  2.54355698e+00  2.54102543e+00 -3.28615559e-05 
 3.58140000e-03  2.49951056e+00  3.87567155e+00  2.54619104e+00  2.54369806e+00 -3.28425366e-05 
 3.58640000e-03  2.49948341e+00  3.87826823e+00  2.54878035e+00  2.54632836e+00 -3.28238376e-05 
 3.59140000e-03  2.49945677e+00  3.88081783e+00  2.55132236e+00  2.54891377e+00 -3.28054772e-05 
 3.59640000e-03  2.49943066e+00  3.88331787e+00  2.55381460e+00  2.55145176e+00 -3.27874733e-05 
 3.60140000e-03  2.49940512e+00  3.88576590e+00  2.55625464e+00  2.55393986e+00 -3.27698434e-05 
 3.60640000e-03  2.49938017e+00  3.88815954e+00  2.55864010e+00  2.55637563e+00 -3.27526045e-05 
 3.61140000e-03  2.49935582e+00  3.89049646e+00  2.56096866e+00  2.55875670e+00 -3.27357734e-05 
 3.61640000e-03  2.49933212e+00  3.89277439e+00  2.56323805e+00  2.56108077e+00 -3.27193664e-05 
 3.62140000e-03  2.49930907e+00  3.89499111e+00  2.56544607e+00  2.56334556e+00 -3.27033994e-05 
 3.62640000e-03  2.49928670e+00  3.89714447e+00  2.56759058e+00  2.56554887e+00 -3.26878879e-05 
 3.63140000e-03  2.49926504e+00  3.89923238e+00  2.56966948e+00  2.56768856e+00 -3.26728468e-05 
 3.63640000e-03  2.49924410e+00  3.90125280e+00  2.57168076e+00  2.56976256e+00 -3.26582906e-05 
 3.64140000e-03  2.49922391e+00  3.90320379e+00  2.57362248e+00  2.57176886e+00 -3.26442335e-05 
 3.64640000e-03  2.49920448e+00  3.90508346e+00  2.57549276e+00  2.57370550e+00 -3.26306888e-05 
 3.65140000e-03  2.49918584e+00  3.90688998e+00  2.57728977e+00  2.57557061e+00 -3.26176698e-05 
 3.65640000e-03  2.49916801e+00  3.90862160e+00  2.57901179e+00  2.57736240e+00 -3.26051889e-05 
 3.66140000e-03  2.49915099e+00  3.91027666e+00  2.58065714e+00  2.57907911e+00 -3.25932582e-05 
 3.66640000e-03  2.49913481e+00  3.91185354e+00  2.58222425e+00  2.58071910e+00 -3.25818890e-05 
 3.67140000e-03  2.49911949e+00  3.91335074e+00  2.58371158e+00  2.58228078e+00 -3.25710924e-05 
 3.67640000e-03  2.49910503e+00  3.91476680e+00  2.58511772e+00  2.58376263e+00 -3.25608786e-05 
 3.68140000e-03  2.49909146e+00  3.91610035e+00  2.58644129e+00  2.58516324e+00 -3.25512575e-05 
 3.68640000e-03  2.49907879e+00  3.91735012e+00  2.58768104e+00  2.58648124e+00 -3.25422383e-05 
 3.69140000e-03  2.49906702e+00  3.91851489e+00  2.58883575e+00  2.58771537e+00 -3.25338297e-05 
 3.69640000e-03  2.49905618e+00  3.91959355e+00  2.58990432e+00  2.58886444e+00 -3.25260396e-05 
 3.70140000e-03  2.49904626e+00  3.92058505e+00  2.59088572e+00  2.58992734e+00 -3.25188756e-05 
 3.70640000e-03  2.49903729e+00  3.92148844e+00  2.59177900e+00  2.59090305e+00 -3.25123445e-05 
 3.71140000e-03  2.49902927e+00  3.92230285e+00  2.59258330e+00  2.59179062e+00 -3.25064525e-05 
 3.71640000e-03  2.49902220e+00  3.92302750e+00  2.59329786e+00  2.59258920e+00 -3.25012054e-05 
 3.72140000e-03  2.49901610e+00  3.92366168e+00  2.59392198e+00  2.59329803e+00 -3.24966080e-05 
 3.72640000e-03  2.49901097e+00  3.92420480e+00  2.59445505e+00  2.59391642e+00 -3.24926648e-05 
 3.73140000e-03  2.49900682e+00  3.92465632e+00  2.59489658e+00  2.59444378e+00 -3.24893796e-05 
 3.73640000e-03  2.49900365e+00  3.92501582e+00  2.59524614e+00  2.59487960e+00 -3.24867555e-05 
 3.74140000e-03  2.49900146e+00  3.92528294e+00  2.59550338e+00  2.59522346e+00 -3.24847950e-05 
 3.74640000e-03  2.49900026e+00  3.92545743e+00  2.59566806e+00  2.59547503e+00 -3.24834999e-05 
 3.75140000e-03  2.49900004e+00  3.92553913e+00  2.59574002e+00  2.59563407e+00 -3.24828717e-05 
 3.75640000e-03  2.49900081e+00  3.92552794e+00  2.59571920e+00  2.59570042e+00 -3.24829107e-05 
 3.76140000e-03  2.49900256e+00  3.92542389e+00  2.59560561e+00  2.59567402e+00 -3.24836170e-05 
 3.76640000e-03  2.49900530e+00  3.92522707e+00  2.59539936e+00  2.59555490e+00 -3.24849900e-05 
 3.77140000e-03  2.49900903e+00  3.92493768e+00  2.59510065e+00  2.59534317e+00 -3.24870283e-05 
 3.77640000e-03  2.49901373e+00  3.92455598e+00  2.59470976e+00  2.59503903e+00 -3.24897301e-05 
 3.78140000e-03  2.49901940e+00  3.92408234e+00  2.59422708e+00  2.59464277e+00 -3.24930926e-05 
 3.78640000e-03  2.49902604e+00  3.92351722e+00  2.59365305e+00  2.59415478e+00 -3.24971128e-05 
 3.79140000e-03  2.49903364e+00  3.92286116e+00  2.59298824e+00  2.59357552e+00 -3.25017867e-05 
 3.79640000e-03  2.49904220e+00  3.92211480e+00  2.59223329e+00  2.59290555e+00 -3.25071100e-05 
 3.80140000e-03  2.49905170e+00  3.92127884e+00  2.59138891e+00  2.59214551e+00 -3.25130776e-05 
 3.80640000e-03  2.49906214e+00  3.92035410e+00  2.59045592e+00  2.59129614e+00 -3.25196837e-05 
 3.81140000e-03  2.49907350e+00  3.91934145e+00  2.58943522e+00  2.59035824e+00 -3.25269221e-05 
 3.81640000e-03  2.49908577e+00  3.91824188e+00  2.58832779e+00  2.58933273e+00 -3.25347858e-05 
 3.82140000e-03  2.49909895e+00  3.91705645e+00  2.58713469e+00  2.58822058e+00 -3.25432674e-05 
 3.82640000e-03  2.49911302e+00  3.91578629e+00  2.58585708e+00  2.58702288e+00 -3.25523586e-05 
 3.83140000e-03  2.49912796e+00  3.91443263e+00  2.58449618e+00  2.58574076e+00 -3.25620509e-05 
 3.83640000e-03  2.49914377e+00  3.91299677e+00  2.58305331e+00  2.58437547e+00 -3.25723349e-05 
 3.84140000e-03  2.49916042e+00  3.91148009e+00  2.58152986e+00  2.58292833e+00 -3.25832008e-05 
 3.84640000e-03  2.49917790e+00  3.90988407e+00  2.57992729e+00  2.58140072e+00 -3.25946382e-05 
 3.85140000e-03  2.49919618e+00  3.90821025e+00  2.57824716e+00  2.57979413e+00 -3.26066360e-05 
 3.85640000e-03  2.49921527e+00  3.90646023e+00  2.57649109e+00  2.57811010e+00 -3.26191828e-05 
 3.86140000e-03  2.49923512e+00  3.90463571e+00  2.57466077e+00  2.57635026e+00 -3.26322665e-05 
 3.86640000e-03  2.49925574e+00  3.90273846e+00  2.57275798e+00  2.57451631e+00 -3.26458745e-05 
 3.87140000e-03  2.49927708e+00  3.90077031e+00  2.57078456e+00  2.57261003e+00 -3.26599937e-05 
 3.87640000e-03  2.49929914e+00  3.89873317e+00  2.56874242e+00  2.57063327e+00 -3.26746104e-05 
 3.88140000e-03  2.49932189e+00  3.89662901e+00  2.56663354e+00  2.56858793e+00 -3.26897107e-05 
 3.88640000e-03  2.49934531e+00  3.89445987e+00  2.56445996e+00  2.56647600e+00 -3.27052799e-05 
 3.89140000e-03  2.49936938e+00  3.89222787e+00  2.56222380e+00  2.56429953e+00 -3.27213030e-05 
 3.89640000e-03  2.49939407e+00  3.88993516e+00  2.55992722e+00  2.56206063e+00 -3.27377645e-05 
 3.90140000e-03  2.49941935e+00  3.88758398e+00  2.55757246e+00  2.55976147e+00 -3.27546484e-05 
 3.90640000e-03  2.49944521e+00  3.88517661e+00  2.55516181e+00  2.55740430e+00 -3.27719384e-05 
 3.91140000e-03  2.49947162e+00  3.88271540e+00  2.55269762e+00  2.55499140e+00 -3.27896177e-05 
 3.91640000e-03  2.49949855e+00  3.88020274e+00  2.55018229e+00  2.55252512e+00 -3.28076691e-05 
 3.92140000e-03  2.49952597e+00  3.87764109e+00  2.54761827e+00  2.55000787e+00 -3.28260751e-05 
 3.92640000e-03  2.49955386e+00  3.87503294e+00  2.54500806e+00  2.54744210e+00 -3.28448179e-05 
 3.93140000e-03  2.49958220e+00  3.87238085e+00  2.54235421e+00  2.54483032e+00 -3.28638790e-05 
 3.93640000e-03  2.49961094e+00  3.86968740e+00  2.53965931e+00  2.54217507e+00 -3.28832401e-05 
 3.94140000e-03  2.49964007e+00  3.86695523e+00  2.53692601e+00  2.53947895e+00 -3.29028821e-05 
 3.94640000e-03  2.49966955e+00  3.86418701e+00  2.53415697e+00  2.53674460e+00 -3.29227859e-05 
 3.95140000e-03  2.49969936e+00  3.86138546e+00  2.53135491e+00  2.53397470e+00 -3.29429320e-05 
 3.95640000e-03  2.49972947e+00  3.85855332e+00  2.52852258e+00  2.53117195e+00 -3.29633008e-05 
 3.96140000e-03  2.49975984e+00  3.85569337e+00  2.52566275e+00  2.52833911e+00 -3.29838722e-05 
 3.96640000e-03  2.49979045e+00  3.85280842e+00  2.52277824e+00  2.52547896e+00 -3.30046261e-05 
 3.97140000e-03  2.49982127e+00  3.84990130e+00  2.51987187e+00  2.52259430e+00 -3.30255422e-05 
 3.97640000e-03  2.49985226e+00  3.84697487e+00  2.51694651e+00  2.51968798e+00 -3.30465998e-05 
 3.98140000e-03  2.49988340e+00  3.84403202e+00  2.51400504e+00  2.51676284e+00 -3.30677783e-05 
 3.98640000e-03  2.49991465e+00  3.84107564e+00  2.51105034e+00  2.51382176e+00 -3.30890568e-05 
 3.99140000e-03  2.49994599e+00  3.83810864e+00  2.50808534e+00  2.51086765e+00 -3.31104144e-05 
 3.99640000e-03  2.49997738e+00  3.83513395e+00  2.50511296e+00  2.50790341e+00 -3.31318299e-05 
 4.00140000e-03  2.50000880e+00  3.83215451e+00  2.50213612e+00  2.50493197e+00 -3.31532824e-05 
 4.00640000e-03  2.50004020e+00  3.82917325e+00  2.49915778e+00  2.50195626e+00 -3.31747505e-05 
 4.01140000e-03  2.50007157e+00  3.82619314e+00  2.49618087e+00  2.49897922e+00 -3.31962131e-05 
 4.01640000e-03  2.50010286e+00  3.82321710e+00  2.49320835e+00  2.49600380e+00 -3.32176490e-05 
 4.02140000e-03  2.50013406e+00  3.82024810e+00  2.49024314e+00  2.49303293e+00 -3.32390368e-05 
 4.02640000e-03  2.50016512e+00  3.81728906e+00  2.48728819e+00  2.49006955e+00 -3.32603554e-05 
 4.03140000e-03  2.50019601e+00  3.81434292e+00  2.48434642e+00  2.48711660e+00 -3.32815836e-05 
 4.03640000e-03  2.50022672e+00  3.81141261e+00  2.48142076e+00  2.48417701e+00 -3.33027005e-05 
 4.04140000e-03  2.50025720e+00  3.80850102e+00  2.47851410e+00  2.48125369e+00 -3.33236849e-05 
 4.04640000e-03  2.50028743e+00  3.80561105e+00  2.47562933e+00  2.47834954e+00 -3.33445160e-05 
 4.05140000e-03  2.50031737e+00  3.80274557e+00  2.47276931e+00  2.47546744e+00 -3.33651732e-05 
 4.05640000e-03  2.50034700e+00  3.79990743e+00  2.46993689e+00  2.47261026e+00 -3.33856358e-05 
 4.06140000e-03  2.50037629e+00  3.79709945e+00  2.46713488e+00  2.46978083e+00 -3.34058834e-05 
 4.06640000e-03  2.50040521e+00  3.79432442e+00  2.46436608e+00  2.46698198e+00 -3.34258959e-05 
 4.07140000e-03  2.50043372e+00  3.79158511e+00  2.46163323e+00  2.46421648e+00 -3.34456533e-05 
 4.07640000e-03  2.50046181e+00  3.78888424e+00  2.45893906e+00  2.46148708e+00 -3.34651359e-05 
 4.08140000e-03  2.50048944e+00  3.78622450e+00  2.45628626e+00  2.45879651e+00 -3.34843242e-05 
 4.08640000e-03  2.50051659e+00  3.78360855e+00  2.45367746e+00  2.45614745e+00 -3.35031990e-05 
 4.09140000e-03  2.50054323e+00  3.78103900e+00  2.45111527e+00  2.45354253e+00 -3.35217414e-05 
 4.09640000e-03  2.50056934e+00  3.77851840e+00  2.44860224e+00  2.45098435e+00 -3.35399330e-05 
 4.10140000e-03  2.50059488e+00  3.77604928e+00  2.44614089e+00  2.44847547e+00 -3.35577555e-05 
 4.10640000e-03  2.50061983e+00  3.77363409e+00  2.44373367e+00  2.44601839e+00 -3.35751910e-05 
 4.11140000e-03  2.50064418e+00  3.77127526e+00  2.44138298e+00  2.44361557e+00 -3.35922220e-05 
 4.11640000e-03  2.50066788e+00  3.76897513e+00  2.43909118e+00  2.44126940e+00 -3.36088315e-05 
 4.12140000e-03  2.50069093e+00  3.76673602e+00  2.43686055e+00  2.43898222e+00 -3.36250029e-05 
 4.12640000e-03  2.50071330e+00  3.76456015e+00  2.43469333e+00  2.43675633e+00 -3.36407198e-05 
 4.13140000e-03  2.50073496e+00  3.76244970e+00  2.43259168e+00  2.43459395e+00 -3.36559665e-05 
 4.13640000e-03  2.50075590e+00  3.76040679e+00  2.43055771e+00  2.43249725e+00 -3.36707278e-05 
 4.14140000e-03  2.50077609e+00  3.75843346e+00  2.42859345e+00  2.43046832e+00 -3.36849887e-05 
 4.14640000e-03  2.50079552e+00  3.75653169e+00  2.42670087e+00  2.42850918e+00 -3.36987349e-05 
 4.15140000e-03  2.50081416e+00  3.75470337e+00  2.42488187e+00  2.42662181e+00 -3.37119526e-05 
 4.15640000e-03  2.50083199e+00  3.75295035e+00  2.42313826e+00  2.42480810e+00 -3.37246286e-05 
 4.16140000e-03  2.50084901e+00  3.75127437e+00  2.42147179e+00  2.42306985e+00 -3.37367500e-05 
 4.16640000e-03  2.50086519e+00  3.74967712e+00  2.41988413e+00  2.42140882e+00 -3.37483046e-05 
 4.17140000e-03  2.50088051e+00  3.74816020e+00  2.41837688e+00  2.41982666e+00 -3.37592809e-05 
 4.17640000e-03  2.50089497e+00  3.74672513e+00  2.41695155e+00  2.41832496e+00 -3.37696677e-05 
 4.18140000e-03  2.50090854e+00  3.74537335e+00  2.41560955e+00  2.41690523e+00 -3.37794547e-05 
 4.18640000e-03  2.50092121e+00  3.74410621e+00  2.41435225e+00  2.41556889e+00 -3.37886319e-05 
 4.19140000e-03  2.50093298e+00  3.74292498e+00  2.41318090e+00  2.41431728e+00 -3.37971902e-05 
 4.19640000e-03  2.50094382e+00  3.74183086e+00  2.41209667e+00  2.41315166e+00 -3.38051208e-05 
 4.20140000e-03  2.50095374e+00  3.74082493e+00  2.41110066e+00  2.41207319e+00 -3.38124158e-05 
 4.20640000e-03  2.50096271e+00  3.73990820e+00  2.41019387e+00  2.41108297e+00 -3.38190678e-05 
 4.21140000e-03  2.50097073e+00  3.73908160e+00  2.40937719e+00  2.41018197e+00 -3.38250702e-05 
 4.21640000e-03  2.50097780e+00  3.73834596e+00  2.40865146e+00  2.40937110e+00 -3.38304168e-05 
 4.22140000e-03  2.50098390e+00  3.73770201e+00  2.40801739e+00  2.40865119e+00 -3.38351023e-05 
 4.22640000e-03  2.50098903e+00  3.73715040e+00  2.40747564e+00  2.40802294e+00 -3.38391220e-05 
 4.23140000e-03  2.50099318e+00  3.73669169e+00  2.40702673e+00  2.40748700e+00 -3.38424718e-05 
 4.23640000e-03  2.50099635e+00  3.73632632e+00  2.40667113e+00  2.40704390e+00 -3.38451484e-05 
 4.24140000e-03  2.50099854e+00  3.73605468e+00  2.40640918e+00  2.40669408e+00 -3.38471490e-05 
 4.24640000e-03  2.50099974e+00  3.73587703e+00  2.40624115e+00  2.40643789e+00 -3.38484716e-05 
 4.25140000e-03  2.50099996e+00  3.73579355e+00  2.40616721e+00  2.40627559e+00 -3.38491149e-05 
 4.25640000e-03  2.50099919e+00  3.73580432e+00  2.40618744e+00  2.40620735e+00 -3.38490783e-05 
 4.26140000e-03  2.50099744e+00  3.73590933e+00  2.40630180e+00  2.40623323e+00 -3.38483618e-05 
 4.26640000e-03  2.50099470e+00  3.73610848e+00  2.40651019e+00  2.40635320e+00 -3.38469661e-05 
 4.27140000e-03  2.50099097e+00  3.73640157e+00  2.40681239e+00  2.40656715e+00 -3.38448927e-05 
 4.27640000e-03  2.50098627e+00  3.73678829e+00  2.40720811e+00  2.40687486e+00 -3.38421436e-05 
 4.28140000e-03  2.50098060e+00  3.73726827e+00  2.40769694e+00  2.40727602e+00 -3.38387216e-05 
 4.28640000e-03  2.50097396e+00  3.73784102e+00  2.40827839e+00  2.40777022e+00 -3.38346302e-05 
 4.29140000e-03  2.50096636e+00  3.73850596e+00  2.40895188e+00  2.40835697e+00 -3.38298735e-05 
 4.29640000e-03  2.50095780e+00  3.73926242e+00  2.40971674e+00  2.40903568e+00 -3.38244563e-05 
 4.30140000e-03  2.50094830e+00  3.74010965e+00  2.41057218e+00  2.40980567e+00 -3.38183842e-05 
 4.30640000e-03  2.50093786e+00  3.74104679e+00  2.41151736e+00  2.41066616e+00 -3.38116631e-05 
 4.31140000e-03  2.50092650e+00  3.74207291e+00  2.41255132e+00  2.41161628e+00 -3.38043000e-05 
 4.31640000e-03  2.50091423e+00  3.74318697e+00  2.41367303e+00  2.41265510e+00 -3.37963022e-05 
 4.32140000e-03  2.50090105e+00  3.74438785e+00  2.41488136e+00  2.41378155e+00 -3.37876779e-05 
 4.32640000e-03  2.50088698e+00  3.74567435e+00  2.41617509e+00  2.41499452e+00 -3.37784356e-05 
 4.33140000e-03  2.50087204e+00  3.74704518e+00  2.41755294e+00  2.41629278e+00 -3.37685848e-05 
 4.33640000e-03  2.50085623e+00  3.74849896e+00  2.41901350e+00  2.41767503e+00 -3.37581353e-05 
 4.34140000e-03  2.50083958e+00  3.75003423e+00  2.42055533e+00  2.41913988e+00 -3.37470978e-05 
 4.34640000e-03  2.50082210e+00  3.75164945e+00  2.42217687e+00  2.42068587e+00 -3.37354833e-05 
 4.35140000e-03  2.50080382e+00  3.75334301e+00  2.42387650e+00  2.42231144e+00 -3.37233035e-05 
 4.35640000e-03  2.50078473e+00  3.75511320e+00  2.42565252e+00  2.42401496e+00 -3.37105707e-05 
 4.36140000e-03  2.50076488e+00  3.75695826e+00  2.42750313e+00  2.42579473e+00 -3.36972977e-05 
 4.36640000e-03  2.50074426e+00  3.75887632e+00  2.42942650e+00  2.42764896e+00 -3.36834978e-05 
 4.37140000e-03  2.50072292e+00  3.76086548e+00  2.43142069e+00  2.42957579e+00 -3.36691850e-05 
 4.37640000e-03  2.50070086e+00  3.76292374e+00  2.43348370e+00  2.43157329e+00 -3.36543737e-05 
 4.38140000e-03  2.50067811e+00  3.76504903e+00  2.43561348e+00  2.43363947e+00 -3.36390786e-05 
 4.38640000e-03  2.50065469e+00  3.76723924e+00  2.43780788e+00  2.43577225e+00 -3.36233153e-05 
 4.39140000e-03  2.50063062e+00  3.76949217e+00  2.44006471e+00  2.43796951e+00 -3.36070995e-05 
 4.39640000e-03  2.50060593e+00  3.77180556e+00  2.44238172e+00  2.44022903e+00 -3.35904475e-05 
 4.40140000e-03  2.50058065e+00  3.77417710e+00  2.44475659e+00  2.44254856e+00 -3.35733760e-05 
 4.40640000e-03  2.50055479e+00  3.77660443e+00  2.44718695e+00  2.44492579e+00 -3.35559022e-05 
 4.41140000e-03  2.50052838e+00  3.77908512e+00  2.44967036e+00  2.44735833e+00 -3.35380435e-05 
 4.41640000e-03  2.50050145e+00  3.78161669e+00  2.45220435e+00  2.44984377e+00 -3.35198178e-05 
 4.42140000e-03  2.50047403e+00  3.78419661e+00  2.45478639e+00  2.45237960e+00 -3.35012435e-05 
 4.42640000e-03  2.50044614e+00  3.78682231e+00  2.45741390e+00  2.45496331e+00 -3.34823390e-05 
 4.43140000e-03  2.50041780e+00  3.78949118e+00  2.46008425e+00  2.45759231e+00 -3.34631233e-05 
 4.43640000e-03  2.50038906e+00  3.79220054e+00  2.46279480e+00  2.46026399e+00 -3.34436156e-05 
 4.44140000e-03  2.50035993e+00  3.79494770e+00  2.46554284e+00  2.46297568e+00 -3.34238354e-05 
 4.44640000e-03  2.50033045e+00  3.79772993e+00  2.46832563e+00  2.46572467e+00 -3.34038024e-05 
 4.45140000e-03  2.50030064e+00  3.80054446e+00  2.47114039e+00  2.46850824e+00 -3.33835366e-05 
 4.45640000e-03  2.50027053e+00  3.80338848e+00  2.47398434e+00  2.47132361e+00 -3.33630582e-05 
 4.46140000e-03  2.50024016e+00  3.80625917e+00  2.47685464e+00  2.47416797e+00 -3.33423877e-05 
 4.46640000e-03  2.50020955e+00  3.80915367e+00  2.47974844e+00  2.47703851e+00 -3.33215455e-05 
 4.47140000e-03  2.50017873e+00  3.81206911e+00  2.48266287e+00  2.47993236e+00 -3.33005525e-05 
 4.47640000e-03  2.50014774e+00  3.81500260e+00  2.48559503e+00  2.48284666e+00 -3.32794295e-05 
 4.48140000e-03  2.50011660e+00  3.81795122e+00  2.48854201e+00  2.48577851e+00 -3.32581975e-05 
 4.48640000e-03  2.50008535e+00  3.82091205e+00  2.49150090e+00  2.48872500e+00 -3.32368776e-05 
 4.49140000e-03  2.50005401e+00  3.82388216e+00  2.49446875e+00  2.49168321e+00 -3.32154908e-05 
 4.49640000e-03  2.50002262e+00  3.82685860e+00  2.49744263e+00  2.49465021e+00 -3.31940585e-05 
 4.50140000e-03  2.49999120e+00  3.82983844e+00  2.50041960e+00  2.49762306e+00 -3.31726018e-05 
 4.50640000e-03  2.49995980e+00  3.83281872e+00  2.50339672e+00  2.50059883e+00 -3.31511419e-05 
 4.51140000e-03  2.49992843e+00  3.83579650e+00  2.50637104e+00  2.50357456e+00 -3.31297001e-05 
 4.51640000e-03  2.49989714e+00  3.83876884e+00  2.50933962e+00  2.50654731e+00 -3.31082975e-05 
 4.52140000e-03  2.49986594e+00  3.84173281e+00  2.51229953e+00  2.50951416e+00 -3.30869553e-05 
 4.52640000e-03  2.49983488e+00  3.84468547e+00  2.51524786e+00  2.51247217e+00 -3.30656945e-05 
 4.53140000e-03  2.49980399e+00  3.84762393e+00  2.51818170e+00  2.51541843e+00 -3.30445361e-05 
 4.53640000e-03  2.49977328e+00  3.85054528e+00  2.52109815e+00  2.51835002e+00 -3.30235008e-05 
 4.54140000e-03  2.49974280e+00  3.85344666e+00  2.52399436e+00  2.52126408e+00 -3.30026093e-05 
 4.54640000e-03  2.49971257e+00  3.85632520e+00  2.52686747e+00  2.52415772e+00 -3.29818822e-05 
 4.55140000e-03  2.49968263e+00  3.85917809e+00  2.52971466e+00  2.52702810e+00 -3.29613398e-05 
 4.55640000e-03  2.49965300e+00  3.86200252e+00  2.53253313e+00  2.52987240e+00 -3.29410022e-05 
 4.56140000e-03  2.49962371e+00  3.86479572e+00  2.53532012e+00  2.53268784e+00 -3.29208894e-05 
 4.56640000e-03  2.49959479e+00  3.86755494e+00  2.53807290e+00  2.53547164e+00 -3.29010210e-05 
 4.57140000e-03  2.49956628e+00  3.87027750e+00  2.54078876e+00  2.53822108e+00 -3.28814165e-05 
 4.57640000e-03  2.49953819e+00  3.87296072e+00  2.54346506e+00  2.54093346e+00 -3.28620950e-05 
 4.58140000e-03  2.49951056e+00  3.87560198e+00  2.54609916e+00  2.54360613e+00 -3.28430754e-05 
 4.58640000e-03  2.49948341e+00  3.87819870e+00  2.54868851e+00  2.54623648e+00 -3.28243761e-05 
 4.59140000e-03  2.49945677e+00  3.88074833e+00  2.55123057e+00  2.54882194e+00 -3.28060154e-05 
 4.59640000e-03  2.49943066e+00  3.88324840e+00  2.55372285e+00  2.55135997e+00 -3.27880112e-05 
 4.60140000e-03  2.49940512e+00  3.88569647e+00  2.55616293e+00  2.55384811e+00 -3.27703810e-05 
 4.60640000e-03  2.49938017e+00  3.88809014e+00  2.55854844e+00  2.55628393e+00 -3.27531418e-05 
 4.61140000e-03  2.49935582e+00  3.89042710e+00  2.56087704e+00  2.55866505e+00 -3.27363105e-05 
 4.61640000e-03  2.49933212e+00  3.89270506e+00  2.56314648e+00  2.56098915e+00 -3.27199032e-05 
 4.62140000e-03  2.49930907e+00  3.89492181e+00  2.56535454e+00  2.56325398e+00 -3.27039359e-05 
 4.62640000e-03  2.49928670e+00  3.89707521e+00  2.56749908e+00  2.56545734e+00 -3.26884241e-05 
 4.63140000e-03  2.49926504e+00  3.89916314e+00  2.56957803e+00  2.56759707e+00 -3.26733827e-05 
 4.63640000e-03  2.49924410e+00  3.90118360e+00  2.57158936e+00  2.56967111e+00 -3.26588263e-05 
 4.64140000e-03  2.49922391e+00  3.90313463e+00  2.57353112e+00  2.57167745e+00 -3.26447689e-05 
 4.64640000e-03  2.49920448e+00  3.90501432e+00  2.57540143e+00  2.57361413e+00 -3.26312240e-05 
 4.65140000e-03  2.49918584e+00  3.90682087e+00  2.57719848e+00  2.57547929e+00 -3.26182047e-05 
 4.65640000e-03  2.49916801e+00  3.90855253e+00  2.57892054e+00  2.57727111e+00 -3.26057236e-05 
 4.66140000e-03  2.49915099e+00  3.91020761e+00  2.58056593e+00  2.57898787e+00 -3.25937926e-05 
 4.66640000e-03  2.49913481e+00  3.91178453e+00  2.58213308e+00  2.58062789e+00 -3.25824231e-05 
 4.67140000e-03  2.49911949e+00  3.91328175e+00  2.58362045e+00  2.58218961e+00 -3.25716263e-05 
 4.67640000e-03  2.49910503e+00  3.91469784e+00  2.58502662e+00  2.58367150e+00 -3.25614123e-05 
 4.68140000e-03  2.49909146e+00  3.91603142e+00  2.58635024e+00  2.58507215e+00 -3.25517910e-05 
 4.68640000e-03  2.49907879e+00  3.91728121e+00  2.58759001e+00  2.58639019e+00 -3.25427715e-05 
 4.69140000e-03  2.49906702e+00  3.91844601e+00  2.58874476e+00  2.58762435e+00 -3.25343627e-05 
 4.69640000e-03  2.49905618e+00  3.91952469e+00  2.58981337e+00  2.58877346e+00 -3.25265724e-05 
 4.70140000e-03  2.49904626e+00  3.92051622e+00  2.59079480e+00  2.58983639e+00 -3.25194082e-05 
 4.70640000e-03  2.49903729e+00  3.92141963e+00  2.59168811e+00  2.59081213e+00 -3.25128769e-05 
 4.71140000e-03  2.49902927e+00  3.92223407e+00  2.59249245e+00  2.59169974e+00 -3.25069847e-05 
 4.71640000e-03  2.49902220e+00  3.92295874e+00  2.59320704e+00  2.59249836e+00 -3.25017373e-05 
 4.72140000e-03  2.49901610e+00  3.92359295e+00  2.59383119e+00  2.59320722e+00 -3.24971398e-05 
 4.72640000e-03  2.49901097e+00  3.92413609e+00  2.59436430e+00  2.59382564e+00 -3.24931964e-05 
 4.73140000e-03  2.49900682e+00  3.92458764e+00  2.59480586e+00  2.59435303e+00 -3.24899110e-05 
 4.73640000e-03  2.49900365e+00  3.92494715e+00  2.59515544e+00  2.59478888e+00 -3.24872867e-05 
 4.74140000e-03  2.49900146e+00  3.92521430e+00  2.59541272e+00  2.59513277e+00 -3.24853261e-05 
 4.74640000e-03  2.49900026e+00  3.92538881e+00  2.59557743e+00  2.59538437e+00 -3.24840309e-05 
 4.75140000e-03  2.49900004e+00  3.92547052e+00  2.59564942e+00  2.59554343e+00 -3.24834024e-05 
 4.75640000e-03  2.49900081e+00  3.92545936e+00  2.59562862e+00  2.59560981e+00 -3.24834413e-05 
 4.76140000e-03  2.49900256e+00  3.92535532e+00  2.59551506e+00  2.59558344e+00 -3.24841475e-05 
 4.76640000e-03  2.49900530e+00  3.92515852e+00  2.59530884e+00  2.59546435e+00 -3.24855204e-05 
 4.77140000e-03  2.49900903e+00  3.92486914e+00  2.59501015e+00  2.59525264e+00 -3.24875586e-05 
 4.77640000e-03  2.49901373e+00  3.92448746e+00  2.59461929e+00  2.59494853e+00 -3.24902602e-05 
 4.78140000e-03  2.49901940e+00  3.92401383e+00  2.59413663e+00  2.59455230e+00 -3.24936226e-05 
 4.78640000e-03  2.49902604e+00  3.92344873e+00  2.59356263e+00  2.59406433e+00 -3.24976426e-05 
 4.79140000e-03  2.49903364e+00  3.92279269e+00  2.59289784e+00  2.59348510e+00 -3.25023165e-05 
 4.79640000e-03  2.49904220e+00  3.92204634e+00  2.59214291e+00  2.59281515e+00 -3.25076397e-05 
 4.80140000e-03  2.49905170e+00  3.92121039e+00  2.59129855e+00  2.59205513e+00 -3.25136071e-05 
 4.80640000e-03  2.49906214e+00  3.92028566e+00  2.59036558e+00  2.59120578e+00 -3.25202132e-05 
 4.81140000e-03  2.49907350e+00  3.91927303e+00  2.58934490e+00  2.59026791e+00 -3.25274515e-05 
 4.81640000e-03  2.49908577e+00  3.91817347e+00  2.58823749e+00  2.58924241e+00 -3.25353151e-05 
 4.82140000e-03  2.49909895e+00  3.91698805e+00  2.58704441e+00  2.58813029e+00 -3.25437966e-05 
 4.82640000e-03  2.49911302e+00  3.91571789e+00  2.58576682e+00  2.58693260e+00 -3.25528878e-05 
 4.83140000e-03  2.49912796e+00  3.91436424e+00  2.58440594e+00  2.58565050e+00 -3.25625800e-05 
 4.83640000e-03  2.49914377e+00  3.91292839e+00  2.58296309e+00  2.58428523e+00 -3.25728640e-05 
 4.84140000e-03  2.49916042e+00  3.91141173e+00  2.58143965e+00  2.58283811e+00 -3.25837298e-05 
 4.84640000e-03  2.49917790e+00  3.90981572e+00  2.57983710e+00  2.58131052e+00 -3.25951671e-05 
 4.85140000e-03  2.49919618e+00  3.90814190e+00  2.57815699e+00  2.57970394e+00 -3.26071649e-05 
 4.85640000e-03  2.49921527e+00  3.90639188e+00  2.57640093e+00  2.57801993e+00 -3.26197116e-05 
 4.86140000e-03  2.49923512e+00  3.90456737e+00  2.57457063e+00  2.57626011e+00 -3.26327953e-05 
 4.86640000e-03  2.49925574e+00  3.90267013e+00  2.57266786e+00  2.57442618e+00 -3.26464032e-05 
 4.87140000e-03  2.49927708e+00  3.90070198e+00  2.57069445e+00  2.57251991e+00 -3.26605224e-05 
 4.87640000e-03  2.49929914e+00  3.89866485e+00  2.56865233e+00  2.57054316e+00 -3.26751391e-05 
 4.88140000e-03  2.49932189e+00  3.89656069e+00  2.56654346e+00  2.56849784e+00 -3.26902394e-05 
 4.88640000e-03  2.49934531e+00  3.89439156e+00  2.56436989e+00  2.56638592e+00 -3.27058086e-05 
 4.89140000e-03  2.49936938e+00  3.89215956e+00  2.56213374e+00  2.56420946e+00 -3.27218316e-05 
 4.89640000e-03  2.49939407e+00  3.88986686e+00  2.55983718e+00  2.56197057e+00 -3.27382931e-05 
 4.90140000e-03  2.49941935e+00  3.88751568e+00  2.55748244e+00  2.55967143e+00 -3.27551770e-05 
 4.90640000e-03  2.49944521e+00  3.88510831e+00  2.55507180e+00  2.55731427e+00 -3.27724669e-05 
 4.91140000e-03  2.49947162e+00  3.88264711e+00  2.55260762e+00  2.55490138e+00 -3.27901462e-05 
 4.91640000e-03  2.49949855e+00  3.88013445e+00  2.55009230e+00  2.55243512e+00 -3.28081977e-05 
 4.92140000e-03  2.49952597e+00  3.87757280e+00  2.54752829e+00  2.54991788e+00 -3.28266037e-05 
 4.92640000e-03  2.49955386e+00  3.87496466e+00  2.54491809e+00  2.54735212e+00 -3.28453464e-05 
 4.93140000e-03  2.49958220e+00  3.87231257e+00  2.54226425e+00  2.54474035e+00 -3.28644076e-05 
 4.93640000e-03  2.49961094e+00  3.86961912e+00  2.53956937e+00  2.54208511e+00 -3.28837686e-05 
 4.94140000e-03  2.49964007e+00  3.86688696e+00  2.53683607e+00  2.53938901e+00 -3.29034106e-05 
 4.94640000e-03  2.49966955e+00  3.86411874e+00  2.53406705e+00  2.53665467e+00 -3.29233144e-05 
 4.95140000e-03  2.49969936e+00  3.86131719e+00  2.53126500e+00  2.53388478e+00 -3.29434606e-05 
 4.95640000e-03  2.49972947e+00  3.85848505e+00  2.52843268e+00  2.53108204e+00 -3.29638293e-05 
 4.96140000e-03  2.49975984e+00  3.85562510e+00  2.52557286e+00  2.52824921e+00 -3.29844008e-05 
 4.96640000e-03  2.49979045e+00  3.85274015e+00  2.52268836e+00  2.52538907e+00 -3.30051547e-05 
 4.97140000e-03  2.49982127e+00  3.84983303e+00  2.51978200e+00  2.52250443e+00 -3.30260707e-05 
 4.97640000e-03  2.49985226e+00  3.84690661e+00  2.51685665e+00  2.51959811e+00 -3.30471283e-05 
 4.98140000e-03  2.49988340e+00  3.84396376e+00  2.51391519e+00  2.51667298e+00 -3.30683068e-05 
 4.98640000e-03  2.49991465e+00  3.84100738e+00  2.51096050e+00  2.51373191e+00 -3.30895854e-05 
 4.99140000e-03  2.49994599e+00  3.83804038e+00  2.50799551e+00  2.51077781e+00 -3.31109429e-05 
 4.99640000e-03  2.49997738e+00  3.83506569e+00  2.50502314e+00  2.50781359e+00 -3.31323585e-05 
 5.00140000e-03  2.50000880e+00  3.83208625e+00  2.50204632e+00  2.50484216e+00 -3.31538110e-05 
 5.00640000e-03  2.50004020e+00  3.82910500e+00  2.49906799e+00  2.50186646e+00 -3.31752791e-05 
 5.01140000e-03  2.50007157e+00  3.82612489e+00  2.49609109e+00  2.49888943e+00 -3.31967417e-05 
 5.01640000e-03  2.50010286e+00  3.82314885e+00  2.49311857e+00  2.49591402e+00 -3.32181776e-05 
 5.02140000e-03  2.50013406e+00  3.82017985e+00  2.49015338e+00  2.49294315e+00 -3.32395654e-05 
 5.02640000e-03  2.50016512e+00  3.81722082e+00  2.48719844e+00  2.48997979e+00 -3.32608840e-05 
 5.03140000e-03  2.50019601e+00  3.81427468e+00  2.48425668e+00  2.48702685e+00 -3.32821122e-05 
 5.03640000e-03  2.50022672e+00  3.81134437e+00  2.48133103e+00  2.48408727e+00 -3.33032290e-05 
 5.04140000e-03  2.50025720e+00  3.80843279e+00  2.47842438e+00  2.48116396e+00 -3.33242134e-05 
 5.04640000e-03  2.50028743e+00  3.80554282e+00  2.47553962e+00  2.47825982e+00 -3.33450446e-05 
 5.05140000e-03  2.50031737e+00  3.80267735e+00  2.47267962e+00  2.47537774e+00 -3.33657017e-05 
 5.05640000e-03  2.50034700e+00  3.79983921e+00  2.46984721e+00  2.47252057e+00 -3.33861643e-05 
 5.06140000e-03  2.50037629e+00  3.79703123e+00  2.46704522e+00  2.46969116e+00 -3.34064119e-05 
 5.06640000e-03  2.50040521e+00  3.79425621e+00  2.46427643e+00  2.46689232e+00 -3.34264244e-05 
 5.07140000e-03  2.50043372e+00  3.79151690e+00  2.46154360e+00  2.46412683e+00 -3.34461818e-05 
 5.07640000e-03  2.50046181e+00  3.78881603e+00  2.45884944e+00  2.46139745e+00 -3.34656643e-05 
 5.08140000e-03  2.50048944e+00  3.78615630e+00  2.45619665e+00  2.45870689e+00 -3.34848526e-05 
 5.08640000e-03  2.50051659e+00  3.78354036e+00  2.45358786e+00  2.45605784e+00 -3.35037274e-05 
 5.09140000e-03  2.50054323e+00  3.78097081e+00  2.45102569e+00  2.45345293e+00 -3.35222698e-05 
 5.09640000e-03  2.50056934e+00  3.77845022e+00  2.44851268e+00  2.45089477e+00 -3.35404614e-05 
 5.10140000e-03  2.50059488e+00  3.77598110e+00  2.44605134e+00  2.44838591e+00 -3.35582838e-05 
 5.10640000e-03  2.50061983e+00  3.77356592e+00  2.44364413e+00  2.44592884e+00 -3.35757192e-05 
 5.11140000e-03  2.50064418e+00  3.77120709e+00  2.44129346e+00  2.44352603e+00 -3.35927502e-05 
 5.11640000e-03  2.50066788e+00  3.76890698e+00  2.43900168e+00  2.44117988e+00 -3.36093597e-05 
 5.12140000e-03  2.50069093e+00  3.76666787e+00  2.43677107e+00  2.43889272e+00 -3.36255310e-05 
 5.12640000e-03  2.50071330e+00  3.76449201e+00  2.43460386e+00  2.43666685e+00 -3.36412479e-05 
 5.13140000e-03  2.50073496e+00  3.76238157e+00  2.43250223e+00  2.43450449e+00 -3.36564945e-05 
 5.13640000e-03  2.50075590e+00  3.76033867e+00  2.43046828e+00  2.43240780e+00 -3.36712557e-05 
 5.14140000e-03  2.50077609e+00  3.75836535e+00  2.42850404e+00  2.43037888e+00 -3.36855166e-05 
 5.14640000e-03  2.50079552e+00  3.75646358e+00  2.42661148e+00  2.42841977e+00 -3.36992627e-05 
 5.15140000e-03  2.50081416e+00  3.75463528e+00  2.42479249e+00  2.42653242e+00 -3.37124804e-05 
 5.15640000e-03  2.50083199e+00  3.75288226e+00  2.42304890e+00  2.42471872e+00 -3.37251562e-05 
 5.16140000e-03  2.50084901e+00  3.75120630e+00  2.42138245e+00  2.42298049e+00 -3.37372776e-05 
 5.16640000e-03  2.50086519e+00  3.74960906e+00  2.41979481e+00  2.42131948e+00 -3.37488321e-05 
 5.17140000e-03  2.50088051e+00  3.74809215e+00  2.41828758e+00  2.41973734e+00 -3.37598083e-05 
 5.17640000e-03  2.50089497e+00  3.74665709e+00  2.41686227e+00  2.41823566e+00 -3.37701951e-05 
 5.18140000e-03  2.50090854e+00  3.74530532e+00  2.41552030e+00  2.41681595e+00 -3.37799820e-05 
 5.18640000e-03  2.50092121e+00  3.74403819e+00  2.41426302e+00  2.41547964e+00 -3.37891591e-05 
 5.19140000e-03  2.50093298e+00  3.74285698e+00  2.41309169e+00  2.41422805e+00 -3.37977172e-05 
 5.19640000e-03  2.50094382e+00  3.74176287e+00  2.41200749e+00  2.41306245e+00 -3.38056477e-05 
 5.20140000e-03  2.50095374e+00  3.74075695e+00  2.41101150e+00  2.41198401e+00 -3.38129426e-05 
 5.20640000e-03  2.50096271e+00  3.73984024e+00  2.41010472e+00  2.41099380e+00 -3.38195945e-05 
 5.21140000e-03  2.50097073e+00  3.73901366e+00  2.40928807e+00  2.41009282e+00 -3.38255968e-05 
 5.21640000e-03  2.50097780e+00  3.73827803e+00  2.40856236e+00  2.40928198e+00 -3.38309433e-05 
 5.22140000e-03  2.50098390e+00  3.73763410e+00  2.40792832e+00  2.40856209e+00 -3.38356287e-05 
 5.22640000e-03  2.50098903e+00  3.73708250e+00  2.40738659e+00  2.40793387e+00 -3.38396483e-05 
 5.23140000e-03  2.50099318e+00  3.73662380e+00  2.40693771e+00  2.40739796e+00 -3.38429980e-05 
 5.23640000e-03  2.50099635e+00  3.73625846e+00  2.40658213e+00  2.40695488e+00 -3.38456744e-05 
 5.24140000e-03  2.50099854e+00  3.73598683e+00  2.40632021e+00  2.40660508e+00 -3.38476749e-05 
 5.24640000e-03  2.50099974e+00  3.73580920e+00  2.40615221e+00  2.40634892e+00 -3.38489974e-05 
 5.25140000e-03  2.50099996e+00  3.73572574e+00  2.40607830e+00  2.40618665e+00 -3.38496405e-05 
 5.25640000e-03  2.50099919e+00  3.73573653e+00  2.40609855e+00  2.40611844e+00 -3.38496038e-05 
 5.26140000e-03  2.50099744e+00  3.73584156e+00  2.40621294e+00  2.40614434e+00 -3.38488871e-05 
 5.26640000e-03  2.50099470e+00  3.73604073e+00  2.40642136e+00  2.40626435e+00 -3.38474913e-05 
 5.27140000e-03  2.50099097e+00  3.73633383e+00  2.40672359e+00  2.40647832e+00 -3.38454176e-05 
 5.27640000e-03  2.50098627e+00  3.73672058e+00  2.40711934e+00  2.40678606e+00 -3.38426684e-05 
 5.28140000e-03  2.50098060e+00  3.73720058e+00  2.40760820e+00  2.40718725e+00 -3.38392462e-05 
 5.28640000e-03  2.50097396e+00  3.73777334e+00  2.40818968e+00  2.40768148e+00 -3.38351547e-05 
 5.29140000e-03  2.50096636e+00  3.73843831e+00  2.40886320e+00  2.40826826e+00 -3.38303978e-05 
 5.29640000e-03  2.50095780e+00  3.73919479e+00  2.40962808e+00  2.40894700e+00 -3.38249805e-05 
 5.30140000e-03  2.50094830e+00  3.74004204e+00  2.41048356e+00  2.40971702e+00 -3.38189081e-05 
 5.30640000e-03  2.50093786e+00  3.74097921e+00  2.41142877e+00  2.41057754e+00 -3.38121869e-05 
 5.31140000e-03  2.50092650e+00  3.74200535e+00  2.41246277e+00  2.41152770e+00 -3.38048236e-05 
 5.31640000e-03  2.50091423e+00  3.74311943e+00  2.41358451e+00  2.41256654e+00 -3.37968256e-05 
 5.32140000e-03  2.50090105e+00  3.74432034e+00  2.41479287e+00  2.41369303e+00 -3.37882010e-05 
 5.32640000e-03  2.50088698e+00  3.74560686e+00  2.41608664e+00  2.41490603e+00 -3.37789586e-05 
 5.33140000e-03  2.50087204e+00  3.74697772e+00  2.41746451e+00  2.41620433e+00 -3.37691075e-05 
 5.33640000e-03  2.50085623e+00  3.74843152e+00  2.41892511e+00  2.41758661e+00 -3.37586579e-05 
 5.34140000e-03  2.50083958e+00  3.74996682e+00  2.42046698e+00  2.41905150e+00 -3.37476201e-05 
 5.34640000e-03  2.50082210e+00  3.75158207e+00  2.42208855e+00  2.42059752e+00 -3.37360054e-05 
 5.35140000e-03  2.50080382e+00  3.75327565e+00  2.42378822e+00  2.42222312e+00 -3.37238254e-05 
 5.35640000e-03  2.50078473e+00  3.75504587e+00  2.42556427e+00  2.42392668e+00 -3.37110923e-05 
 5.36140000e-03  2.50076488e+00  3.75689095e+00  2.42741492e+00  2.42570648e+00 -3.36978191e-05 
 5.36640000e-03  2.50074426e+00  3.75880905e+00  2.42933832e+00  2.42756075e+00 -3.36840190e-05 
 5.37140000e-03  2.50072292e+00  3.76079823e+00  2.43133255e+00  2.42948761e+00 -3.36697060e-05 
 5.37640000e-03  2.50070086e+00  3.76285652e+00  2.43339560e+00  2.43148516e+00 -3.36548944e-05 
 5.38140000e-03  2.50067811e+00  3.76498184e+00  2.43552541e+00  2.43355137e+00 -3.36395991e-05 
 5.38640000e-03  2.50065469e+00  3.76717208e+00  2.43771985e+00  2.43568419e+00 -3.36238356e-05 
 5.39140000e-03  2.50063062e+00  3.76942503e+00  2.43997672e+00  2.43788148e+00 -3.36076195e-05 
 5.39640000e-03  2.50060593e+00  3.77173845e+00  2.44229377e+00  2.44014104e+00 -3.35909673e-05 
 5.40140000e-03  2.50058065e+00  3.77411003e+00  2.44466868e+00  2.44246061e+00 -3.35738955e-05 
 5.40640000e-03  2.50055479e+00  3.77653739e+00  2.44709907e+00  2.44483788e+00 -3.35564214e-05 
 5.41140000e-03  2.50052838e+00  3.77901811e+00  2.44958253e+00  2.44727046e+00 -3.35385625e-05 
 5.41640000e-03  2.50050145e+00  3.78154971e+00  2.45211655e+00  2.44975593e+00 -3.35203366e-05 
 5.42140000e-03  2.50047403e+00  3.78412966e+00  2.45469863e+00  2.45229181e+00 -3.35017619e-05 
 5.42640000e-03  2.50044614e+00  3.78675539e+00  2.45732618e+00  2.45487556e+00 -3.34828572e-05 
 5.43140000e-03  2.50041780e+00  3.78942429e+00  2.45999658e+00  2.45750460e+00 -3.34636412e-05 
 5.43640000e-03  2.50038906e+00  3.79213368e+00  2.46270717e+00  2.46017632e+00 -3.34441332e-05 
 5.44140000e-03  2.50035993e+00  3.79488088e+00  2.46545525e+00  2.46288805e+00 -3.34243528e-05 
 5.44640000e-03  2.50033045e+00  3.79766314e+00  2.46823807e+00  2.46563708e+00 -3.34043195e-05 
 5.45140000e-03  2.50030064e+00  3.80047770e+00  2.47105288e+00  2.46842069e+00 -3.33840534e-05 
 5.45640000e-03  2.50027053e+00  3.80332175e+00  2.47389687e+00  2.47123610e+00 -3.33635748e-05 
 5.46140000e-03  2.50024016e+00  3.80619247e+00  2.47676722e+00  2.47408051e+00 -3.33429040e-05 
 5.46640000e-03  2.50020955e+00  3.80908701e+00  2.47966106e+00  2.47695108e+00 -3.33220616e-05 
 5.47140000e-03  2.50017873e+00  3.81200248e+00  2.48257553e+00  2.47984498e+00 -3.33010683e-05 
 5.47640000e-03  2.50014774e+00  3.81493600e+00  2.48550773e+00  2.48275932e+00 -3.32799450e-05 
 5.48140000e-03  2.50011660e+00  3.81788466e+00  2.48845475e+00  2.48569121e+00 -3.32587127e-05 
 5.48640000e-03  2.50008535e+00  3.82084553e+00  2.49141368e+00  2.48863774e+00 -3.32373924e-05 
 5.49140000e-03  2.50005401e+00  3.82381567e+00  2.49438158e+00  2.49159600e+00 -3.32160054e-05 
 5.49640000e-03  2.50002262e+00  3.82679215e+00  2.49735550e+00  2.49456304e+00 -3.31945728e-05 
 5.50140000e-03  2.49999120e+00  3.82977202e+00  2.50033252e+00  2.49753594e+00 -3.31731158e-05 
 5.50640000e-03  2.49995980e+00  3.83275234e+00  2.50330968e+00  2.50051174e+00 -3.31516556e-05 
 5.51140000e-03  2.49992843e+00  3.83573015e+00  2.50628404e+00  2.50348752e+00 -3.31302135e-05 
 5.51640000e-03  2.49989714e+00  3.83870253e+00  2.50925266e+00  2.50646032e+00 -3.31088107e-05 
 5.52140000e-03  2.49986594e+00  3.84166652e+00  2.51221262e+00  2.50942721e+00 -3.30874682e-05 
 5.52640000e-03  2.49983488e+00  3.84461922e+00  2.51516099e+00  2.51238526e+00 -3.30662071e-05 
 5.53140000e-03  2.49980399e+00  3.84755771e+00  2.51809487e+00  2.51533156e+00 -3.30450483e-05 
 5.53640000e-03  2.49977328e+00  3.85047910e+00  2.52101137e+00  2.51826320e+00 -3.30240127e-05 
 5.54140000e-03  2.49974280e+00  3.85338051e+00  2.52390762e+00  2.52117729e+00 -3.30031210e-05 
 5.54640000e-03  2.49971257e+00  3.85625909e+00  2.52678078e+00  2.52407098e+00 -3.29823936e-05 
 5.55140000e-03  2.49968263e+00  3.85911201e+00  2.52962801e+00  2.52694140e+00 -3.29618509e-05 
 5.55640000e-03  2.49965300e+00  3.86193648e+00  2.53244652e+00  2.52978575e+00 -3.29415130e-05 
 5.56140000e-03  2.49962371e+00  3.86472971e+00  2.53523355e+00  2.53260123e+00 -3.29213999e-05 
 5.56640000e-03  2.49959479e+00  3.86748897e+00  2.53798637e+00  2.53538507e+00 -3.29015313e-05 
 5.57140000e-03  2.49956628e+00  3.87021156e+00  2.54070228e+00  2.53813455e+00 -3.28819265e-05 
 5.57640000e-03  2.49953819e+00  3.87289482e+00  2.54337862e+00  2.54084698e+00 -3.28626047e-05 
 5.58140000e-03  2.49951056e+00  3.87553611e+00  2.54601277e+00  2.54351970e+00 -3.28435847e-05 
 5.58640000e-03  2.49948341e+00  3.87813286e+00  2.54860215e+00  2.54615009e+00 -3.28248852e-05 
 5.59140000e-03  2.49945677e+00  3.88068253e+00  2.55114425e+00  2.54873558e+00 -3.28065242e-05 
 5.59640000e-03  2.49943066e+00  3.88318263e+00  2.55363658e+00  2.55127366e+00 -3.27885198e-05 
 5.60140000e-03  2.49940512e+00  3.88563073e+00  2.55607670e+00  2.55376184e+00 -3.27708892e-05 
 5.60640000e-03  2.49938017e+00  3.88802444e+00  2.55846225e+00  2.55619770e+00 -3.27536498e-05 
 5.61140000e-03  2.49935582e+00  3.89036143e+00  2.56079089e+00  2.55857886e+00 -3.27368182e-05 
 5.61640000e-03  2.49933212e+00  3.89263942e+00  2.56306037e+00  2.56090301e+00 -3.27204106e-05 
 5.62140000e-03  2.49930907e+00  3.89485620e+00  2.56526847e+00  2.56316788e+00 -3.27044431e-05 
 5.62640000e-03  2.49928670e+00  3.89700963e+00  2.56741306e+00  2.56537127e+00 -3.26889310e-05 
 5.63140000e-03  2.49926504e+00  3.89909759e+00  2.56949204e+00  2.56751105e+00 -3.26738894e-05 
 5.63640000e-03  2.49924410e+00  3.90111809e+00  2.57150341e+00  2.56958513e+00 -3.26593327e-05 
 5.64140000e-03  2.49922391e+00  3.90306914e+00  2.57344521e+00  2.57159150e+00 -3.26452750e-05 
 5.64640000e-03  2.49920448e+00  3.90494886e+00  2.57531556e+00  2.57352822e+00 -3.26317299e-05 
 5.65140000e-03  2.49918584e+00  3.90675544e+00  2.57711265e+00  2.57539342e+00 -3.26187104e-05 
 5.65640000e-03  2.49916801e+00  3.90848712e+00  2.57883474e+00  2.57718528e+00 -3.26062290e-05 
 5.66140000e-03  2.49915099e+00  3.91014224e+00  2.58048017e+00  2.57890207e+00 -3.25942977e-05 
 5.66640000e-03  2.49913481e+00  3.91171918e+00  2.58204735e+00  2.58054213e+00 -3.25829281e-05 
 5.67140000e-03  2.49911949e+00  3.91321643e+00  2.58353476e+00  2.58210388e+00 -3.25721310e-05 
 5.67640000e-03  2.49910503e+00  3.91463255e+00  2.58494097e+00  2.58358581e+00 -3.25619168e-05 
 5.68140000e-03  2.49909146e+00  3.91596616e+00  2.58626462e+00  2.58498649e+00 -3.25522952e-05 
 5.68640000e-03  2.49907879e+00  3.91721597e+00  2.58750443e+00  2.58630457e+00 -3.25432756e-05 
 5.69140000e-03  2.49906702e+00  3.91838080e+00  2.58865921e+00  2.58753877e+00 -3.25348665e-05 
 5.69640000e-03  2.49905618e+00  3.91945951e+00  2.58972785e+00  2.58868791e+00 -3.25270761e-05 
 5.70140000e-03  2.49904626e+00  3.92045106e+00  2.59070931e+00  2.58975088e+00 -3.25199116e-05 
 5.70640000e-03  2.49903729e+00  3.92135449e+00  2.59160266e+00  2.59072665e+00 -3.25133801e-05 
 5.71140000e-03  2.49902927e+00  3.92216895e+00  2.59240703e+00  2.59161429e+00 -3.25074878e-05 
 5.71640000e-03  2.49902220e+00  3.92289365e+00  2.59312165e+00  2.59241294e+00 -3.25022402e-05 
 5.72140000e-03  2.49901610e+00  3.92352788e+00  2.59374583e+00  2.59312183e+00 -3.24976425e-05 
 5.72640000e-03  2.49901097e+00  3.92407104e+00  2.59427897e+00  2.59374028e+00 -3.24936990e-05 
 5.73140000e-03  2.49900682e+00  3.92452261e+00  2.59472056e+00  2.59426770e+00 -3.24904134e-05 
 5.73640000e-03  2.49900365e+00  3.92488214e+00  2.59507017e+00  2.59470358e+00 -3.24877890e-05 
 5.74140000e-03  2.49900146e+00  3.92514931e+00  2.59532747e+00  2.59504750e+00 -3.24858281e-05 
 5.74640000e-03  2.49900026e+00  3.92532384e+00  2.59549221e+00  2.59529912e+00 -3.24845328e-05 
 5.75140000e-03  2.49900004e+00  3.92540557e+00  2.59556423e+00  2.59545822e+00 -3.24839042e-05 
 5.75640000e-03  2.49900081e+00  3.92539442e+00  2.59554346e+00  2.59552462e+00 -3.24839430e-05 
 5.76140000e-03  2.49900256e+00  3.92529040e+00  2.59542992e+00  2.59549828e+00 -3.24846490e-05 
 5.76640000e-03  2.49900530e+00  3.92509362e+00  2.59522372e+00  2.59537921e+00 -3.24860218e-05 
 5.77140000e-03  2.49900903e+00  3.92480425e+00  2.59492506e+00  2.59516753e+00 -3.24880598e-05 
 5.77640000e-03  2.49901373e+00  3.92442258e+00  2.59453422e+00  2.59486344e+00 -3.24907613e-05 
 5.78140000e-03  2.49901940e+00  3.92394898e+00  2.59405158e+00  2.59446723e+00 -3.24941236e-05 
 5.78640000e-03  2.49902604e+00  3.92338389e+00  2.59347761e+00  2.59397929e+00 -3.24981435e-05 
 5.79140000e-03  2.49903364e+00  3.92272786e+00  2.59281284e+00  2.59340008e+00 -3.25028173e-05 
 5.79640000e-03  2.49904220e+00  3.92198152e+00  2.59205793e+00  2.59273015e+00 -3.25081404e-05 
 5.80140000e-03  2.49905170e+00  3.92114559e+00  2.59121359e+00  2.59197016e+00 -3.25141077e-05 
 5.80640000e-03  2.49906214e+00  3.92022087e+00  2.59028065e+00  2.59112083e+00 -3.25207137e-05 
 5.81140000e-03  2.49907350e+00  3.91920825e+00  2.58925999e+00  2.59018297e+00 -3.25279519e-05 
 5.81640000e-03  2.49908577e+00  3.91810870e+00  2.58815259e+00  2.58915750e+00 -3.25358155e-05 
 5.82140000e-03  2.49909895e+00  3.91692329e+00  2.58695954e+00  2.58804539e+00 -3.25442969e-05 
 5.82640000e-03  2.49911302e+00  3.91565314e+00  2.58568196e+00  2.58684772e+00 -3.25533880e-05 
 5.83140000e-03  2.49912796e+00  3.91429950e+00  2.58432110e+00  2.58556564e+00 -3.25630802e-05 
 5.83640000e-03  2.49914377e+00  3.91286366e+00  2.58287826e+00  2.58420039e+00 -3.25733641e-05 
 5.84140000e-03  2.49916042e+00  3.91134700e+00  2.58135484e+00  2.58275328e+00 -3.25842298e-05 
 5.84640000e-03  2.49917790e+00  3.90975100e+00  2.57975231e+00  2.58122571e+00 -3.25956671e-05 
 5.85140000e-03  2.49919618e+00  3.90807719e+00  2.57807221e+00  2.57961915e+00 -3.26076648e-05 
 5.85640000e-03  2.49921527e+00  3.90632718e+00  2.57631617e+00  2.57793515e+00 -3.26202115e-05 
 5.86140000e-03  2.49923512e+00  3.90450268e+00  2.57448589e+00  2.57617534e+00 -3.26332951e-05 
 5.86640000e-03  2.49925574e+00  3.90260544e+00  2.57258313e+00  2.57434143e+00 -3.26469030e-05 
 5.87140000e-03  2.49927708e+00  3.90063730e+00  2.57060974e+00  2.57243518e+00 -3.26610222e-05 
 5.87640000e-03  2.49929914e+00  3.89860017e+00  2.56856762e+00  2.57045844e+00 -3.26756389e-05 
 5.88140000e-03  2.49932189e+00  3.89649602e+00  2.56645877e+00  2.56841313e+00 -3.26907391e-05 
 5.88640000e-03  2.49934531e+00  3.89432689e+00  2.56428522e+00  2.56630123e+00 -3.27063083e-05 
 5.89140000e-03  2.49936938e+00  3.89209489e+00  2.56204908e+00  2.56412478e+00 -3.27223313e-05 
 5.89640000e-03  2.49939407e+00  3.88980219e+00  2.55975253e+00  2.56188591e+00 -3.27387928e-05 
 5.90140000e-03  2.49941935e+00  3.88745102e+00  2.55739779e+00  2.55958678e+00 -3.27556766e-05 
 5.90640000e-03  2.49944521e+00  3.88504366e+00  2.55498717e+00  2.55722963e+00 -3.27729666e-05 
 5.91140000e-03  2.49947162e+00  3.88258245e+00  2.55252300e+00  2.55481675e+00 -3.27906459e-05 
 5.91640000e-03  2.49949855e+00  3.88006980e+00  2.55000769e+00  2.55235050e+00 -3.28086973e-05 
 5.92140000e-03  2.49952597e+00  3.87750816e+00  2.54744369e+00  2.54983327e+00 -3.28271033e-05 
 5.92640000e-03  2.49955386e+00  3.87490002e+00  2.54483350e+00  2.54726753e+00 -3.28458460e-05 
 5.93140000e-03  2.49958220e+00  3.87224793e+00  2.54217968e+00  2.54465577e+00 -3.28649072e-05 
 5.93640000e-03  2.49961094e+00  3.86955448e+00  2.53948480e+00  2.54200054e+00 -3.28842682e-05 
 5.94140000e-03  2.49964007e+00  3.86682232e+00  2.53675152e+00  2.53930444e+00 -3.29039103e-05 
 5.94640000e-03  2.49966955e+00  3.86405410e+00  2.53398251e+00  2.53657012e+00 -3.29238141e-05 
 5.95140000e-03  2.49969936e+00  3.86125256e+00  2.53118047e+00  2.53380024e+00 -3.29439602e-05 
 5.95640000e-03  2.49972947e+00  3.85842042e+00  2.52834816e+00  2.53099751e+00 -3.29643290e-05 
 5.96140000e-03  2.49975984e+00  3.85556047e+00  2.52548835e+00  2.52816469e+00 -3.29849004e-05 
 5.96640000e-03  2.49979045e+00  3.85267552e+00  2.52260386e+00  2.52530456e+00 -3.30056543e-05 
 5.97140000e-03  2.49982127e+00  3.84976841e+00  2.51969751e+00  2.52241993e+00 -3.30265704e-05 
 5.97640000e-03  2.49985226e+00  3.84684199e+00  2.51677217e+00  2.51951362e+00 -3.30476280e-05 
 5.98140000e-03  2.49988340e+00  3.84389914e+00  2.51383072e+00  2.51658850e+00 -3.30688065e-05 
 5.98640000e-03  2.49991465e+00  3.84094276e+00  2.51087604e+00  2.51364744e+00 -3.30900850e-05 
 5.99140000e-03  2.49994599e+00  3.83797576e+00  2.50791106e+00  2.51069335e+00 -3.31114426e-05 
 5.99640000e-03  2.49997738e+00  3.83500108e+00  2.50493870e+00  2.50772914e+00 -3.31328582e-05 
 6.00140000e-03  2.50000880e+00  3.83202164e+00  2.50196189e+00  2.50475772e+00 -3.31543106e-05 
 6.00640000e-03  2.50004020e+00  3.82904039e+00  2.49898357e+00  2.50178203e+00 -3.31757788e-05 
 6.01140000e-03  2.50007157e+00  3.82606028e+00  2.49600668e+00  2.49880501e+00 -3.31972414e-05 
 6.01640000e-03  2.50010286e+00  3.82308425e+00  2.49303418e+00  2.49582961e+00 -3.32186772e-05 
 6.02140000e-03  2.50013406e+00  3.82011524e+00  2.49006899e+00  2.49285876e+00 -3.32400650e-05 
 6.02640000e-03  2.50016512e+00  3.81715621e+00  2.48711406e+00  2.48989540e+00 -3.32613836e-05 
 6.03140000e-03  2.50019601e+00  3.81421008e+00  2.48417232e+00  2.48694248e+00 -3.32826118e-05 
 6.03640000e-03  2.50022672e+00  3.81127977e+00  2.48124668e+00  2.48400291e+00 -3.33037287e-05 
 6.04140000e-03  2.50025720e+00  3.80836819e+00  2.47834004e+00  2.48107961e+00 -3.33247131e-05 
 6.04640000e-03  2.50028743e+00  3.80547823e+00  2.47545529e+00  2.47817548e+00 -3.33455442e-05 
 6.05140000e-03  2.50031737e+00  3.80261276e+00  2.47259530e+00  2.47529341e+00 -3.33662013e-05 
 6.05640000e-03  2.50034700e+00  3.79977462e+00  2.46976291e+00  2.47243625e+00 -3.33866639e-05 
 6.06140000e-03  2.50037629e+00  3.79696665e+00  2.46696093e+00  2.46960685e+00 -3.34069115e-05 
 6.06640000e-03  2.50040521e+00  3.79419163e+00  2.46419215e+00  2.46680802e+00 -3.34269240e-05 
 6.07140000e-03  2.50043372e+00  3.79145233e+00  2.46145933e+00  2.46404255e+00 -3.34466813e-05 
 6.07640000e-03  2.50046181e+00  3.78875146e+00  2.45876519e+00  2.46131318e+00 -3.34661639e-05 
 6.08140000e-03  2.50048944e+00  3.78609174e+00  2.45611241e+00  2.45862263e+00 -3.34853521e-05 
 6.08640000e-03  2.50051659e+00  3.78347580e+00  2.45350363e+00  2.45597360e+00 -3.35042268e-05 
 6.09140000e-03  2.50054323e+00  3.78090625e+00  2.45094147e+00  2.45336871e+00 -3.35227692e-05 
 6.09640000e-03  2.50056934e+00  3.77838567e+00  2.44842848e+00  2.45081056e+00 -3.35409607e-05 
 6.10140000e-03  2.50059488e+00  3.77591656e+00  2.44596715e+00  2.44830171e+00 -3.35587831e-05 
 6.10640000e-03  2.50061983e+00  3.77350139e+00  2.44355996e+00  2.44584466e+00 -3.35762185e-05 
 6.11140000e-03  2.50064418e+00  3.77114257e+00  2.44120931e+00  2.44344187e+00 -3.35932495e-05 
 6.11640000e-03  2.50066788e+00  3.76884246e+00  2.43891754e+00  2.44109572e+00 -3.36098589e-05 
 6.12140000e-03  2.50069093e+00  3.76660336e+00  2.43668694e+00  2.43880858e+00 -3.36260302e-05 
 6.12640000e-03  2.50071330e+00  3.76442750e+00  2.43451976e+00  2.43658273e+00 -3.36417470e-05 
 6.13140000e-03  2.50073496e+00  3.76231707e+00  2.43241814e+00  2.43442038e+00 -3.36569936e-05 
 6.13640000e-03  2.50075590e+00  3.76027418e+00  2.43038421e+00  2.43232371e+00 -3.36717547e-05 
 6.14140000e-03  2.50077609e+00  3.75830087e+00  2.42841998e+00  2.43029481e+00 -3.36860155e-05 
 6.14640000e-03  2.50079552e+00  3.75639911e+00  2.42652744e+00  2.42833571e+00 -3.36997616e-05 
 6.15140000e-03  2.50081416e+00  3.75457082e+00  2.42470847e+00  2.42644838e+00 -3.37129792e-05 
 6.15640000e-03  2.50083199e+00  3.75281781e+00  2.42296489e+00  2.42463470e+00 -3.37256550e-05 
 6.16140000e-03  2.50084901e+00  3.75114186e+00  2.42129846e+00  2.42289649e+00 -3.37377763e-05 
 6.16640000e-03  2.50086519e+00  3.74954463e+00  2.41971085e+00  2.42123549e+00 -3.37493308e-05 
 6.17140000e-03  2.50088051e+00  3.74802773e+00  2.41820364e+00  2.41965337e+00 -3.37603069e-05 
 6.17640000e-03  2.50089497e+00  3.74659268e+00  2.41677834e+00  2.41815172e+00 -3.37706936e-05 
 6.18140000e-03  2.50090854e+00  3.74524092e+00  2.41543639e+00  2.41673203e+00 -3.37804803e-05 
 6.18640000e-03  2.50092121e+00  3.74397381e+00  2.41417913e+00  2.41539573e+00 -3.37896574e-05 
 6.19140000e-03  2.50093298e+00  3.74279261e+00  2.41300782e+00  2.41414417e+00 -3.37982154e-05 
 6.19640000e-03  2.50094382e+00  3.74169851e+00  2.41192364e+00  2.41297859e+00 -3.38061458e-05 
 6.20140000e-03  2.50095374e+00  3.74069261e+00  2.41092767e+00  2.41190016e+00 -3.38134406e-05 
 6.20640000e-03  2.50096271e+00  3.73977591e+00  2.41002092e+00  2.41090998e+00 -3.38200924e-05 
 6.21140000e-03  2.50097073e+00  3.73894934e+00  2.40920429e+00  2.41000903e+00 -3.38260946e-05 
 6.21640000e-03  2.50097780e+00  3.73821373e+00  2.40847861e+00  2.40919821e+00 -3.38314410e-05 
 6.22140000e-03  2.50098390e+00  3.73756981e+00  2.40784459e+00  2.40847834e+00 -3.38361263e-05 
 6.22640000e-03  2.50098903e+00  3.73701823e+00  2.40730288e+00  2.40785014e+00 -3.38401457e-05 
 6.23140000e-03  2.50099318e+00  3.73655955e+00  2.40685403e+00  2.40731425e+00 -3.38434953e-05 
 6.23640000e-03  2.50099635e+00  3.73619422e+00  2.40649847e+00  2.40687120e+00 -3.38461716e-05 
 6.24140000e-03  2.50099854e+00  3.73592261e+00  2.40623658e+00  2.40652142e+00 -3.38481719e-05 
 6.24640000e-03  2.50099974e+00  3.73574499e+00  2.40606860e+00  2.40626529e+00 -3.38494942e-05 
 6.25140000e-03  2.50099996e+00  3.73566155e+00  2.40599471e+00  2.40610305e+00 -3.38501373e-05 
 6.25640000e-03  2.50099919e+00  3.73567236e+00  2.40601499e+00  2.40603486e+00 -3.38501004e-05 
 6.26140000e-03  2.50099744e+00  3.73577741e+00  2.40612941e+00  2.40606079e+00 -3.38493836e-05 
 6.26640000e-03  2.50099470e+00  3.73597659e+00  2.40633785e+00  2.40618082e+00 -3.38479876e-05 
 6.27140000e-03  2.50099097e+00  3.73626972e+00  2.40664011e+00  2.40639482e+00 -3.38459138e-05 
 6.27640000e-03  2.50098627e+00  3.73665648e+00  2.40703589e+00  2.40670259e+00 -3.38431644e-05 
 6.28140000e-03  2.50098060e+00  3.73713650e+00  2.40752478e+00  2.40710380e+00 -3.38397421e-05 
 6.28640000e-03  2.50097396e+00  3.73770929e+00  2.40810629e+00  2.40759806e+00 -3.38356503e-05 
 6.29140000e-03  2.50096636e+00  3.73837427e+00  2.40877984e+00  2.40818487e+00 -3.38308933e-05 
 6.29640000e-03  2.50095780e+00  3.73913078e+00  2.40954475e+00  2.40886364e+00 -3.38254758e-05 
 6.30140000e-03  2.50094830e+00  3.73997805e+00  2.41040026e+00  2.40963368e+00 -3.38194033e-05 
 6.30640000e-03  2.50093786e+00  3.74091524e+00  2.41134550e+00  2.41049423e+00 -3.38126819e-05 
 6.31140000e-03  2.50092650e+00  3.74194140e+00  2.41237952e+00  2.41144443e+00 -3.38053184e-05 
 6.31640000e-03  2.50091423e+00  3.74305551e+00  2.41350129e+00  2.41248330e+00 -3.37973202e-05 
 6.32140000e-03  2.50090105e+00  3.74425643e+00  2.41470969e+00  2.41360982e+00 -3.37886955e-05 
 6.32640000e-03  2.50088698e+00  3.74554298e+00  2.41600349e+00  2.41482285e+00 -3.37794528e-05 
 6.33140000e-03  2.50087204e+00  3.74691386e+00  2.41738139e+00  2.41612118e+00 -3.37696016e-05 
 6.33640000e-03  2.50085623e+00  3.74836769e+00  2.41884203e+00  2.41750349e+00 -3.37591517e-05 
 6.34140000e-03  2.50083958e+00  3.74990301e+00  2.42038392e+00  2.41896841e+00 -3.37481138e-05 
 6.34640000e-03  2.50082210e+00  3.75151828e+00  2.42200553e+00  2.42051447e+00 -3.37364988e-05 
 6.35140000e-03  2.50080382e+00  3.75321189e+00  2.42370523e+00  2.42214010e+00 -3.37243186e-05 
 6.35640000e-03  2.50078473e+00  3.75498214e+00  2.42548132e+00  2.42384369e+00 -3.37115854e-05 
 6.36140000e-03  2.50076488e+00  3.75682725e+00  2.42733200e+00  2.42562353e+00 -3.36983119e-05 
 6.36640000e-03  2.50074426e+00  3.75874537e+00  2.42925544e+00  2.42747783e+00 -3.36845116e-05 
 6.37140000e-03  2.50072292e+00  3.76073458e+00  2.43124970e+00  2.42940473e+00 -3.36701984e-05 
 6.37640000e-03  2.50070086e+00  3.76279289e+00  2.43331279e+00  2.43140231e+00 -3.36553866e-05 
 6.38140000e-03  2.50067811e+00  3.76491824e+00  2.43544263e+00  2.43346856e+00 -3.36400911e-05 
 6.38640000e-03  2.50065469e+00  3.76710850e+00  2.43763711e+00  2.43560141e+00 -3.36243273e-05 
 6.39140000e-03  2.50063062e+00  3.76936149e+00  2.43989402e+00  2.43779874e+00 -3.36081110e-05 
 6.39640000e-03  2.50060593e+00  3.77167494e+00  2.44221110e+00  2.44005834e+00 -3.35914585e-05 
 6.40140000e-03  2.50058065e+00  3.77404654e+00  2.44458605e+00  2.44237795e+00 -3.35743865e-05 
 6.40640000e-03  2.50055479e+00  3.77647393e+00  2.44701648e+00  2.44475525e+00 -3.35569122e-05 
 6.41140000e-03  2.50052838e+00  3.77895468e+00  2.44949997e+00  2.44718787e+00 -3.35390530e-05 
 6.41640000e-03  2.50050145e+00  3.78148631e+00  2.45203403e+00  2.44967338e+00 -3.35208268e-05 
 6.42140000e-03  2.50047403e+00  3.78406629e+00  2.45461615e+00  2.45220929e+00 -3.35022519e-05 
 6.42640000e-03  2.50044614e+00  3.78669205e+00  2.45724373e+00  2.45479308e+00 -3.34833469e-05 
 6.43140000e-03  2.50041780e+00  3.78936098e+00  2.45991417e+00  2.45742216e+00 -3.34641307e-05 
 6.43640000e-03  2.50038906e+00  3.79207040e+00  2.46262480e+00  2.46009391e+00 -3.34446225e-05 
 6.44140000e-03  2.50035993e+00  3.79481763e+00  2.46537292e+00  2.46280568e+00 -3.34248417e-05 
 6.44640000e-03  2.50033045e+00  3.79759992e+00  2.46815578e+00  2.46555476e+00 -3.34048082e-05 
 6.45140000e-03  2.50030064e+00  3.80041451e+00  2.47097063e+00  2.46833840e+00 -3.33845419e-05 
 6.45640000e-03  2.50027053e+00  3.80325860e+00  2.47381466e+00  2.47115385e+00 -3.33640630e-05 
 6.46140000e-03  2.50024016e+00  3.80612935e+00  2.47668504e+00  2.47399830e+00 -3.33433919e-05 
 6.46640000e-03  2.50020955e+00  3.80902392e+00  2.47957893e+00  2.47686891e+00 -3.33225492e-05 
 6.47140000e-03  2.50017873e+00  3.81193942e+00  2.48249344e+00  2.47976285e+00 -3.33015557e-05 
 6.47640000e-03  2.50014774e+00  3.81487297e+00  2.48542568e+00  2.48267723e+00 -3.32804321e-05 
 6.48140000e-03  2.50011660e+00  3.81782166e+00  2.48837274e+00  2.48560916e+00 -3.32591995e-05 
 6.48640000e-03  2.50008535e+00  3.82078256e+00  2.49133171e+00  2.48855573e+00 -3.32378790e-05 
 6.49140000e-03  2.50005401e+00  3.82375274e+00  2.49429965e+00  2.49151403e+00 -3.32164917e-05 
 6.49640000e-03  2.50002262e+00  3.82672925e+00  2.49727361e+00  2.49448111e+00 -3.31950588e-05 
 6.50140000e-03  2.49999120e+00  3.82970915e+00  2.50025067e+00  2.49745405e+00 -3.31736015e-05 
 6.50640000e-03  2.49995980e+00  3.83268950e+00  2.50322787e+00  2.50042990e+00 -3.31521411e-05 
 6.51140000e-03  2.49992843e+00  3.83566735e+00  2.50620227e+00  2.50340571e+00 -3.31306987e-05 
 6.51640000e-03  2.49989714e+00  3.83863976e+00  2.50917093e+00  2.50637855e+00 -3.31092956e-05 
 6.52140000e-03  2.49986594e+00  3.84160379e+00  2.51213093e+00  2.50934548e+00 -3.30879528e-05 
 6.52640000e-03  2.49983488e+00  3.84455652e+00  2.51507934e+00  2.51230358e+00 -3.30666915e-05 
 6.53140000e-03  2.49980399e+00  3.84749504e+00  2.51801327e+00  2.51524991e+00 -3.30455324e-05 
 6.53640000e-03  2.49977328e+00  3.85041646e+00  2.52092981e+00  2.51818160e+00 -3.30244965e-05 
 6.54140000e-03  2.49974280e+00  3.85331791e+00  2.52382610e+00  2.52109573e+00 -3.30036045e-05 
 6.54640000e-03  2.49971257e+00  3.85619652e+00  2.52669929e+00  2.52398946e+00 -3.29828768e-05 
 6.55140000e-03  2.49968263e+00  3.85904947e+00  2.52954657e+00  2.52685992e+00 -3.29623339e-05 
 6.55640000e-03  2.49965300e+00  3.86187397e+00  2.53236512e+00  2.52970431e+00 -3.29419957e-05 
 6.56140000e-03  2.49962371e+00  3.86466723e+00  2.53515219e+00  2.53251983e+00 -3.29218824e-05 
 6.56640000e-03  2.49959479e+00  3.86742653e+00  2.53790505e+00  2.53530371e+00 -3.29020134e-05 
 6.57140000e-03  2.49956628e+00  3.87014915e+00  2.54062100e+00  2.53805324e+00 -3.28824084e-05 
 6.57640000e-03  2.49953819e+00  3.87283244e+00  2.54329738e+00  2.54076570e+00 -3.28630863e-05 
 6.58140000e-03  2.49951056e+00  3.87547376e+00  2.54593157e+00  2.54343846e+00 -3.28440661e-05 
 6.58640000e-03  2.49948341e+00  3.87807054e+00  2.54852099e+00  2.54606889e+00 -3.28253663e-05 
 6.59140000e-03  2.49945677e+00  3.88062024e+00  2.55106313e+00  2.54865443e+00 -3.28070051e-05 
 6.59640000e-03  2.49943066e+00  3.88312038e+00  2.55355550e+00  2.55119254e+00 -3.27890003e-05 
 6.60140000e-03  2.49940512e+00  3.88556851e+00  2.55599566e+00  2.55368076e+00 -3.27713695e-05 
 6.60640000e-03  2.49938017e+00  3.88796225e+00  2.55838125e+00  2.55611666e+00 -3.27541298e-05 
 6.61140000e-03  2.49935582e+00  3.89029927e+00  2.56070993e+00  2.55849786e+00 -3.27372980e-05 
 6.61640000e-03  2.49933212e+00  3.89257729e+00  2.56297944e+00  2.56082204e+00 -3.27208902e-05 
 6.62140000e-03  2.49930907e+00  3.89479410e+00  2.56518758e+00  2.56308695e+00 -3.27049224e-05 
 6.62640000e-03  2.49928670e+00  3.89694756e+00  2.56733221e+00  2.56529039e+00 -3.26894101e-05 
 6.63140000e-03  2.49926504e+00  3.89903555e+00  2.56941123e+00  2.56743020e+00 -3.26743682e-05 
 6.63640000e-03  2.49924410e+00  3.90105607e+00  2.57142263e+00  2.56950432e+00 -3.26598112e-05 
 6.64140000e-03  2.49922391e+00  3.90300716e+00  2.57336447e+00  2.57151073e+00 -3.26457533e-05 
 6.64640000e-03  2.49920448e+00  3.90488691e+00  2.57523485e+00  2.57344749e+00 -3.26322080e-05 
 6.65140000e-03  2.49918584e+00  3.90669351e+00  2.57703198e+00  2.57531272e+00 -3.26191882e-05 
 6.65640000e-03  2.49916801e+00  3.90842523e+00  2.57875411e+00  2.57710461e+00 -3.26067066e-05 
 6.66140000e-03  2.49915099e+00  3.91008037e+00  2.58039958e+00  2.57882144e+00 -3.25947751e-05 
 6.66640000e-03  2.49913481e+00  3.91165734e+00  2.58196679e+00  2.58046154e+00 -3.25834053e-05 
 6.67140000e-03  2.49911949e+00  3.91315461e+00  2.58345423e+00  2.58202332e+00 -3.25726080e-05 
 6.67640000e-03  2.49910503e+00  3.91457075e+00  2.58486047e+00  2.58350529e+00 -3.25623935e-05 
 6.68140000e-03  2.49909146e+00  3.91590439e+00  2.58618415e+00  2.58490600e+00 -3.25527718e-05 
 6.68640000e-03  2.49907879e+00  3.91715423e+00  2.58742400e+00  2.58622411e+00 -3.25437520e-05 
 6.69140000e-03  2.49906702e+00  3.91831908e+00  2.58857881e+00  2.58745834e+00 -3.25353427e-05 
 6.69640000e-03  2.49905618e+00  3.91939781e+00  2.58964748e+00  2.58860751e+00 -3.25275520e-05 
 6.70140000e-03  2.49904626e+00  3.92038938e+00  2.59062898e+00  2.58967051e+00 -3.25203874e-05 
 6.70640000e-03  2.49903729e+00  3.92129284e+00  2.59152236e+00  2.59064632e+00 -3.25138557e-05 
 6.71140000e-03  2.49902927e+00  3.92210732e+00  2.59232676e+00  2.59153398e+00 -3.25079632e-05 
 6.71640000e-03  2.49902220e+00  3.92283204e+00  2.59304141e+00  2.59233266e+00 -3.25027155e-05 
 6.72140000e-03  2.49901610e+00  3.92346629e+00  2.59366561e+00  2.59304158e+00 -3.24981176e-05 
 6.72640000e-03  2.49901097e+00  3.92400947e+00  2.59419878e+00  2.59366007e+00 -3.24941739e-05 
 6.73140000e-03  2.49900682e+00  3.92446106e+00  2.59464040e+00  2.59418751e+00 -3.24908881e-05 
 6.73640000e-03  2.49900365e+00  3.92482061e+00  2.59499004e+00  2.59462342e+00 -3.24882635e-05 
 6.74140000e-03  2.49900146e+00  3.92508780e+00  2.59524736e+00  2.59496737e+00 -3.24863026e-05 
 6.74640000e-03  2.49900026e+00  3.92526234e+00  2.59541213e+00  2.59521902e+00 -3.24850071e-05 
 6.75140000e-03  2.49900004e+00  3.92534409e+00  2.59548417e+00  2.59537814e+00 -3.24843784e-05 
 6.75640000e-03  2.49900081e+00  3.92533296e+00  2.59546343e+00  2.59544457e+00 -3.24844170e-05 
 6.76140000e-03  2.49900256e+00  3.92522896e+00  2.59534992e+00  2.59541825e+00 -3.24851229e-05 
 6.76640000e-03  2.49900530e+00  3.92503219e+00  2.59514374e+00  2.59529921e+00 -3.24864955e-05 
 6.77140000e-03  2.49900903e+00  3.92474284e+00  2.59484510e+00  2.59508755e+00 -3.24885335e-05 
 6.77640000e-03  2.49901373e+00  3.92436119e+00  2.59445429e+00  2.59478348e+00 -3.24912348e-05 
 6.78140000e-03  2.49901940e+00  3.92388760e+00  2.59397167e+00  2.59438730e+00 -3.24945970e-05 
 6.78640000e-03  2.49902604e+00  3.92332252e+00  2.59339771e+00  2.59389938e+00 -3.24986169e-05 
 6.79140000e-03  2.49903364e+00  3.92266650e+00  2.59273297e+00  2.59332019e+00 -3.25032905e-05 
 6.79640000e-03  2.49904220e+00  3.92192018e+00  2.59197808e+00  2.59265028e+00 -3.25086135e-05 
 6.80140000e-03  2.49905170e+00  3.92108426e+00  2.59113376e+00  2.59189031e+00 -3.25145808e-05 
 6.80640000e-03  2.49906214e+00  3.92015955e+00  2.59020083e+00  2.59104099e+00 -3.25211867e-05 
 6.81140000e-03  2.49907350e+00  3.91914694e+00  2.58918019e+00  2.59010316e+00 -3.25284248e-05 
 6.81640000e-03  2.49908577e+00  3.91804740e+00  2.58807282e+00  2.58907771e+00 -3.25362883e-05 
 6.82140000e-03  2.49909895e+00  3.91686199e+00  2.58687978e+00  2.58796562e+00 -3.25447696e-05 
 6.82640000e-03  2.49911302e+00  3.91559186e+00  2.58560222e+00  2.58676797e+00 -3.25538607e-05 
 6.83140000e-03  2.49912796e+00  3.91423823e+00  2.58424137e+00  2.58548590e+00 -3.25635528e-05 
 6.83640000e-03  2.49914377e+00  3.91280240e+00  2.58279855e+00  2.58412067e+00 -3.25738366e-05 
 6.84140000e-03  2.49916042e+00  3.91128575e+00  2.58127515e+00  2.58267357e+00 -3.25847023e-05 
 6.84640000e-03  2.49917790e+00  3.90968975e+00  2.57967263e+00  2.58114602e+00 -3.25961395e-05 
 6.85140000e-03  2.49919618e+00  3.90801594e+00  2.57799255e+00  2.57953947e+00 -3.26081372e-05 
 6.85640000e-03  2.49921527e+00  3.90626595e+00  2.57623653e+00  2.57785549e+00 -3.26206839e-05 
 6.86140000e-03  2.49923512e+00  3.90444145e+00  2.57440625e+00  2.57609570e+00 -3.26337675e-05 
 6.86640000e-03  2.49925574e+00  3.90254421e+00  2.57250351e+00  2.57426180e+00 -3.26473753e-05 
 6.87140000e-03  2.49927708e+00  3.90057608e+00  2.57053013e+00  2.57235556e+00 -3.26614944e-05 
 6.87640000e-03  2.49929914e+00  3.89853895e+00  2.56848803e+00  2.57037884e+00 -3.26761111e-05 
 6.88140000e-03  2.49932189e+00  3.89643481e+00  2.56637919e+00  2.56833354e+00 -3.26912113e-05 
 6.88640000e-03  2.49934531e+00  3.89426569e+00  2.56420565e+00  2.56622165e+00 -3.27067805e-05 
 6.89140000e-03  2.49936938e+00  3.89203370e+00  2.56196952e+00  2.56404522e+00 -3.27228035e-05 
 6.89640000e-03  2.49939407e+00  3.88974100e+00  2.55967298e+00  2.56180635e+00 -3.27392649e-05 
 6.90140000e-03  2.49941935e+00  3.88738983e+00  2.55731826e+00  2.55950723e+00 -3.27561488e-05 
 6.90640000e-03  2.49944521e+00  3.88498247e+00  2.55490765e+00  2.55715010e+00 -3.27734387e-05 
 6.91140000e-03  2.49947162e+00  3.88252127e+00  2.55244349e+00  2.55473723e+00 -3.27911180e-05 
 6.91640000e-03  2.49949855e+00  3.88000862e+00  2.54992819e+00  2.55227099e+00 -3.28091694e-05 
 6.92140000e-03  2.49952597e+00  3.87744698e+00  2.54736420e+00  2.54975377e+00 -3.28275754e-05 
 6.92640000e-03  2.49955386e+00  3.87483884e+00  2.54475403e+00  2.54718804e+00 -3.28463181e-05 
 6.93140000e-03  2.49958220e+00  3.87218676e+00  2.54210021e+00  2.54457629e+00 -3.28653793e-05 
 6.93640000e-03  2.49961094e+00  3.86949331e+00  2.53940535e+00  2.54192107e+00 -3.28847403e-05 
 6.94140000e-03  2.49964007e+00  3.86676115e+00  2.53667207e+00  2.53922499e+00 -3.29043823e-05 
 6.94640000e-03  2.49966955e+00  3.86399294e+00  2.53390307e+00  2.53649067e+00 -3.29242861e-05 
 6.95140000e-03  2.49969936e+00  3.86119139e+00  2.53110104e+00  2.53372080e+00 -3.29444323e-05 
 6.95640000e-03  2.49972947e+00  3.85835925e+00  2.52826874e+00  2.53091808e+00 -3.29648010e-05 
 6.96140000e-03  2.49975984e+00  3.85549931e+00  2.52540894e+00  2.52808528e+00 -3.29853725e-05 
 6.96640000e-03  2.49979045e+00  3.85261436e+00  2.52252446e+00  2.52522516e+00 -3.30061264e-05 
 6.97140000e-03  2.49982127e+00  3.84970725e+00  2.51961812e+00  2.52234053e+00 -3.30270424e-05 
 6.97640000e-03  2.49985226e+00  3.84678083e+00  2.51669279e+00  2.51943423e+00 -3.30481001e-05 
 6.98140000e-03  2.49988340e+00  3.84383798e+00  2.51375135e+00  2.51650912e+00 -3.30692786e-05 
 6.98640000e-03  2.49991465e+00  3.84088160e+00  2.51079668e+00  2.51356808e+00 -3.30905571e-05 
 6.99140000e-03  2.49994599e+00  3.83791461e+00  2.50783171e+00  2.51061399e+00 -3.31119147e-05 
 6.99640000e-03  2.49997738e+00  3.83493993e+00  2.50485936e+00  2.50764979e+00 -3.31333303e-05 
 7.00140000e-03  2.50000880e+00  3.83196049e+00  2.50188256e+00  2.50467838e+00 -3.31547827e-05 
 7.00640000e-03  2.50004020e+00  3.82897924e+00  2.49890425e+00  2.50170270e+00 -3.31762509e-05 
 7.01140000e-03  2.50007157e+00  3.82599913e+00  2.49592737e+00  2.49872569e+00 -3.31977135e-05 
 7.01640000e-03  2.50010286e+00  3.82302310e+00  2.49295488e+00  2.49575030e+00 -3.32191493e-05 
 7.02140000e-03  2.50013406e+00  3.82005411e+00  2.48998970e+00  2.49277946e+00 -3.32405371e-05 
 7.02640000e-03  2.50016512e+00  3.81709508e+00  2.48703478e+00  2.48981611e+00 -3.32618557e-05 
 7.03140000e-03  2.50019601e+00  3.81414895e+00  2.48409305e+00  2.48686320e+00 -3.32830839e-05 
 7.03640000e-03  2.50022672e+00  3.81121864e+00  2.48116742e+00  2.48392364e+00 -3.33042007e-05 
 7.04140000e-03  2.50025720e+00  3.80830706e+00  2.47826079e+00  2.48100035e+00 -3.33251851e-05 
 7.04640000e-03  2.50028743e+00  3.80541710e+00  2.47537606e+00  2.47809624e+00 -3.33460162e-05 
 7.05140000e-03  2.50031737e+00  3.80255164e+00  2.47251608e+00  2.47521418e+00 -3.33666734e-05 
 7.05640000e-03  2.50034700e+00  3.79971351e+00  2.46968370e+00  2.47235703e+00 -3.33871359e-05 
 7.06140000e-03  2.50037629e+00  3.79690554e+00  2.46688173e+00  2.46952764e+00 -3.34073835e-05 
 7.06640000e-03  2.50040521e+00  3.79413052e+00  2.46411296e+00  2.46672882e+00 -3.34273960e-05 
 7.07140000e-03  2.50043372e+00  3.79139122e+00  2.46138015e+00  2.46396336e+00 -3.34471533e-05 
 7.07640000e-03  2.50046181e+00  3.78869036e+00  2.45868602e+00  2.46123400e+00 -3.34666358e-05 
 7.08140000e-03  2.50048944e+00  3.78603064e+00  2.45603325e+00  2.45854347e+00 -3.34858240e-05 
 7.08640000e-03  2.50051659e+00  3.78341471e+00  2.45342450e+00  2.45589445e+00 -3.35046987e-05 
 7.09140000e-03  2.50054323e+00  3.78084517e+00  2.45086235e+00  2.45328957e+00 -3.35232411e-05 
 7.09640000e-03  2.50056934e+00  3.77832459e+00  2.44834936e+00  2.45073143e+00 -3.35414326e-05 
 7.10140000e-03  2.50059488e+00  3.77585548e+00  2.44588806e+00  2.44822260e+00 -3.35592549e-05 
 7.10640000e-03  2.50061983e+00  3.77344032e+00  2.44348088e+00  2.44576556e+00 -3.35766903e-05 
 7.11140000e-03  2.50064418e+00  3.77108150e+00  2.44113024e+00  2.44336278e+00 -3.35937212e-05 
 7.11640000e-03  2.50066788e+00  3.76878140e+00  2.43883848e+00  2.44101666e+00 -3.36103306e-05 
 7.12140000e-03  2.50069093e+00  3.76654231e+00  2.43660790e+00  2.43872953e+00 -3.36265018e-05 
 7.12640000e-03  2.50071330e+00  3.76436646e+00  2.43444073e+00  2.43650369e+00 -3.36422186e-05 
 7.13140000e-03  2.50073496e+00  3.76225604e+00  2.43233913e+00  2.43434136e+00 -3.36574652e-05 
 7.13640000e-03  2.50075590e+00  3.76021316e+00  2.43030521e+00  2.43224470e+00 -3.36722262e-05 
 7.14140000e-03  2.50077609e+00  3.75823985e+00  2.42834100e+00  2.43021582e+00 -3.36864869e-05 
 7.14640000e-03  2.50079552e+00  3.75633810e+00  2.42644848e+00  2.42825674e+00 -3.37002330e-05 
 7.15140000e-03  2.50081416e+00  3.75450982e+00  2.42462952e+00  2.42636942e+00 -3.37134505e-05 
 7.15640000e-03  2.50083199e+00  3.75275682e+00  2.42288597e+00  2.42455576e+00 -3.37261262e-05 
 7.16140000e-03  2.50084901e+00  3.75108088e+00  2.42121956e+00  2.42281757e+00 -3.37382474e-05 
 7.16640000e-03  2.50086519e+00  3.74948366e+00  2.41963196e+00  2.42115659e+00 -3.37498018e-05 
 7.17140000e-03  2.50088051e+00  3.74796677e+00  2.41812476e+00  2.41957449e+00 -3.37607779e-05 
 7.17640000e-03  2.50089497e+00  3.74653174e+00  2.41669949e+00  2.41807285e+00 -3.37711645e-05 
 7.18140000e-03  2.50090854e+00  3.74517999e+00  2.41535756e+00  2.41665318e+00 -3.37809512e-05 
 7.18640000e-03  2.50092121e+00  3.74391289e+00  2.41410032e+00  2.41531690e+00 -3.37901281e-05 
 7.19140000e-03  2.50093298e+00  3.74273170e+00  2.41292903e+00  2.41406535e+00 -3.37986861e-05 
 7.19640000e-03  2.50094382e+00  3.74163761e+00  2.41184487e+00  2.41289979e+00 -3.38066164e-05 
 7.20140000e-03  2.50095374e+00  3.74063172e+00  2.41084892e+00  2.41182139e+00 -3.38139111e-05 
 7.20640000e-03  2.50096271e+00  3.73971504e+00  2.40994219e+00  2.41083123e+00 -3.38205628e-05 
 7.21140000e-03  2.50097073e+00  3.73888848e+00  2.40912558e+00  2.40993030e+00 -3.38265648e-05 
 7.21640000e-03  2.50097780e+00  3.73815288e+00  2.40839992e+00  2.40911950e+00 -3.38319111e-05 
 7.22140000e-03  2.50098390e+00  3.73750898e+00  2.40776592e+00  2.40839965e+00 -3.38365963e-05 
 7.22640000e-03  2.50098903e+00  3.73695742e+00  2.40722424e+00  2.40777148e+00 -3.38406157e-05 
 7.23140000e-03  2.50099318e+00  3.73649875e+00  2.40677541e+00  2.40723561e+00 -3.38439651e-05 
 7.23640000e-03  2.50099635e+00  3.73613343e+00  2.40641988e+00  2.40679257e+00 -3.38466413e-05 
 7.24140000e-03  2.50099854e+00  3.73586184e+00  2.40615800e+00  2.40644283e+00 -3.38486415e-05 
 7.24640000e-03  2.50099974e+00  3.73568424e+00  2.40599005e+00  2.40618672e+00 -3.38499637e-05 
 7.25140000e-03  2.50099996e+00  3.73560081e+00  2.40591619e+00  2.40602450e+00 -3.38506066e-05 
 7.25640000e-03  2.50099919e+00  3.73561163e+00  2.40593649e+00  2.40595633e+00 -3.38505696e-05 
 7.26140000e-03  2.50099744e+00  3.73571670e+00  2.40605093e+00  2.40598229e+00 -3.38498526e-05 
 7.26640000e-03  2.50099470e+00  3.73591591e+00  2.40625940e+00  2.40610234e+00 -3.38484565e-05 
 7.27140000e-03  2.50099097e+00  3.73620905e+00  2.40656169e+00  2.40631637e+00 -3.38463826e-05 
 7.27640000e-03  2.50098627e+00  3.73659583e+00  2.40695749e+00  2.40662416e+00 -3.38436330e-05 
 7.28140000e-03  2.50098060e+00  3.73707587e+00  2.40744640e+00  2.40702540e+00 -3.38402105e-05 
 7.28640000e-03  2.50097396e+00  3.73764868e+00  2.40802794e+00  2.40751969e+00 -3.38361187e-05 
 7.29140000e-03  2.50096636e+00  3.73831368e+00  2.40870152e+00  2.40810652e+00 -3.38313615e-05 
 7.29640000e-03  2.50095780e+00  3.73907020e+00  2.40946646e+00  2.40878532e+00 -3.38259438e-05 
 7.30140000e-03  2.50094830e+00  3.73991750e+00  2.41032200e+00  2.40955540e+00 -3.38198711e-05 
 7.30640000e-03  2.50093786e+00  3.74085471e+00  2.41126726e+00  2.41041597e+00 -3.38131495e-05 
 7.31140000e-03  2.50092650e+00  3.74188089e+00  2.41230132e+00  2.41136619e+00 -3.38057859e-05 
 7.31640000e-03  2.50091423e+00  3.74299502e+00  2.41342312e+00  2.41240510e+00 -3.37977875e-05 
 7.32140000e-03  2.50090105e+00  3.74419597e+00  2.41463154e+00  2.41353165e+00 -3.37891626e-05 
 7.32640000e-03  2.50088698e+00  3.74548254e+00  2.41592537e+00  2.41474471e+00 -3.37799198e-05 
 7.33140000e-03  2.50087204e+00  3.74685344e+00  2.41730331e+00  2.41604306e+00 -3.37700684e-05 
 7.33640000e-03  2.50085623e+00  3.74830729e+00  2.41876397e+00  2.41742541e+00 -3.37596183e-05 
 7.34140000e-03  2.50083958e+00  3.74984263e+00  2.42030590e+00  2.41889036e+00 -3.37485802e-05 
 7.34640000e-03  2.50082210e+00  3.75145793e+00  2.42192754e+00  2.42043644e+00 -3.37369650e-05 
 7.35140000e-03  2.50080382e+00  3.75315156e+00  2.42362727e+00  2.42206211e+00 -3.37247846e-05 
 7.35640000e-03  2.50078473e+00  3.75492183e+00  2.42540339e+00  2.42376574e+00 -3.37120511e-05 
 7.36140000e-03  2.50076488e+00  3.75676697e+00  2.42725411e+00  2.42554560e+00 -3.36987775e-05 
 7.36640000e-03  2.50074426e+00  3.75868511e+00  2.42917758e+00  2.42739994e+00 -3.36849770e-05 
 7.37140000e-03  2.50072292e+00  3.76067435e+00  2.43117187e+00  2.42932687e+00 -3.36706635e-05 
 7.37640000e-03  2.50070086e+00  3.76273269e+00  2.43323499e+00  2.43132448e+00 -3.36558515e-05 
 7.38140000e-03  2.50067811e+00  3.76485806e+00  2.43536487e+00  2.43339076e+00 -3.36405558e-05 
 7.38640000e-03  2.50065469e+00  3.76704835e+00  2.43755938e+00  2.43552365e+00 -3.36247918e-05 
 7.39140000e-03  2.50063062e+00  3.76930136e+00  2.43981632e+00  2.43772101e+00 -3.36085753e-05 
 7.39640000e-03  2.50060593e+00  3.77161484e+00  2.44213344e+00  2.43998064e+00 -3.35919226e-05 
 7.40140000e-03  2.50058065e+00  3.77398647e+00  2.44450842e+00  2.44230029e+00 -3.35748504e-05 
 7.40640000e-03  2.50055479e+00  3.77641388e+00  2.44693889e+00  2.44467762e+00 -3.35573758e-05 
 7.41140000e-03  2.50052838e+00  3.77889466e+00  2.44942241e+00  2.44711028e+00 -3.35395164e-05 
 7.41640000e-03  2.50050145e+00  3.78142632e+00  2.45195651e+00  2.44959582e+00 -3.35212900e-05 
 7.42140000e-03  2.50047403e+00  3.78400633e+00  2.45453866e+00  2.45213177e+00 -3.35027149e-05 
 7.42640000e-03  2.50044614e+00  3.78663212e+00  2.45716629e+00  2.45471559e+00 -3.34838096e-05 
 7.43140000e-03  2.50041780e+00  3.78930107e+00  2.45983676e+00  2.45734471e+00 -3.34645932e-05 
 7.43640000e-03  2.50038906e+00  3.79201053e+00  2.46254742e+00  2.46001650e+00 -3.34450847e-05 
 7.44140000e-03  2.50035993e+00  3.79475779e+00  2.46529558e+00  2.46272831e+00 -3.34253037e-05 
 7.44640000e-03  2.50033045e+00  3.79754011e+00  2.46807848e+00  2.46547742e+00 -3.34052699e-05 
 7.45140000e-03  2.50030064e+00  3.80035473e+00  2.47089337e+00  2.46826110e+00 -3.33850033e-05 
 7.45640000e-03  2.50027053e+00  3.80319884e+00  2.47373743e+00  2.47107659e+00 -3.33645242e-05 
 7.46140000e-03  2.50024016e+00  3.80606962e+00  2.47660785e+00  2.47392107e+00 -3.33438529e-05 
 7.46640000e-03  2.50020955e+00  3.80896422e+00  2.47950177e+00  2.47679173e+00 -3.33230099e-05 
 7.47140000e-03  2.50017873e+00  3.81187975e+00  2.48241632e+00  2.47968570e+00 -3.33020161e-05 
 7.47640000e-03  2.50014774e+00  3.81481334e+00  2.48534860e+00  2.48260012e+00 -3.32808923e-05 
 7.48140000e-03  2.50011660e+00  3.81776205e+00  2.48829570e+00  2.48553209e+00 -3.32596595e-05 
 7.48640000e-03  2.50008535e+00  3.82072298e+00  2.49125471e+00  2.48847870e+00 -3.32383387e-05 
 7.49140000e-03  2.50005401e+00  3.82369319e+00  2.49422268e+00  2.49143703e+00 -3.32169511e-05 
 7.49640000e-03  2.50002262e+00  3.82666973e+00  2.49719669e+00  2.49440415e+00 -3.31955180e-05 
 7.50140000e-03  2.49999120e+00  3.82964967e+00  2.50017378e+00  2.49737713e+00 -3.31740604e-05 
 7.50640000e-03  2.49995980e+00  3.83263005e+00  2.50315102e+00  2.50035301e+00 -3.31525997e-05 
 7.51140000e-03  2.49992843e+00  3.83560793e+00  2.50612546e+00  2.50332887e+00 -3.31311571e-05 
 7.51640000e-03  2.49989714e+00  3.83858036e+00  2.50909416e+00  2.50630175e+00 -3.31097537e-05 
 7.52140000e-03  2.49986594e+00  3.84154443e+00  2.51205420e+00  2.50926872e+00 -3.30884107e-05 
 7.52640000e-03  2.49983488e+00  3.84449719e+00  2.51500265e+00  2.51222685e+00 -3.30671490e-05 
 7.53140000e-03  2.49980399e+00  3.84743574e+00  2.51793661e+00  2.51517323e+00 -3.30459897e-05 
 7.53640000e-03  2.49977328e+00  3.85035720e+00  2.52085319e+00  2.51810495e+00 -3.30249536e-05 
 7.54140000e-03  2.49974280e+00  3.85325867e+00  2.52374952e+00  2.52101912e+00 -3.30040613e-05 
 7.54640000e-03  2.49971257e+00  3.85613731e+00  2.52662276e+00  2.52391289e+00 -3.29833334e-05 
 7.55140000e-03  2.49968263e+00  3.85899030e+00  2.52947007e+00  2.52678339e+00 -3.29627901e-05 
 7.55640000e-03  2.49965300e+00  3.86181483e+00  2.53228866e+00  2.52962782e+00 -3.29424517e-05 
 7.56140000e-03  2.49962371e+00  3.86460812e+00  2.53507577e+00  2.53244337e+00 -3.29223381e-05 
 7.56640000e-03  2.49959479e+00  3.86736745e+00  2.53782867e+00  2.53522730e+00 -3.29024689e-05 
 7.57140000e-03  2.49956628e+00  3.87009010e+00  2.54054466e+00  2.53797686e+00 -3.28828636e-05 
 7.57640000e-03  2.49953819e+00  3.87277342e+00  2.54322107e+00  2.54068936e+00 -3.28635413e-05 
 7.58140000e-03  2.49951056e+00  3.87541477e+00  2.54585530e+00  2.54336216e+00 -3.28445208e-05 
 7.58640000e-03  2.49948341e+00  3.87801158e+00  2.54844476e+00  2.54599263e+00 -3.28258207e-05 
 7.59140000e-03  2.49945677e+00  3.88056132e+00  2.55098694e+00  2.54857820e+00 -3.28074593e-05 
 7.59640000e-03  2.49943066e+00  3.88306148e+00  2.55347934e+00  2.55111635e+00 -3.27894543e-05 
 7.60140000e-03  2.49940512e+00  3.88550964e+00  2.55591954e+00  2.55360461e+00 -3.27718233e-05 
 7.60640000e-03  2.49938017e+00  3.88790341e+00  2.55830516e+00  2.55604054e+00 -3.27545833e-05 
 7.61140000e-03  2.49935582e+00  3.89024045e+00  2.56063388e+00  2.55842178e+00 -3.27377512e-05 
 7.61640000e-03  2.49933212e+00  3.89251851e+00  2.56290343e+00  2.56074600e+00 -3.27213432e-05 
 7.62140000e-03  2.49930907e+00  3.89473535e+00  2.56511161e+00  2.56301095e+00 -3.27053751e-05 
 7.62640000e-03  2.49928670e+00  3.89688883e+00  2.56725627e+00  2.56521441e+00 -3.26898626e-05 
 7.63140000e-03  2.49926504e+00  3.89897686e+00  2.56933533e+00  2.56735426e+00 -3.26748204e-05 
 7.63640000e-03  2.49924410e+00  3.90099740e+00  2.57134676e+00  2.56942842e+00 -3.26602633e-05 
 7.64140000e-03  2.49922391e+00  3.90294851e+00  2.57328863e+00  2.57143486e+00 -3.26462051e-05 
 7.64640000e-03  2.49920448e+00  3.90482829e+00  2.57515906e+00  2.57337166e+00 -3.26326596e-05 
 7.65140000e-03  2.49918584e+00  3.90663492e+00  2.57695622e+00  2.57523692e+00 -3.26196396e-05 
 7.65640000e-03  2.49916801e+00  3.90836666e+00  2.57867838e+00  2.57702885e+00 -3.26071578e-05 
 7.66140000e-03  2.49915099e+00  3.91002183e+00  2.58032388e+00  2.57874571e+00 -3.25952261e-05 
 7.66640000e-03  2.49913481e+00  3.91159882e+00  2.58189112e+00  2.58038584e+00 -3.25838560e-05 
 7.67140000e-03  2.49911949e+00  3.91309612e+00  2.58337860e+00  2.58194766e+00 -3.25730585e-05 
 7.67640000e-03  2.49910503e+00  3.91451229e+00  2.58478487e+00  2.58342966e+00 -3.25628439e-05 
 7.68140000e-03  2.49909146e+00  3.91584594e+00  2.58610859e+00  2.58483040e+00 -3.25532219e-05 
 7.68640000e-03  2.49907879e+00  3.91709581e+00  2.58734846e+00  2.58614854e+00 -3.25442019e-05 
 7.69140000e-03  2.49906702e+00  3.91826068e+00  2.58850331e+00  2.58738281e+00 -3.25357924e-05 
 7.69640000e-03  2.49905618e+00  3.91933943e+00  2.58957200e+00  2.58853201e+00 -3.25280016e-05 
 7.70140000e-03  2.49904626e+00  3.92033103e+00  2.59055353e+00  2.58959504e+00 -3.25208368e-05 
 7.70640000e-03  2.49903729e+00  3.92123451e+00  2.59144694e+00  2.59057087e+00 -3.25143049e-05 
 7.71140000e-03  2.49902927e+00  3.92204901e+00  2.59225137e+00  2.59145856e+00 -3.25084123e-05 
 7.71640000e-03  2.49902220e+00  3.92277375e+00  2.59296604e+00  2.59225727e+00 -3.25031644e-05 
 7.72140000e-03  2.49901610e+00  3.92340802e+00  2.59359028e+00  2.59296622e+00 -3.24985663e-05 
 7.72640000e-03  2.49901097e+00  3.92395122e+00  2.59412347e+00  2.59358473e+00 -3.24946224e-05 
 7.73140000e-03  2.49900682e+00  3.92440283e+00  2.59456512e+00  2.59411221e+00 -3.24913366e-05 
 7.73640000e-03  2.49900365e+00  3.92476240e+00  2.59491478e+00  2.59454814e+00 -3.24887118e-05 
 7.74140000e-03  2.49900146e+00  3.92502960e+00  2.59517213e+00  2.59489211e+00 -3.24867507e-05 
 7.74640000e-03  2.49900026e+00  3.92520417e+00  2.59533692e+00  2.59514379e+00 -3.24854551e-05 
 7.75140000e-03  2.49900004e+00  3.92528593e+00  2.59540899e+00  2.59530293e+00 -3.24848262e-05 
 7.75640000e-03  2.49900081e+00  3.92527482e+00  2.59538827e+00  2.59536939e+00 -3.24848647e-05 
 7.76140000e-03  2.49900256e+00  3.92517083e+00  2.59527478e+00  2.59534309e+00 -3.24855705e-05 
 7.76640000e-03  2.49900530e+00  3.92497408e+00  2.59506863e+00  2.59522407e+00 -3.24869430e-05 
 7.77140000e-03  2.49900903e+00  3.92468474e+00  2.59477001e+00  2.59501244e+00 -3.24889809e-05 
 7.77640000e-03  2.49901373e+00  3.92430310e+00  2.59437921e+00  2.59470839e+00 -3.24916821e-05 
 7.78140000e-03  2.49901940e+00  3.92382952e+00  2.59389662e+00  2.59431223e+00 -3.24950442e-05 
 7.78640000e-03  2.49902604e+00  3.92326446e+00  2.59332268e+00  2.59382433e+00 -3.24990639e-05 
 7.79140000e-03  2.49903364e+00  3.92260846e+00  2.59265796e+00  2.59324516e+00 -3.25037375e-05 
 7.79640000e-03  2.49904220e+00  3.92186214e+00  2.59190308e+00  2.59257527e+00 -3.25090604e-05 
 7.80140000e-03  2.49905170e+00  3.92102623e+00  2.59105879e+00  2.59181532e+00 -3.25150276e-05 
 7.80640000e-03  2.49906214e+00  3.92010153e+00  2.59012588e+00  2.59096602e+00 -3.25216334e-05 
 7.81140000e-03  2.49907350e+00  3.91908893e+00  2.58910526e+00  2.59002821e+00 -3.25288714e-05 
 7.81640000e-03  2.49908577e+00  3.91798941e+00  2.58799790e+00  2.58900277e+00 -3.25367349e-05 
 7.82140000e-03  2.49909895e+00  3.91680401e+00  2.58680487e+00  2.58789070e+00 -3.25452161e-05 
 7.82640000e-03  2.49911302e+00  3.91553389e+00  2.58552733e+00  2.58669306e+00 -3.25543071e-05 
 7.83140000e-03  2.49912796e+00  3.91418026e+00  2.58416650e+00  2.58541102e+00 -3.25639992e-05 
 7.83640000e-03  2.49914377e+00  3.91274443e+00  2.58272370e+00  2.58404580e+00 -3.25742830e-05 
 7.84140000e-03  2.49916042e+00  3.91122780e+00  2.58120031e+00  2.58259872e+00 -3.25851486e-05 
 7.84640000e-03  2.49917790e+00  3.90963181e+00  2.57959781e+00  2.58107118e+00 -3.25965858e-05 
 7.85140000e-03  2.49919618e+00  3.90795801e+00  2.57791774e+00  2.57946465e+00 -3.26085834e-05 
 7.85640000e-03  2.49921527e+00  3.90620801e+00  2.57616173e+00  2.57778068e+00 -3.26211301e-05 
 7.86140000e-03  2.49923512e+00  3.90438352e+00  2.57433147e+00  2.57602090e+00 -3.26342136e-05 
 7.86640000e-03  2.49925574e+00  3.90248629e+00  2.57242874e+00  2.57418701e+00 -3.26478214e-05 
 7.87140000e-03  2.49927708e+00  3.90051816e+00  2.57045537e+00  2.57228079e+00 -3.26619405e-05 
 7.87640000e-03  2.49929914e+00  3.89848104e+00  2.56841328e+00  2.57030408e+00 -3.26765572e-05 
 7.88140000e-03  2.49932189e+00  3.89637690e+00  2.56630445e+00  2.56825879e+00 -3.26916573e-05 
 7.88640000e-03  2.49934531e+00  3.89420779e+00  2.56413093e+00  2.56614692e+00 -3.27072265e-05 
 7.89140000e-03  2.49936938e+00  3.89197580e+00  2.56189481e+00  2.56397049e+00 -3.27232495e-05 
 7.89640000e-03  2.49939407e+00  3.88968311e+00  2.55959828e+00  2.56173164e+00 -3.27397109e-05 
 7.90140000e-03  2.49941935e+00  3.88733194e+00  2.55724357e+00  2.55943254e+00 -3.27565947e-05 
 7.90640000e-03  2.49944521e+00  3.88492458e+00  2.55483297e+00  2.55707541e+00 -3.27738846e-05 
 7.91140000e-03  2.49947162e+00  3.88246338e+00  2.55236883e+00  2.55466255e+00 -3.27915639e-05 
 7.91640000e-03  2.49949855e+00  3.87995074e+00  2.54985354e+00  2.55219632e+00 -3.28096153e-05 
 7.92140000e-03  2.49952597e+00  3.87738910e+00  2.54728956e+00  2.54967912e+00 -3.28280213e-05 
 7.92640000e-03  2.49955386e+00  3.87478097e+00  2.54467939e+00  2.54711339e+00 -3.28467640e-05 
 7.93140000e-03  2.49958220e+00  3.87212888e+00  2.54202558e+00  2.54450165e+00 -3.28658252e-05 
 7.93640000e-03  2.49961094e+00  3.86943544e+00  2.53933073e+00  2.54184645e+00 -3.28851862e-05 
 7.94140000e-03  2.49964007e+00  3.86670328e+00  2.53659747e+00  2.53915037e+00 -3.29048282e-05 
 7.94640000e-03  2.49966955e+00  3.86393507e+00  2.53382847e+00  2.53641606e+00 -3.29247320e-05 
 7.95140000e-03  2.49969936e+00  3.86113352e+00  2.53102645e+00  2.53364620e+00 -3.29448782e-05 
 7.95640000e-03  2.49972947e+00  3.85830139e+00  2.52819416e+00  2.53084350e+00 -3.29652469e-05 
 7.96140000e-03  2.49975984e+00  3.85544145e+00  2.52533437e+00  2.52801070e+00 -3.29858184e-05 
 7.96640000e-03  2.49979045e+00  3.85255650e+00  2.52244990e+00  2.52515059e+00 -3.30065723e-05 
 7.97140000e-03  2.49982127e+00  3.84964939e+00  2.51954357e+00  2.52226597e+00 -3.30274883e-05 
 7.97640000e-03  2.49985226e+00  3.84672297e+00  2.51661825e+00  2.51935968e+00 -3.30485459e-05 
 7.98140000e-03  2.49988340e+00  3.84378013e+00  2.51367682e+00  2.51643458e+00 -3.30697244e-05 
 7.98640000e-03  2.49991465e+00  3.84082375e+00  2.51072216e+00  2.51349354e+00 -3.30910030e-05 
 7.99140000e-03  2.49994599e+00  3.83785676e+00  2.50775720e+00  2.51053947e+00 -3.31123606e-05 
 7.99640000e-03  2.49997738e+00  3.83488208e+00  2.50478485e+00  2.50757527e+00 -3.31337762e-05 
 8.00140000e-03  2.50000880e+00  3.83190264e+00  2.50180806e+00  2.50460387e+00 -3.31552286e-05 
 8.00640000e-03  2.50004020e+00  3.82892140e+00  2.49882976e+00  2.50162821e+00 -3.31766968e-05 
 8.01140000e-03  2.50007157e+00  3.82594129e+00  2.49585290e+00  2.49865121e+00 -3.31981594e-05 
 8.01640000e-03  2.50010286e+00  3.82296526e+00  2.49288041e+00  2.49567582e+00 -3.32195952e-05 
 8.02140000e-03  2.50013406e+00  3.81999627e+00  2.48991524e+00  2.49270499e+00 -3.32409830e-05 
 8.02640000e-03  2.50016512e+00  3.81703724e+00  2.48696034e+00  2.48974166e+00 -3.32623016e-05 
 8.03140000e-03  2.50019601e+00  3.81409111e+00  2.48401861e+00  2.48678875e+00 -3.32835298e-05 
 8.03640000e-03  2.50022672e+00  3.81116081e+00  2.48109299e+00  2.48384920e+00 -3.33046466e-05 
 8.04140000e-03  2.50025720e+00  3.80824923e+00  2.47818638e+00  2.48092593e+00 -3.33256310e-05 
 8.04640000e-03  2.50028743e+00  3.80535928e+00  2.47530165e+00  2.47802182e+00 -3.33464621e-05 
 8.05140000e-03  2.50031737e+00  3.80249381e+00  2.47244168e+00  2.47513977e+00 -3.33671192e-05 
 8.05640000e-03  2.50034700e+00  3.79965569e+00  2.46960931e+00  2.47228264e+00 -3.33875817e-05 
 8.06140000e-03  2.50037629e+00  3.79684772e+00  2.46680735e+00  2.46945326e+00 -3.34078293e-05 
 8.06640000e-03  2.50040521e+00  3.79407271e+00  2.46403860e+00  2.46665445e+00 -3.34278417e-05 
 8.07140000e-03  2.50043372e+00  3.79133341e+00  2.46130580e+00  2.46388900e+00 -3.34475991e-05 
 8.07640000e-03  2.50046181e+00  3.78863256e+00  2.45861168e+00  2.46115965e+00 -3.34670815e-05 
 8.08140000e-03  2.50048944e+00  3.78597285e+00  2.45595893e+00  2.45846913e+00 -3.34862697e-05 
 8.08640000e-03  2.50051659e+00  3.78335692e+00  2.45335018e+00  2.45582012e+00 -3.35051444e-05 
 8.09140000e-03  2.50054323e+00  3.78078738e+00  2.45078805e+00  2.45321525e+00 -3.35236868e-05 
 8.09640000e-03  2.50056934e+00  3.77826681e+00  2.44827508e+00  2.45065713e+00 -3.35418782e-05 
 8.10140000e-03  2.50059488e+00  3.77579771e+00  2.44581378e+00  2.44814831e+00 -3.35597005e-05 
 8.10640000e-03  2.50061983e+00  3.77338255e+00  2.44340662e+00  2.44569129e+00 -3.35771359e-05 
 8.11140000e-03  2.50064418e+00  3.77102374e+00  2.44105599e+00  2.44328852e+00 -3.35941667e-05 
 8.11640000e-03  2.50066788e+00  3.76872365e+00  2.43876425e+00  2.44094241e+00 -3.36107761e-05 
 8.12140000e-03  2.50069093e+00  3.76648456e+00  2.43653368e+00  2.43865530e+00 -3.36269472e-05 
 8.12640000e-03  2.50071330e+00  3.76430872e+00  2.43436653e+00  2.43642947e+00 -3.36426640e-05 
 8.13140000e-03  2.50073496e+00  3.76219831e+00  2.43226494e+00  2.43426715e+00 -3.36579105e-05 
 8.13640000e-03  2.50075590e+00  3.76015543e+00  2.43023104e+00  2.43217051e+00 -3.36726715e-05 
 8.14140000e-03  2.50077609e+00  3.75818213e+00  2.42826685e+00  2.43014164e+00 -3.36869322e-05 
 8.14640000e-03  2.50079552e+00  3.75628039e+00  2.42637433e+00  2.42818258e+00 -3.37006781e-05 
 8.15140000e-03  2.50081416e+00  3.75445212e+00  2.42455540e+00  2.42629528e+00 -3.37138956e-05 
 8.15640000e-03  2.50083199e+00  3.75269913e+00  2.42281186e+00  2.42448163e+00 -3.37265713e-05 
 8.16140000e-03  2.50084901e+00  3.75102320e+00  2.42114546e+00  2.42274346e+00 -3.37386924e-05 
 8.16640000e-03  2.50086519e+00  3.74942599e+00  2.41955788e+00  2.42108249e+00 -3.37502467e-05 
 8.17140000e-03  2.50088051e+00  3.74790911e+00  2.41805071e+00  2.41950041e+00 -3.37612227e-05 
 8.17640000e-03  2.50089497e+00  3.74647409e+00  2.41662545e+00  2.41799879e+00 -3.37716092e-05 
 8.18140000e-03  2.50090854e+00  3.74512235e+00  2.41528353e+00  2.41657914e+00 -3.37813959e-05 
 8.18640000e-03  2.50092121e+00  3.74385525e+00  2.41402631e+00  2.41524288e+00 -3.37905727e-05 
 8.19140000e-03  2.50093298e+00  3.74267408e+00  2.41285504e+00  2.41399135e+00 -3.37991306e-05 
 8.19640000e-03  2.50094382e+00  3.74158000e+00  2.41177090e+00  2.41282581e+00 -3.38070608e-05 
 8.20140000e-03  2.50095374e+00  3.74057412e+00  2.41077497e+00  2.41174743e+00 -3.38143554e-05 
 8.20640000e-03  2.50096271e+00  3.73965745e+00  2.40986826e+00  2.41075728e+00 -3.38210070e-05 
 8.21140000e-03  2.50097073e+00  3.73883091e+00  2.40905167e+00  2.40985637e+00 -3.38270090e-05 
 8.21640000e-03  2.50097780e+00  3.73809533e+00  2.40832603e+00  2.40904559e+00 -3.38323552e-05 
 8.22140000e-03  2.50098390e+00  3.73745144e+00  2.40769206e+00  2.40832577e+00 -3.38370402e-05 
 8.22640000e-03  2.50098903e+00  3.73689989e+00  2.40715040e+00  2.40769761e+00 -3.38410595e-05 
 8.23140000e-03  2.50099318e+00  3.73644123e+00  2.40670158e+00  2.40716176e+00 -3.38444088e-05 
 8.23640000e-03  2.50099635e+00  3.73607593e+00  2.40634607e+00  2.40671875e+00 -3.38470849e-05 
 8.24140000e-03  2.50099854e+00  3.73580435e+00  2.40608422e+00  2.40636903e+00 -3.38490850e-05 
 8.24640000e-03  2.50099974e+00  3.73562677e+00  2.40591630e+00  2.40611294e+00 -3.38504071e-05 
 8.25140000e-03  2.50099996e+00  3.73554336e+00  2.40584246e+00  2.40595074e+00 -3.38510498e-05 
 8.25640000e-03  2.50099919e+00  3.73555420e+00  2.40586278e+00  2.40588260e+00 -3.38510127e-05 
 8.26140000e-03  2.50099744e+00  3.73565928e+00  2.40597725e+00  2.40590858e+00 -3.38502956e-05 
 8.26640000e-03  2.50099470e+00  3.73585850e+00  2.40618574e+00  2.40602866e+00 -3.38488993e-05 
 8.27140000e-03  2.50099097e+00  3.73615166e+00  2.40648805e+00  2.40624271e+00 -3.38468253e-05 
 8.27640000e-03  2.50098627e+00  3.73653846e+00  2.40688388e+00  2.40655053e+00 -3.38440756e-05 
 8.28140000e-03  2.50098060e+00  3.73701852e+00  2.40737282e+00  2.40695179e+00 -3.38406529e-05 
 8.28640000e-03  2.50097396e+00  3.73759134e+00  2.40795438e+00  2.40744610e+00 -3.38365609e-05 
 8.29140000e-03  2.50096636e+00  3.73825636e+00  2.40862799e+00  2.40803297e+00 -3.38318036e-05 
 8.29640000e-03  2.50095780e+00  3.73901291e+00  2.40939295e+00  2.40871179e+00 -3.38263857e-05 
 8.30140000e-03  2.50094830e+00  3.73986022e+00  2.41024851e+00  2.40948189e+00 -3.38203129e-05 
 8.30640000e-03  2.50093786e+00  3.74079745e+00  2.41119381e+00  2.41034249e+00 -3.38135912e-05 
 8.31140000e-03  2.50092650e+00  3.74182365e+00  2.41222789e+00  2.41129274e+00 -3.38062273e-05 
 8.31640000e-03  2.50091423e+00  3.74293780e+00  2.41334972e+00  2.41233167e+00 -3.37982288e-05 
 8.32140000e-03  2.50090105e+00  3.74413877e+00  2.41455817e+00  2.41345825e+00 -3.37896037e-05 
 8.32640000e-03  2.50088698e+00  3.74542536e+00  2.41585203e+00  2.41467134e+00 -3.37803607e-05 
 8.33140000e-03  2.50087204e+00  3.74679628e+00  2.41722999e+00  2.41596972e+00 -3.37705091e-05 
 8.33640000e-03  2.50085623e+00  3.74825016e+00  2.41869069e+00  2.41735210e+00 -3.37600589e-05 
 8.34140000e-03  2.50083958e+00  3.74978552e+00  2.42023264e+00  2.41881708e+00 -3.37490206e-05 
 8.34640000e-03  2.50082210e+00  3.75140084e+00  2.42185432e+00  2.42036319e+00 -3.37374052e-05 
 8.35140000e-03  2.50080382e+00  3.75309450e+00  2.42355408e+00  2.42198889e+00 -3.37252246e-05 
 8.35640000e-03  2.50078473e+00  3.75486479e+00  2.42533022e+00  2.42369254e+00 -3.37124910e-05 
 8.36140000e-03  2.50076488e+00  3.75670995e+00  2.42718097e+00  2.42547244e+00 -3.36992171e-05 
 8.36640000e-03  2.50074426e+00  3.75862812e+00  2.42910447e+00  2.42732680e+00 -3.36854165e-05 
 8.37140000e-03  2.50072292e+00  3.76061738e+00  2.43109880e+00  2.42925377e+00 -3.36711028e-05 
 8.37640000e-03  2.50070086e+00  3.76267574e+00  2.43316195e+00  2.43125141e+00 -3.36562906e-05 
 8.38140000e-03  2.50067811e+00  3.76480114e+00  2.43529186e+00  2.43331772e+00 -3.36409947e-05 
 8.38640000e-03  2.50065469e+00  3.76699146e+00  2.43748640e+00  2.43545064e+00 -3.36252304e-05 
 8.39140000e-03  2.50063062e+00  3.76924449e+00  2.43974337e+00  2.43764804e+00 -3.36090137e-05 
 8.39640000e-03  2.50060593e+00  3.77155799e+00  2.44206053e+00  2.43990770e+00 -3.35923608e-05 
 8.40140000e-03  2.50058065e+00  3.77392965e+00  2.44443554e+00  2.44222738e+00 -3.35752884e-05 
 8.40640000e-03  2.50055479e+00  3.77635709e+00  2.44686604e+00  2.44460475e+00 -3.35578136e-05 
 8.41140000e-03  2.50052838e+00  3.77883789e+00  2.44934960e+00  2.44703743e+00 -3.35399539e-05 
 8.41640000e-03  2.50050145e+00  3.78136957e+00  2.45188373e+00  2.44952301e+00 -3.35217273e-05 
 8.42140000e-03  2.50047403e+00  3.78394961e+00  2.45446592e+00  2.45205899e+00 -3.35031520e-05 
 8.42640000e-03  2.50044614e+00  3.78657543e+00  2.45709357e+00  2.45464285e+00 -3.34842465e-05 
 8.43140000e-03  2.50041780e+00  3.78924441e+00  2.45976408e+00  2.45727200e+00 -3.34650298e-05 
 8.43640000e-03  2.50038906e+00  3.79195390e+00  2.46247478e+00  2.45994383e+00 -3.34455211e-05 
 8.44140000e-03  2.50035993e+00  3.79470118e+00  2.46522297e+00  2.46265567e+00 -3.34257399e-05 
 8.44640000e-03  2.50033045e+00  3.79748353e+00  2.46800591e+00  2.46540481e+00 -3.34057059e-05 
 8.45140000e-03  2.50030064e+00  3.80029818e+00  2.47082083e+00  2.46818853e+00 -3.33854391e-05 
 8.45640000e-03  2.50027053e+00  3.80314232e+00  2.47366493e+00  2.47100405e+00 -3.33649597e-05 
 8.46140000e-03  2.50024016e+00  3.80601313e+00  2.47653539e+00  2.47384857e+00 -3.33442881e-05 
 8.46640000e-03  2.50020955e+00  3.80890775e+00  2.47942934e+00  2.47671926e+00 -3.33234449e-05 
 8.47140000e-03  2.50017873e+00  3.81182332e+00  2.48234393e+00  2.47961327e+00 -3.33024509e-05 
 8.47640000e-03  2.50014774e+00  3.81475693e+00  2.48527624e+00  2.48252772e+00 -3.32813268e-05 
 8.48140000e-03  2.50011660e+00  3.81770568e+00  2.48822338e+00  2.48545973e+00 -3.32600938e-05 
 8.48640000e-03  2.50008535e+00  3.82066663e+00  2.49118242e+00  2.48840638e+00 -3.32387728e-05 
 8.49140000e-03  2.50005401e+00  3.82363687e+00  2.49415043e+00  2.49136475e+00 -3.32173849e-05 
 8.49640000e-03  2.50002262e+00  3.82661344e+00  2.49712448e+00  2.49433190e+00 -3.31959515e-05 
 8.50140000e-03  2.49999120e+00  3.82959341e+00  2.50010161e+00  2.49730492e+00 -3.31744937e-05 
 8.50640000e-03  2.49995980e+00  3.83257382e+00  2.50307888e+00  2.50028084e+00 -3.31530328e-05 
 8.51140000e-03  2.49992843e+00  3.83555172e+00  2.50605336e+00  2.50325673e+00 -3.31315899e-05 
 8.51640000e-03  2.49989714e+00  3.83852419e+00  2.50902210e+00  2.50622964e+00 -3.31101863e-05 
 8.52140000e-03  2.49986594e+00  3.84148828e+00  2.51198217e+00  2.50919665e+00 -3.30888430e-05 
 8.52640000e-03  2.49983488e+00  3.84444107e+00  2.51493066e+00  2.51215482e+00 -3.30675811e-05 
 8.53140000e-03  2.49980399e+00  3.84737966e+00  2.51786466e+00  2.51510123e+00 -3.30464216e-05 
 8.53640000e-03  2.49977328e+00  3.85030114e+00  2.52078127e+00  2.51803299e+00 -3.30253852e-05 
 8.54140000e-03  2.49974280e+00  3.85320264e+00  2.52367764e+00  2.52094720e+00 -3.30044926e-05 
 8.54640000e-03  2.49971257e+00  3.85608132e+00  2.52655091e+00  2.52384100e+00 -3.29837644e-05 
 8.55140000e-03  2.49968263e+00  3.85893433e+00  2.52939826e+00  2.52671154e+00 -3.29632210e-05 
 8.55640000e-03  2.49965300e+00  3.86175889e+00  2.53221689e+00  2.52955601e+00 -3.29428823e-05 
 8.56140000e-03  2.49962371e+00  3.86455221e+00  2.53500404e+00  2.53237160e+00 -3.29227684e-05 
 8.56640000e-03  2.49959479e+00  3.86731157e+00  2.53775697e+00  2.53515556e+00 -3.29028990e-05 
 8.57140000e-03  2.49956628e+00  3.87003425e+00  2.54047299e+00  2.53790516e+00 -3.28832934e-05 
 8.57640000e-03  2.49953819e+00  3.87271760e+00  2.54314944e+00  2.54061770e+00 -3.28639709e-05 
 8.58140000e-03  2.49951056e+00  3.87535898e+00  2.54578370e+00  2.54329053e+00 -3.28449502e-05 
 8.58640000e-03  2.49948341e+00  3.87795582e+00  2.54837321e+00  2.54592103e+00 -3.28262499e-05 
 8.59140000e-03  2.49945677e+00  3.88050558e+00  2.55091542e+00  2.54850664e+00 -3.28078882e-05 
 8.59640000e-03  2.49943066e+00  3.88300577e+00  2.55340785e+00  2.55104483e+00 -3.27898829e-05 
 8.60140000e-03  2.49940512e+00  3.88545396e+00  2.55584809e+00  2.55353312e+00 -3.27722517e-05 
 8.60640000e-03  2.49938017e+00  3.88784776e+00  2.55823375e+00  2.55596909e+00 -3.27550115e-05 
 8.61140000e-03  2.49935582e+00  3.89018483e+00  2.56056250e+00  2.55835036e+00 -3.27381791e-05 
 8.61640000e-03  2.49933212e+00  3.89246291e+00  2.56283209e+00  2.56067462e+00 -3.27217709e-05 
 8.62140000e-03  2.49930907e+00  3.89467978e+00  2.56504030e+00  2.56293960e+00 -3.27058026e-05 
 8.62640000e-03  2.49928670e+00  3.89683329e+00  2.56718499e+00  2.56514310e+00 -3.26902898e-05 
 8.63140000e-03  2.49926504e+00  3.89892134e+00  2.56926408e+00  2.56728298e+00 -3.26752475e-05 
 8.63640000e-03  2.49924410e+00  3.90094191e+00  2.57127555e+00  2.56935717e+00 -3.26606901e-05 
 8.64140000e-03  2.49922391e+00  3.90289305e+00  2.57321745e+00  2.57136365e+00 -3.26466318e-05 
 8.64640000e-03  2.49920448e+00  3.90477285e+00  2.57508791e+00  2.57330048e+00 -3.26330860e-05 
 8.65140000e-03  2.49918584e+00  3.90657951e+00  2.57688510e+00  2.57516577e+00 -3.26200658e-05 
 8.65640000e-03  2.49916801e+00  3.90831127e+00  2.57860729e+00  2.57695773e+00 -3.26075838e-05 
 8.66140000e-03  2.49915099e+00  3.90996646e+00  2.58025282e+00  2.57867463e+00 -3.25956519e-05 
 8.66640000e-03  2.49913481e+00  3.91154348e+00  2.58182010e+00  2.58031479e+00 -3.25842816e-05 
 8.67140000e-03  2.49911949e+00  3.91304080e+00  2.58330761e+00  2.58187664e+00 -3.25734839e-05 
 8.67640000e-03  2.49910503e+00  3.91445699e+00  2.58471391e+00  2.58335867e+00 -3.25632691e-05 
 8.68140000e-03  2.49909146e+00  3.91579067e+00  2.58603765e+00  2.58475944e+00 -3.25536470e-05 
 8.68640000e-03  2.49907879e+00  3.91704056e+00  2.58727756e+00  2.58607761e+00 -3.25446268e-05 
 8.69140000e-03  2.49906702e+00  3.91820545e+00  2.58843243e+00  2.58731190e+00 -3.25362171e-05 
 8.69640000e-03  2.49905618e+00  3.91928423e+00  2.58950116e+00  2.58846113e+00 -3.25284261e-05 
 8.70140000e-03  2.49904626e+00  3.92027584e+00  2.59048271e+00  2.58952419e+00 -3.25212611e-05 
 8.70640000e-03  2.49903729e+00  3.92117935e+00  2.59137615e+00  2.59050005e+00 -3.25147291e-05 
 8.71140000e-03  2.49902927e+00  3.92199387e+00  2.59218060e+00  2.59138778e+00 -3.25088363e-05 
 8.71640000e-03  2.49902220e+00  3.92271862e+00  2.59289530e+00  2.59218651e+00 -3.25035882e-05 
 8.72140000e-03  2.49901610e+00  3.92335291e+00  2.59351957e+00  2.59289549e+00 -3.24989900e-05 
 8.72640000e-03  2.49901097e+00  3.92389613e+00  2.59405279e+00  2.59351402e+00 -3.24950460e-05 
 8.73140000e-03  2.49900682e+00  3.92434775e+00  2.59449445e+00  2.59404152e+00 -3.24917600e-05 
 8.73640000e-03  2.49900365e+00  3.92470734e+00  2.59484414e+00  2.59447748e+00 -3.24891351e-05 
 8.74140000e-03  2.49900146e+00  3.92497456e+00  2.59510152e+00  2.59482147e+00 -3.24871738e-05 
 8.74640000e-03  2.49900026e+00  3.92514914e+00  2.59526633e+00  2.59507318e+00 -3.24858781e-05 
 8.75140000e-03  2.49900004e+00  3.92523092e+00  2.59533842e+00  2.59523234e+00 -3.24852491e-05 
 8.75640000e-03  2.49900081e+00  3.92521983e+00  2.59531772e+00  2.59529882e+00 -3.24852875e-05 
 8.76140000e-03  2.49900256e+00  3.92511586e+00  2.59520425e+00  2.59527255e+00 -3.24859932e-05 
 8.76640000e-03  2.49900530e+00  3.92491912e+00  2.59499812e+00  2.59515355e+00 -3.24873655e-05 
 8.77140000e-03  2.49900903e+00  3.92462979e+00  2.59469953e+00  2.59494193e+00 -3.24894033e-05 
 8.77640000e-03  2.49901373e+00  3.92424817e+00  2.59430875e+00  2.59463791e+00 -3.24921044e-05 
 8.78140000e-03  2.49901940e+00  3.92377460e+00  2.59382618e+00  2.59424177e+00 -3.24954664e-05 
 8.78640000e-03  2.49902604e+00  3.92320955e+00  2.59325226e+00  2.59375389e+00 -3.24994861e-05 
 8.79140000e-03  2.49903364e+00  3.92255356e+00  2.59258755e+00  2.59317473e+00 -3.25041595e-05 
 8.79640000e-03  2.49904220e+00  3.92180725e+00  2.59183270e+00  2.59250487e+00 -3.25094824e-05 
 8.80140000e-03  2.49905170e+00  3.92097135e+00  2.59098842e+00  2.59174493e+00 -3.25154495e-05 
 8.80640000e-03  2.49906214e+00  3.92004667e+00  2.59005553e+00  2.59089566e+00 -3.25220552e-05 
 8.81140000e-03  2.49907350e+00  3.91903408e+00  2.58903492e+00  2.58995786e+00 -3.25292932e-05 
 8.81640000e-03  2.49908577e+00  3.91793456e+00  2.58792758e+00  2.58893244e+00 -3.25371565e-05 
 8.82140000e-03  2.49909895e+00  3.91674917e+00  2.58673457e+00  2.58782038e+00 -3.25456377e-05 
 8.82640000e-03  2.49911302e+00  3.91547906e+00  2.58545705e+00  2.58662276e+00 -3.25547287e-05 
 8.83140000e-03  2.49912796e+00  3.91412544e+00  2.58409623e+00  2.58534073e+00 -3.25644206e-05 
 8.83640000e-03  2.49914377e+00  3.91268962e+00  2.58265344e+00  2.58397553e+00 -3.25747044e-05 
 8.84140000e-03  2.49916042e+00  3.91117299e+00  2.58113007e+00  2.58252846e+00 -3.25855700e-05 
 8.84640000e-03  2.49917790e+00  3.90957701e+00  2.57952758e+00  2.58100094e+00 -3.25970071e-05 
 8.85140000e-03  2.49919618e+00  3.90790321e+00  2.57784753e+00  2.57939442e+00 -3.26090047e-05 
 8.85640000e-03  2.49921527e+00  3.90615323e+00  2.57609153e+00  2.57771047e+00 -3.26215513e-05 
 8.86140000e-03  2.49923512e+00  3.90432874e+00  2.57426128e+00  2.57595070e+00 -3.26346348e-05 
 8.86640000e-03  2.49925574e+00  3.90243152e+00  2.57235856e+00  2.57411683e+00 -3.26482426e-05 
 8.87140000e-03  2.49927708e+00  3.90046339e+00  2.57038521e+00  2.57221062e+00 -3.26623616e-05 
 8.87640000e-03  2.49929914e+00  3.89842628e+00  2.56834313e+00  2.57023392e+00 -3.26769783e-05 
 8.88140000e-03  2.49932189e+00  3.89632214e+00  2.56623431e+00  2.56818864e+00 -3.26920784e-05 
 8.88640000e-03  2.49934531e+00  3.89415303e+00  2.56406080e+00  2.56607678e+00 -3.27076475e-05 
 8.89140000e-03  2.49936938e+00  3.89192104e+00  2.56182469e+00  2.56390037e+00 -3.27236705e-05 
 8.89640000e-03  2.49939407e+00  3.88962836e+00  2.55952818e+00  2.56166153e+00 -3.27401319e-05 
 8.90140000e-03  2.49941935e+00  3.88727719e+00  2.55717348e+00  2.55936243e+00 -3.27570157e-05 
 8.90640000e-03  2.49944521e+00  3.88486984e+00  2.55476289e+00  2.55700531e+00 -3.27743056e-05 
 8.91140000e-03  2.49947162e+00  3.88240864e+00  2.55229875e+00  2.55459247e+00 -3.27919849e-05 
 8.91640000e-03  2.49949855e+00  3.87989600e+00  2.54978347e+00  2.55212625e+00 -3.28100363e-05 
 8.92140000e-03  2.49952597e+00  3.87733437e+00  2.54721950e+00  2.54960905e+00 -3.28284423e-05 
 8.92640000e-03  2.49955386e+00  3.87472623e+00  2.54460934e+00  2.54704334e+00 -3.28471850e-05 
 8.93140000e-03  2.49958220e+00  3.87207415e+00  2.54195554e+00  2.54443160e+00 -3.28662461e-05 
 8.93640000e-03  2.49961094e+00  3.86938071e+00  2.53926070e+00  2.54177641e+00 -3.28856072e-05 
 8.94140000e-03  2.49964007e+00  3.86664855e+00  2.53652745e+00  2.53908034e+00 -3.29052492e-05 
 8.94640000e-03  2.49966955e+00  3.86388035e+00  2.53375846e+00  2.53634604e+00 -3.29251530e-05 
 8.95140000e-03  2.49969936e+00  3.86107880e+00  2.53095645e+00  2.53357619e+00 -3.29452991e-05 
 8.95640000e-03  2.49972947e+00  3.85824667e+00  2.52812417e+00  2.53077350e+00 -3.29656679e-05 
 8.96140000e-03  2.49975984e+00  3.85538673e+00  2.52526439e+00  2.52794071e+00 -3.29862393e-05 
 8.96640000e-03  2.49979045e+00  3.85250179e+00  2.52237992e+00  2.52508060e+00 -3.30069932e-05 
 8.97140000e-03  2.49982127e+00  3.84959468e+00  2.51947361e+00  2.52219599e+00 -3.30279093e-05 
 8.97640000e-03  2.49985226e+00  3.84666826e+00  2.51654829e+00  2.51928971e+00 -3.30489669e-05 
 8.98140000e-03  2.49988340e+00  3.84372541e+00  2.51360687e+00  2.51636462e+00 -3.30701454e-05 
 8.98640000e-03  2.49991465e+00  3.84076904e+00  2.51065222e+00  2.51342359e+00 -3.30914239e-05 
 8.99140000e-03  2.49994599e+00  3.83780205e+00  2.50768727e+00  2.51046953e+00 -3.31127815e-05 
 8.99640000e-03  2.49997738e+00  3.83482737e+00  2.50471493e+00  2.50750534e+00 -3.31341971e-05 
 9.00140000e-03  2.50000880e+00  3.83184794e+00  2.50173815e+00  2.50453395e+00 -3.31556496e-05 
 9.00640000e-03  2.50004020e+00  3.82886670e+00  2.49875986e+00  2.50155829e+00 -3.31771177e-05 
 9.01140000e-03  2.50007157e+00  3.82588659e+00  2.49578300e+00  2.49858130e+00 -3.31985803e-05 
 9.01640000e-03  2.50010286e+00  3.82291057e+00  2.49281052e+00  2.49560593e+00 -3.32200161e-05 
 9.02140000e-03  2.50013406e+00  3.81994157e+00  2.48984537e+00  2.49263511e+00 -3.32414039e-05 
 9.02640000e-03  2.50016512e+00  3.81698255e+00  2.48689047e+00  2.48967178e+00 -3.32627225e-05 
 9.03140000e-03  2.50019601e+00  3.81403642e+00  2.48394876e+00  2.48671889e+00 -3.32839507e-05 
 9.03640000e-03  2.50022672e+00  3.81110612e+00  2.48102315e+00  2.48377935e+00 -3.33050675e-05 
 9.04140000e-03  2.50025720e+00  3.80819455e+00  2.47811654e+00  2.48085608e+00 -3.33260519e-05 
 9.04640000e-03  2.50028743e+00  3.80530460e+00  2.47523182e+00  2.47795198e+00 -3.33468830e-05 
 9.05140000e-03  2.50031737e+00  3.80243914e+00  2.47237187e+00  2.47506994e+00 -3.33675401e-05 
 9.05640000e-03  2.50034700e+00  3.79960102e+00  2.46953950e+00  2.47221282e+00 -3.33880026e-05 
 9.06140000e-03  2.50037629e+00  3.79679305e+00  2.46673756e+00  2.46938345e+00 -3.34082502e-05 
 9.06640000e-03  2.50040521e+00  3.79401804e+00  2.46396881e+00  2.46658466e+00 -3.34282626e-05 
 9.07140000e-03  2.50043372e+00  3.79127875e+00  2.46123603e+00  2.46381921e+00 -3.34480199e-05 
 9.07640000e-03  2.50046181e+00  3.78857791e+00  2.45854192e+00  2.46108988e+00 -3.34675023e-05 
 9.08140000e-03  2.50048944e+00  3.78591819e+00  2.45588918e+00  2.45839937e+00 -3.34866905e-05 
 9.08640000e-03  2.50051659e+00  3.78330227e+00  2.45328044e+00  2.45575037e+00 -3.35055652e-05 
 9.09140000e-03  2.50054323e+00  3.78073274e+00  2.45071832e+00  2.45314552e+00 -3.35241075e-05 
 9.09640000e-03  2.50056934e+00  3.77821217e+00  2.44820536e+00  2.45058741e+00 -3.35422989e-05 
 9.10140000e-03  2.50059488e+00  3.77574308e+00  2.44574408e+00  2.44807860e+00 -3.35601212e-05 
 9.10640000e-03  2.50061983e+00  3.77332792e+00  2.44333693e+00  2.44562159e+00 -3.35775565e-05 
 9.11140000e-03  2.50064418e+00  3.77096912e+00  2.44098631e+00  2.44321883e+00 -3.35945873e-05 
 9.11640000e-03  2.50066788e+00  3.76866903e+00  2.43869458e+00  2.44087273e+00 -3.36111966e-05 
 9.12140000e-03  2.50069093e+00  3.76642995e+00  2.43646403e+00  2.43858563e+00 -3.36273677e-05 
 9.12640000e-03  2.50071330e+00  3.76425412e+00  2.43429689e+00  2.43635982e+00 -3.36430844e-05 
 9.13140000e-03  2.50073496e+00  3.76214371e+00  2.43219532e+00  2.43419752e+00 -3.36583309e-05 
 9.13640000e-03  2.50075590e+00  3.76010084e+00  2.43016143e+00  2.43210089e+00 -3.36730919e-05 
 9.14140000e-03  2.50077609e+00  3.75812756e+00  2.42819725e+00  2.43007204e+00 -3.36873525e-05 
 9.14640000e-03  2.50079552e+00  3.75622582e+00  2.42630476e+00  2.42811299e+00 -3.37010984e-05 
 9.15140000e-03  2.50081416e+00  3.75439756e+00  2.42448583e+00  2.42622570e+00 -3.37143158e-05 
 9.15640000e-03  2.50083199e+00  3.75264458e+00  2.42274231e+00  2.42441207e+00 -3.37269914e-05 
 9.16140000e-03  2.50084901e+00  3.75096865e+00  2.42107593e+00  2.42267391e+00 -3.37391125e-05 
 9.16640000e-03  2.50086519e+00  3.74937145e+00  2.41948837e+00  2.42101296e+00 -3.37506667e-05 
 9.17140000e-03  2.50088051e+00  3.74785459e+00  2.41798121e+00  2.41943090e+00 -3.37616426e-05 
 9.17640000e-03  2.50089497e+00  3.74641957e+00  2.41655596e+00  2.41792929e+00 -3.37720291e-05 
 9.18140000e-03  2.50090854e+00  3.74506784e+00  2.41521407e+00  2.41650966e+00 -3.37818156e-05 
 9.18640000e-03  2.50092121e+00  3.74380076e+00  2.41395686e+00  2.41517341e+00 -3.37909924e-05 
 9.19140000e-03  2.50093298e+00  3.74261960e+00  2.41278561e+00  2.41392190e+00 -3.37995502e-05 
 9.19640000e-03  2.50094382e+00  3.74152553e+00  2.41170149e+00  2.41275638e+00 -3.38074803e-05 
 9.20140000e-03  2.50095374e+00  3.74051967e+00  2.41070558e+00  2.41167802e+00 -3.38147748e-05 
 9.20640000e-03  2.50096271e+00  3.73960301e+00  2.40979889e+00  2.41068789e+00 -3.38214264e-05 
 9.21140000e-03  2.50097073e+00  3.73877648e+00  2.40898232e+00  2.40978700e+00 -3.38274282e-05 
 9.21640000e-03  2.50097780e+00  3.73804090e+00  2.40825670e+00  2.40897624e+00 -3.38327743e-05 
 9.22140000e-03  2.50098390e+00  3.73739703e+00  2.40762274e+00  2.40825644e+00 -3.38374593e-05 
 9.22640000e-03  2.50098903e+00  3.73684549e+00  2.40708110e+00  2.40762830e+00 -3.38414784e-05 
 9.23140000e-03  2.50099318e+00  3.73638685e+00  2.40663231e+00  2.40709247e+00 -3.38448277e-05 
 9.23640000e-03  2.50099635e+00  3.73602156e+00  2.40627682e+00  2.40664948e+00 -3.38475036e-05 
 9.24140000e-03  2.50099854e+00  3.73575000e+00  2.40601499e+00  2.40629978e+00 -3.38495036e-05 
 9.24640000e-03  2.50099974e+00  3.73557243e+00  2.40584709e+00  2.40604371e+00 -3.38508256e-05 
 9.25140000e-03  2.50099996e+00  3.73548903e+00  2.40577327e+00  2.40588153e+00 -3.38514682e-05 
 9.25640000e-03  2.50099919e+00  3.73549989e+00  2.40579361e+00  2.40581341e+00 -3.38514309e-05 
 9.26140000e-03  2.50099744e+00  3.73560499e+00  2.40590810e+00  2.40583942e+00 -3.38507137e-05 
 9.26640000e-03  2.50099470e+00  3.73580423e+00  2.40611662e+00  2.40595952e+00 -3.38493173e-05 
 9.27140000e-03  2.50099097e+00  3.73609740e+00  2.40641896e+00  2.40617360e+00 -3.38472432e-05 
 9.27640000e-03  2.50098627e+00  3.73648422e+00  2.40681480e+00  2.40648143e+00 -3.38444933e-05 
 9.28140000e-03  2.50098060e+00  3.73696429e+00  2.40730377e+00  2.40688272e+00 -3.38410706e-05 
 9.28640000e-03  2.50097396e+00  3.73753713e+00  2.40788536e+00  2.40737706e+00 -3.38369784e-05 
 9.29140000e-03  2.50096636e+00  3.73820217e+00  2.40855899e+00  2.40796394e+00 -3.38322209e-05 
 9.29640000e-03  2.50095780e+00  3.73895874e+00  2.40932398e+00  2.40864279e+00 -3.38268029e-05 
 9.30140000e-03  2.50094830e+00  3.73980607e+00  2.41017956e+00  2.40941291e+00 -3.38207299e-05 
 9.30640000e-03  2.50093786e+00  3.74074331e+00  2.41112488e+00  2.41027355e+00 -3.38140080e-05 
 9.31140000e-03  2.50092650e+00  3.74176954e+00  2.41215899e+00  2.41122382e+00 -3.38066441e-05 
 9.31640000e-03  2.50091423e+00  3.74288370e+00  2.41328085e+00  2.41226278e+00 -3.37986454e-05 
 9.32140000e-03  2.50090105e+00  3.74408469e+00  2.41448932e+00  2.41338938e+00 -3.37900201e-05 
 9.32640000e-03  2.50088698e+00  3.74537130e+00  2.41578321e+00  2.41460249e+00 -3.37807770e-05 
 9.33140000e-03  2.50087204e+00  3.74674224e+00  2.41716120e+00  2.41590090e+00 -3.37709252e-05 
 9.33640000e-03  2.50085623e+00  3.74819614e+00  2.41862192e+00  2.41728331e+00 -3.37604748e-05 
 9.34140000e-03  2.50083958e+00  3.74973153e+00  2.42016391e+00  2.41874831e+00 -3.37494363e-05 
 9.34640000e-03  2.50082210e+00  3.75134687e+00  2.42178561e+00  2.42029445e+00 -3.37378208e-05 
 9.35140000e-03  2.50080382e+00  3.75304055e+00  2.42348540e+00  2.42192018e+00 -3.37256400e-05 
 9.35640000e-03  2.50078473e+00  3.75481086e+00  2.42526157e+00  2.42362386e+00 -3.37129062e-05 
 9.36140000e-03  2.50076488e+00  3.75665604e+00  2.42711235e+00  2.42540379e+00 -3.36996322e-05 
 9.36640000e-03  2.50074426e+00  3.75857423e+00  2.42903588e+00  2.42725818e+00 -3.36858313e-05 
 9.37140000e-03  2.50072292e+00  3.76056351e+00  2.43103023e+00  2.42918518e+00 -3.36715174e-05 
 9.37640000e-03  2.50070086e+00  3.76262190e+00  2.43309341e+00  2.43118285e+00 -3.36567050e-05 
 9.38140000e-03  2.50067811e+00  3.76474732e+00  2.43522335e+00  2.43324919e+00 -3.36414089e-05 
 9.38640000e-03  2.50065469e+00  3.76693766e+00  2.43741793e+00  2.43538214e+00 -3.36256445e-05 
 9.39140000e-03  2.50063062e+00  3.76919072e+00  2.43967493e+00  2.43757956e+00 -3.36094276e-05 
 9.39640000e-03  2.50060593e+00  3.77150424e+00  2.44199212e+00  2.43983926e+00 -3.35927745e-05 
 9.40140000e-03  2.50058065e+00  3.77387593e+00  2.44436716e+00  2.44215897e+00 -3.35757018e-05 
 9.40640000e-03  2.50055479e+00  3.77630339e+00  2.44679769e+00  2.44453637e+00 -3.35582268e-05 
 9.41140000e-03  2.50052838e+00  3.77878422e+00  2.44928128e+00  2.44696909e+00 -3.35403670e-05 
 9.41640000e-03  2.50050145e+00  3.78131593e+00  2.45181545e+00  2.44945469e+00 -3.35221401e-05 
 9.42140000e-03  2.50047403e+00  3.78389599e+00  2.45439766e+00  2.45199071e+00 -3.35035646e-05 
 9.42640000e-03  2.50044614e+00  3.78652183e+00  2.45702535e+00  2.45457460e+00 -3.34846589e-05 
 9.43140000e-03  2.50041780e+00  3.78919084e+00  2.45969589e+00  2.45720378e+00 -3.34654420e-05 
 9.43640000e-03  2.50038906e+00  3.79190035e+00  2.46240663e+00  2.45987564e+00 -3.34459331e-05 
 9.44140000e-03  2.50035993e+00  3.79464766e+00  2.46515485e+00  2.46258751e+00 -3.34261516e-05 
 9.44640000e-03  2.50033045e+00  3.79743004e+00  2.46793782e+00  2.46533669e+00 -3.34061174e-05 
 9.45140000e-03  2.50030064e+00  3.80024471e+00  2.47075277e+00  2.46812044e+00 -3.33858504e-05 
 9.45640000e-03  2.50027053e+00  3.80308888e+00  2.47359691e+00  2.47093600e+00 -3.33653708e-05 
 9.46140000e-03  2.50024016e+00  3.80595971e+00  2.47646740e+00  2.47378055e+00 -3.33446990e-05 
 9.46640000e-03  2.50020955e+00  3.80885437e+00  2.47936139e+00  2.47665127e+00 -3.33238556e-05 
 9.47140000e-03  2.50017873e+00  3.81176996e+00  2.48227600e+00  2.47954532e+00 -3.33028613e-05 
 9.47640000e-03  2.50014774e+00  3.81470360e+00  2.48520835e+00  2.48245980e+00 -3.32817370e-05 
 9.48140000e-03  2.50011660e+00  3.81765237e+00  2.48815553e+00  2.48539184e+00 -3.32605037e-05 
 9.48640000e-03  2.50008535e+00  3.82061336e+00  2.49111460e+00  2.48833853e+00 -3.32391825e-05 
 9.49140000e-03  2.50005401e+00  3.82358362e+00  2.49408265e+00  2.49129693e+00 -3.32177944e-05 
 9.49640000e-03  2.50002262e+00  3.82656022e+00  2.49705673e+00  2.49426412e+00 -3.31963608e-05 
 9.50140000e-03  2.49999120e+00  3.82954021e+00  2.50003389e+00  2.49723717e+00 -3.31749027e-05 
 9.50640000e-03  2.49995980e+00  3.83252065e+00  2.50301120e+00  2.50021312e+00 -3.31534416e-05 
 9.51140000e-03  2.49992843e+00  3.83549859e+00  2.50598571e+00  2.50318905e+00 -3.31319984e-05 
 9.51640000e-03  2.49989714e+00  3.83847108e+00  2.50895448e+00  2.50616200e+00 -3.31105946e-05 
 9.52140000e-03  2.49986594e+00  3.84143520e+00  2.51191459e+00  2.50912904e+00 -3.30892510e-05 
 9.52640000e-03  2.49983488e+00  3.84438802e+00  2.51486312e+00  2.51208724e+00 -3.30679889e-05 
 9.53140000e-03  2.49980399e+00  3.84732663e+00  2.51779715e+00  2.51503369e+00 -3.30468291e-05 
 9.53640000e-03  2.49977328e+00  3.85024814e+00  2.52071380e+00  2.51796549e+00 -3.30257925e-05 
 9.54140000e-03  2.49974280e+00  3.85314967e+00  2.52361020e+00  2.52087973e+00 -3.30048997e-05 
 9.54640000e-03  2.49971257e+00  3.85602838e+00  2.52648351e+00  2.52377357e+00 -3.29841713e-05 
 9.55140000e-03  2.49968263e+00  3.85888142e+00  2.52933089e+00  2.52664414e+00 -3.29636276e-05 
 9.55640000e-03  2.49965300e+00  3.86170600e+00  2.53214955e+00  2.52948864e+00 -3.29432887e-05 
 9.56140000e-03  2.49962371e+00  3.86449936e+00  2.53493673e+00  2.53230427e+00 -3.29231746e-05 
 9.56640000e-03  2.49959479e+00  3.86725874e+00  2.53768970e+00  2.53508826e+00 -3.29033049e-05 
 9.57140000e-03  2.49956628e+00  3.86998145e+00  2.54040576e+00  2.53783789e+00 -3.28836991e-05 
 9.57640000e-03  2.49953819e+00  3.87266482e+00  2.54308224e+00  2.54055047e+00 -3.28643763e-05 
 9.58140000e-03  2.49951056e+00  3.87530623e+00  2.54571654e+00  2.54322333e+00 -3.28453554e-05 
 9.58640000e-03  2.49948341e+00  3.87790310e+00  2.54830608e+00  2.54585387e+00 -3.28266549e-05 
 9.59140000e-03  2.49945677e+00  3.88045288e+00  2.55084832e+00  2.54843951e+00 -3.28082930e-05 
 9.59640000e-03  2.49943066e+00  3.88295310e+00  2.55334079e+00  2.55097774e+00 -3.27902875e-05 
 9.60140000e-03  2.49940512e+00  3.88540132e+00  2.55578106e+00  2.55346606e+00 -3.27726560e-05 
 9.60640000e-03  2.49938017e+00  3.88779514e+00  2.55816675e+00  2.55590206e+00 -3.27554156e-05 
 9.61140000e-03  2.49935582e+00  3.89013224e+00  2.56049554e+00  2.55828337e+00 -3.27385830e-05 
 9.61640000e-03  2.49933212e+00  3.89241035e+00  2.56276515e+00  2.56060766e+00 -3.27221746e-05 
 9.62140000e-03  2.49930907e+00  3.89462724e+00  2.56497340e+00  2.56287267e+00 -3.27062061e-05 
 9.62640000e-03  2.49928670e+00  3.89678077e+00  2.56711812e+00  2.56507620e+00 -3.26906931e-05 
 9.63140000e-03  2.49926504e+00  3.89886885e+00  2.56919724e+00  2.56721612e+00 -3.26756506e-05 
 9.63640000e-03  2.49924410e+00  3.90088945e+00  2.57120875e+00  2.56929034e+00 -3.26610930e-05 
 9.64140000e-03  2.49922391e+00  3.90284061e+00  2.57315068e+00  2.57129685e+00 -3.26470344e-05 
 9.64640000e-03  2.49920448e+00  3.90472044e+00  2.57502116e+00  2.57323370e+00 -3.26334884e-05 
 9.65140000e-03  2.49918584e+00  3.90652712e+00  2.57681839e+00  2.57509903e+00 -3.26204680e-05 
 9.65640000e-03  2.49916801e+00  3.90825890e+00  2.57854061e+00  2.57689102e+00 -3.26079858e-05 
 9.66140000e-03  2.49915099e+00  3.90991411e+00  2.58018617e+00  2.57860795e+00 -3.25960538e-05 
 9.66640000e-03  2.49913481e+00  3.91149116e+00  2.58175348e+00  2.58024814e+00 -3.25846833e-05 
 9.67140000e-03  2.49911949e+00  3.91298850e+00  2.58324101e+00  2.58181002e+00 -3.25738854e-05 
 9.67640000e-03  2.49910503e+00  3.91440471e+00  2.58464734e+00  2.58329207e+00 -3.25636704e-05 
 9.68140000e-03  2.49909146e+00  3.91573841e+00  2.58597111e+00  2.58469288e+00 -3.25540481e-05 
 9.68640000e-03  2.49907879e+00  3.91698832e+00  2.58721105e+00  2.58601107e+00 -3.25450277e-05 
 9.69140000e-03  2.49906702e+00  3.91815324e+00  2.58836595e+00  2.58724540e+00 -3.25366179e-05 
 9.69640000e-03  2.49905618e+00  3.91923203e+00  2.58943470e+00  2.58839465e+00 -3.25288267e-05 
 9.70140000e-03  2.49904626e+00  3.92022367e+00  2.59041628e+00  2.58945774e+00 -3.25216616e-05 
 9.70640000e-03  2.49903729e+00  3.92112719e+00  2.59130974e+00  2.59043362e+00 -3.25151294e-05 
 9.71140000e-03  2.49902927e+00  3.92194173e+00  2.59211422e+00  2.59132137e+00 -3.25092364e-05 
 9.71640000e-03  2.49902220e+00  3.92266650e+00  2.59282895e+00  2.59212013e+00 -3.25039882e-05 
 9.72140000e-03  2.49901610e+00  3.92330081e+00  2.59345324e+00  2.59282913e+00 -3.24993898e-05 
 9.72640000e-03  2.49901097e+00  3.92384405e+00  2.59398648e+00  2.59344769e+00 -3.24954457e-05 
 9.73140000e-03  2.49900682e+00  3.92429569e+00  2.59442817e+00  2.59397522e+00 -3.24921596e-05 
 9.73640000e-03  2.49900365e+00  3.92465530e+00  2.59477788e+00  2.59441120e+00 -3.24895345e-05 
 9.74140000e-03  2.49900146e+00  3.92492253e+00  2.59503528e+00  2.59475522e+00 -3.24875731e-05 
 9.74640000e-03  2.49900026e+00  3.92509713e+00  2.59520012e+00  2.59500694e+00 -3.24862773e-05 
 9.75140000e-03  2.49900004e+00  3.92517892e+00  2.59527223e+00  2.59516613e+00 -3.24856482e-05 
 9.75640000e-03  2.49900081e+00  3.92516784e+00  2.59525155e+00  2.59523263e+00 -3.24856864e-05 
 9.76140000e-03  2.49900256e+00  3.92506388e+00  2.59513810e+00  2.59520638e+00 -3.24863920e-05 
 9.76640000e-03  2.49900530e+00  3.92486715e+00  2.59493199e+00  2.59508740e+00 -3.24877643e-05 
 9.77140000e-03  2.49900903e+00  3.92457784e+00  2.59463342e+00  2.59487581e+00 -3.24898019e-05 
 9.77640000e-03  2.49901373e+00  3.92419623e+00  2.59424266e+00  2.59457180e+00 -3.24925030e-05 
 9.78140000e-03  2.49901940e+00  3.92372268e+00  2.59376010e+00  2.59417568e+00 -3.24958649e-05 
 9.78640000e-03  2.49902604e+00  3.92315764e+00  2.59318620e+00  2.59368781e+00 -3.24998844e-05 
 9.79140000e-03  2.49903364e+00  3.92250166e+00  2.59252152e+00  2.59310868e+00 -3.25045578e-05 
 9.79640000e-03  2.49904220e+00  3.92175536e+00  2.59176668e+00  2.59243883e+00 -3.25098806e-05 
 9.80140000e-03  2.49905170e+00  3.92091948e+00  2.59092242e+00  2.59167891e+00 -3.25158476e-05 
 9.80640000e-03  2.49906214e+00  3.91999480e+00  2.58998954e+00  2.59082965e+00 -3.25224532e-05 
 9.81140000e-03  2.49907350e+00  3.91898222e+00  2.58896895e+00  2.58989187e+00 -3.25296911e-05 
 9.81640000e-03  2.49908577e+00  3.91788271e+00  2.58786163e+00  2.58886647e+00 -3.25375544e-05 
 9.82140000e-03  2.49909895e+00  3.91669733e+00  2.58666863e+00  2.58775443e+00 -3.25460356e-05 
 9.82640000e-03  2.49911302e+00  3.91542722e+00  2.58539112e+00  2.58655682e+00 -3.25551265e-05 
 9.83140000e-03  2.49912796e+00  3.91407361e+00  2.58403032e+00  2.58527481e+00 -3.25648184e-05 
 9.83640000e-03  2.49914377e+00  3.91263780e+00  2.58258755e+00  2.58390962e+00 -3.25751021e-05 
 9.84140000e-03  2.49916042e+00  3.91112118e+00  2.58106419e+00  2.58246257e+00 -3.25859677e-05 
 9.84640000e-03  2.49917790e+00  3.90952520e+00  2.57946171e+00  2.58093505e+00 -3.25974047e-05 
 9.85140000e-03  2.49919618e+00  3.90785141e+00  2.57778167e+00  2.57932855e+00 -3.26094023e-05 
 9.85640000e-03  2.49921527e+00  3.90610143e+00  2.57602568e+00  2.57764461e+00 -3.26219488e-05 
 9.86140000e-03  2.49923512e+00  3.90427695e+00  2.57419545e+00  2.57588486e+00 -3.26350323e-05 
 9.86640000e-03  2.49925574e+00  3.90237973e+00  2.57229274e+00  2.57405099e+00 -3.26486401e-05 
 9.87140000e-03  2.49927708e+00  3.90041162e+00  2.57031940e+00  2.57214480e+00 -3.26627591e-05 
 9.87640000e-03  2.49929914e+00  3.89837450e+00  2.56827733e+00  2.57016811e+00 -3.26773757e-05 
 9.88140000e-03  2.49932189e+00  3.89627037e+00  2.56616853e+00  2.56812285e+00 -3.26924758e-05 
 9.88640000e-03  2.49934531e+00  3.89410126e+00  2.56399502e+00  2.56601099e+00 -3.27080449e-05 
 9.89140000e-03  2.49936938e+00  3.89186928e+00  2.56175893e+00  2.56383459e+00 -3.27240679e-05 
 9.89640000e-03  2.49939407e+00  3.88957660e+00  2.55946242e+00  2.56159576e+00 -3.27405292e-05 
 9.90140000e-03  2.49941935e+00  3.88722544e+00  2.55710773e+00  2.55929667e+00 -3.27574130e-05 
 9.90640000e-03  2.49944521e+00  3.88481809e+00  2.55469715e+00  2.55693957e+00 -3.27747029e-05 
 9.91140000e-03  2.49947162e+00  3.88235690e+00  2.55223302e+00  2.55452673e+00 -3.27923822e-05 
 9.91640000e-03  2.49949855e+00  3.87984426e+00  2.54971775e+00  2.55206052e+00 -3.28104335e-05 
 9.92140000e-03  2.49952597e+00  3.87728262e+00  2.54715379e+00  2.54954334e+00 -3.28288395e-05 
 9.92640000e-03  2.49955386e+00  3.87467449e+00  2.54454364e+00  2.54697763e+00 -3.28475822e-05 
 9.93140000e-03  2.49958220e+00  3.87202241e+00  2.54188985e+00  2.54436591e+00 -3.28666434e-05 
 9.93640000e-03  2.49961094e+00  3.86932898e+00  2.53919502e+00  2.54171072e+00 -3.28860044e-05 
 9.94140000e-03  2.49964007e+00  3.86659682e+00  2.53646177e+00  2.53901466e+00 -3.29056464e-05 
 9.94640000e-03  2.49966955e+00  3.86382862e+00  2.53369280e+00  2.53628037e+00 -3.29255502e-05 
 9.95140000e-03  2.49969936e+00  3.86102707e+00  2.53089080e+00  2.53351053e+00 -3.29456964e-05 
 9.95640000e-03  2.49972947e+00  3.85819494e+00  2.52805852e+00  2.53070784e+00 -3.29660651e-05 
 9.96140000e-03  2.49975984e+00  3.85533501e+00  2.52519875e+00  2.52787506e+00 -3.29866365e-05 
 9.96640000e-03  2.49979045e+00  3.85245006e+00  2.52231429e+00  2.52501496e+00 -3.30073905e-05 
 9.97140000e-03  2.49982127e+00  3.84954296e+00  2.51940799e+00  2.52213036e+00 -3.30283065e-05 
 9.97640000e-03  2.49985226e+00  3.84661654e+00  2.51648268e+00  2.51922409e+00 -3.30493641e-05 
 9.98140000e-03  2.49988340e+00  3.84367370e+00  2.51354126e+00  2.51629901e+00 -3.30705426e-05 
 9.98640000e-03  2.49991465e+00  3.84071732e+00  2.51058662e+00  2.51335799e+00 -3.30918212e-05 
 9.99140000e-03  2.49994599e+00  3.83775034e+00  2.50762168e+00  2.51040394e+00 -3.31131788e-05 
 9.99640000e-03  2.49997738e+00  3.83477566e+00  2.50464935e+00  2.50743976e+00 -3.31345943e-05 
 1.00014000e-02  2.50000880e+00  3.83179623e+00  2.50167258e+00  2.50446837e+00 -3.31560468e-05 
 1.00064000e-02  2.50004020e+00  3.82881499e+00  2.49869430e+00  2.50149272e+00 -3.31775150e-05 
 1.00114000e-02  2.50007157e+00  3.82583489e+00  2.49571745e+00  2.49851574e+00 -3.31989775e-05 
 1.00164000e-02  2.50010286e+00  3.82285886e+00  2.49274498e+00  2.49554038e+00 -3.32204133e-05 
 1.00214000e-02  2.50013406e+00  3.81988987e+00  2.48977983e+00  2.49256956e+00 -3.32418011e-05 
 1.00264000e-02  2.50016512e+00  3.81693085e+00  2.48682494e+00  2.48960625e+00 -3.32631197e-05 
 1.00314000e-02  2.50019601e+00  3.81398473e+00  2.48388324e+00  2.48665336e+00 -3.32843479e-05 
 1.00364000e-02  2.50022672e+00  3.81105443e+00  2.48095764e+00  2.48371383e+00 -3.33054647e-05 
 1.00414000e-02  2.50025720e+00  3.80814286e+00  2.47805104e+00  2.48079057e+00 -3.33264491e-05 
 1.00464000e-02  2.50028743e+00  3.80525291e+00  2.47516634e+00  2.47788649e+00 -3.33472802e-05 
 1.00514000e-02  2.50031737e+00  3.80238745e+00  2.47230639e+00  2.47500446e+00 -3.33679372e-05 
 1.00564000e-02  2.50034700e+00  3.79954933e+00  2.46947403e+00  2.47214734e+00 -3.33883997e-05 
 1.00614000e-02  2.50037629e+00  3.79674138e+00  2.46667210e+00  2.46931798e+00 -3.34086473e-05 
 1.00664000e-02  2.50040521e+00  3.79396637e+00  2.46390336e+00  2.46651920e+00 -3.34286597e-05 
 1.00714000e-02  2.50043372e+00  3.79122708e+00  2.46117059e+00  2.46375377e+00 -3.34484170e-05 
 1.00764000e-02  2.50046181e+00  3.78852624e+00  2.45847649e+00  2.46102444e+00 -3.34678994e-05 
 1.00814000e-02  2.50048944e+00  3.78586653e+00  2.45582376e+00  2.45833394e+00 -3.34870875e-05 
 1.00864000e-02  2.50051659e+00  3.78325061e+00  2.45321504e+00  2.45568495e+00 -3.35059622e-05 
 1.00914000e-02  2.50054323e+00  3.78068109e+00  2.45065292e+00  2.45308011e+00 -3.35245045e-05 
 1.00964000e-02  2.50056934e+00  3.77816052e+00  2.44813998e+00  2.45052201e+00 -3.35426959e-05 
 1.01014000e-02  2.50059488e+00  3.77569144e+00  2.44567871e+00  2.44801321e+00 -3.35605181e-05 
 1.01064000e-02  2.50061983e+00  3.77327629e+00  2.44327157e+00  2.44555622e+00 -3.35779534e-05 
 1.01114000e-02  2.50064418e+00  3.77091749e+00  2.44092097e+00  2.44315347e+00 -3.35949842e-05 
 1.01164000e-02  2.50066788e+00  3.76861741e+00  2.43862925e+00  2.44080739e+00 -3.36115934e-05 
 1.01214000e-02  2.50069093e+00  3.76637833e+00  2.43639871e+00  2.43852030e+00 -3.36277645e-05 
 1.01264000e-02  2.50071330e+00  3.76420251e+00  2.43423158e+00  2.43629450e+00 -3.36434812e-05 
 1.01314000e-02  2.50073496e+00  3.76209211e+00  2.43213003e+00  2.43413221e+00 -3.36587276e-05 
 1.01364000e-02  2.50075590e+00  3.76004925e+00  2.43009615e+00  2.43203560e+00 -3.36734885e-05 
 1.01414000e-02  2.50077609e+00  3.75807597e+00  2.42813199e+00  2.43000676e+00 -3.36877491e-05 
 1.01464000e-02  2.50079552e+00  3.75617424e+00  2.42623950e+00  2.42804772e+00 -3.37014949e-05 
 1.01514000e-02  2.50081416e+00  3.75434598e+00  2.42442060e+00  2.42616045e+00 -3.37147123e-05 
 1.01564000e-02  2.50083199e+00  3.75259302e+00  2.42267709e+00  2.42434683e+00 -3.37273878e-05 
 1.01614000e-02  2.50084901e+00  3.75091710e+00  2.42101072e+00  2.42260869e+00 -3.37395088e-05 
 1.01664000e-02  2.50086519e+00  3.74931991e+00  2.41942317e+00  2.42094776e+00 -3.37510630e-05 
 1.01714000e-02  2.50088051e+00  3.74780305e+00  2.41791603e+00  2.41936571e+00 -3.37620389e-05 
 1.01764000e-02  2.50089497e+00  3.74636804e+00  2.41649081e+00  2.41786412e+00 -3.37724253e-05 
 1.01814000e-02  2.50090854e+00  3.74501633e+00  2.41514893e+00  2.41644450e+00 -3.37822117e-05 
 1.01864000e-02  2.50092121e+00  3.74374925e+00  2.41389174e+00  2.41510827e+00 -3.37913884e-05 
 1.01914000e-02  2.50093298e+00  3.74256810e+00  2.41272050e+00  2.41385678e+00 -3.37999461e-05 
 1.01964000e-02  2.50094382e+00  3.74147404e+00  2.41163640e+00  2.41269127e+00 -3.38078762e-05 
 1.02014000e-02  2.50095374e+00  3.74046819e+00  2.41064051e+00  2.41161292e+00 -3.38151706e-05 
 1.02064000e-02  2.50096271e+00  3.73955154e+00  2.40973383e+00  2.41062282e+00 -3.38218221e-05 
 1.02114000e-02  2.50097073e+00  3.73872502e+00  2.40891728e+00  2.40972194e+00 -3.38278238e-05 
 1.02164000e-02  2.50097780e+00  3.73798946e+00  2.40819168e+00  2.40891120e+00 -3.38331698e-05 
 1.02214000e-02  2.50098390e+00  3.73734560e+00  2.40755774e+00  2.40819142e+00 -3.38378547e-05 
 1.02264000e-02  2.50098903e+00  3.73679408e+00  2.40701612e+00  2.40756330e+00 -3.38418737e-05 
 1.02314000e-02  2.50099318e+00  3.73633545e+00  2.40656735e+00  2.40702749e+00 -3.38452229e-05 
 1.02364000e-02  2.50099635e+00  3.73597018e+00  2.40621188e+00  2.40658452e+00 -3.38478987e-05 
 1.02414000e-02  2.50099854e+00  3.73569862e+00  2.40595007e+00  2.40623484e+00 -3.38498986e-05 
 1.02464000e-02  2.50099974e+00  3.73552107e+00  2.40578218e+00  2.40597879e+00 -3.38512204e-05 
 1.02514000e-02  2.50099996e+00  3.73543768e+00  2.40570839e+00  2.40581663e+00 -3.38518630e-05 
 1.02564000e-02  2.50099919e+00  3.73544856e+00  2.40572875e+00  2.40574853e+00 -3.38518256e-05 
 1.02614000e-02  2.50099744e+00  3.73555367e+00  2.40584327e+00  2.40577456e+00 -3.38511083e-05 
 1.02664000e-02  2.50099470e+00  3.73575292e+00  2.40605180e+00  2.40589468e+00 -3.38497117e-05 
 1.02714000e-02  2.50099097e+00  3.73604612e+00  2.40635416e+00  2.40610878e+00 -3.38476374e-05 
 1.02764000e-02  2.50098627e+00  3.73643295e+00  2.40675003e+00  2.40641664e+00 -3.38448875e-05 
 1.02814000e-02  2.50098060e+00  3.73691304e+00  2.40723902e+00  2.40681795e+00 -3.38414646e-05 
 1.02864000e-02  2.50097396e+00  3.73748590e+00  2.40782063e+00  2.40731231e+00 -3.38373723e-05 
 1.02914000e-02  2.50096636e+00  3.73815095e+00  2.40849428e+00  2.40789922e+00 -3.38326147e-05 
 1.02964000e-02  2.50095780e+00  3.73890753e+00  2.40925930e+00  2.40857809e+00 -3.38271965e-05 
 1.03014000e-02  2.50094830e+00  3.73975488e+00  2.41011491e+00  2.40934824e+00 -3.38211234e-05 
 1.03064000e-02  2.50093786e+00  3.74069215e+00  2.41106025e+00  2.41020889e+00 -3.38144014e-05 
 1.03114000e-02  2.50092650e+00  3.74171839e+00  2.41209438e+00  2.41115919e+00 -3.38070372e-05 
 1.03164000e-02  2.50091423e+00  3.74283257e+00  2.41321626e+00  2.41219817e+00 -3.37990384e-05 
 1.03214000e-02  2.50090105e+00  3.74403358e+00  2.41442477e+00  2.41332480e+00 -3.37904130e-05 
 1.03264000e-02  2.50088698e+00  3.74532021e+00  2.41571868e+00  2.41453794e+00 -3.37811697e-05 
 1.03314000e-02  2.50087204e+00  3.74669117e+00  2.41709670e+00  2.41583637e+00 -3.37713178e-05 
 1.03364000e-02  2.50085623e+00  3.74814508e+00  2.41855744e+00  2.41721880e+00 -3.37608672e-05 
 1.03414000e-02  2.50083958e+00  3.74968049e+00  2.42009945e+00  2.41868383e+00 -3.37498285e-05 
 1.03464000e-02  2.50082210e+00  3.75129585e+00  2.42172118e+00  2.42023000e+00 -3.37382129e-05 
 1.03514000e-02  2.50080382e+00  3.75298955e+00  2.42342099e+00  2.42185576e+00 -3.37260319e-05 
 1.03564000e-02  2.50078473e+00  3.75475989e+00  2.42519719e+00  2.42355946e+00 -3.37132979e-05 
 1.03614000e-02  2.50076488e+00  3.75660509e+00  2.42704800e+00  2.42533942e+00 -3.37000237e-05 
 1.03664000e-02  2.50074426e+00  3.75852330e+00  2.42897156e+00  2.42719384e+00 -3.36862227e-05 
 1.03714000e-02  2.50072292e+00  3.76051260e+00  2.43096594e+00  2.42912086e+00 -3.36719086e-05 
 1.03764000e-02  2.50070086e+00  3.76257101e+00  2.43302915e+00  2.43111856e+00 -3.36570960e-05 
 1.03814000e-02  2.50067811e+00  3.76469646e+00  2.43515912e+00  2.43318493e+00 -3.36417997e-05 
 1.03864000e-02  2.50065469e+00  3.76688682e+00  2.43735372e+00  2.43531791e+00 -3.36260351e-05 
 1.03914000e-02  2.50063062e+00  3.76913990e+00  2.43961076e+00  2.43751536e+00 -3.36098180e-05 
 1.03964000e-02  2.50060593e+00  3.77145345e+00  2.44192797e+00  2.43977508e+00 -3.35931647e-05 
 1.04014000e-02  2.50058065e+00  3.77382515e+00  2.44430304e+00  2.44209482e+00 -3.35760919e-05 
 1.04064000e-02  2.50055479e+00  3.77625264e+00  2.44673360e+00  2.44447225e+00 -3.35586167e-05 
 1.04114000e-02  2.50052838e+00  3.77873349e+00  2.44921722e+00  2.44690500e+00 -3.35407567e-05 
 1.04164000e-02  2.50050145e+00  3.78126522e+00  2.45175142e+00  2.44939064e+00 -3.35225296e-05 
 1.04214000e-02  2.50047403e+00  3.78384531e+00  2.45433367e+00  2.45192668e+00 -3.35039539e-05 
 1.04264000e-02  2.50044614e+00  3.78647118e+00  2.45696139e+00  2.45451060e+00 -3.34850480e-05 
 1.04314000e-02  2.50041780e+00  3.78914021e+00  2.45963196e+00  2.45713982e+00 -3.34658309e-05 
 1.04364000e-02  2.50038906e+00  3.79184974e+00  2.46234272e+00  2.45981171e+00 -3.34463218e-05 
 1.04414000e-02  2.50035993e+00  3.79459708e+00  2.46509097e+00  2.46252361e+00 -3.34265401e-05 
 1.04464000e-02  2.50033045e+00  3.79737948e+00  2.46787398e+00  2.46527282e+00 -3.34065057e-05 
 1.04514000e-02  2.50030064e+00  3.80019418e+00  2.47068896e+00  2.46805660e+00 -3.33862384e-05 
 1.04564000e-02  2.50027053e+00  3.80303837e+00  2.47353313e+00  2.47087219e+00 -3.33657586e-05 
 1.04614000e-02  2.50024016e+00  3.80590923e+00  2.47640365e+00  2.47371677e+00 -3.33450866e-05 
 1.04664000e-02  2.50020955e+00  3.80880391e+00  2.47929767e+00  2.47658753e+00 -3.33242430e-05 
 1.04714000e-02  2.50017873e+00  3.81171953e+00  2.48221232e+00  2.47948160e+00 -3.33032485e-05 
 1.04764000e-02  2.50014774e+00  3.81465319e+00  2.48514470e+00  2.48239612e+00 -3.32821240e-05 
 1.04814000e-02  2.50011660e+00  3.81760199e+00  2.48809191e+00  2.48532819e+00 -3.32608904e-05 
 1.04864000e-02  2.50008535e+00  3.82056300e+00  2.49105102e+00  2.48827491e+00 -3.32395690e-05 
 1.04914000e-02  2.50005401e+00  3.82353329e+00  2.49401909e+00  2.49123334e+00 -3.32181807e-05 
 1.04964000e-02  2.50002262e+00  3.82650992e+00  2.49699320e+00  2.49420057e+00 -3.31967468e-05 
 1.05014000e-02  2.49999120e+00  3.82948994e+00  2.49997040e+00  2.49717365e+00 -3.31752886e-05 
 1.05064000e-02  2.49995980e+00  3.83247040e+00  2.50294774e+00  2.50014964e+00 -3.31538272e-05 
 1.05114000e-02  2.49992843e+00  3.83544837e+00  2.50592229e+00  2.50312559e+00 -3.31323839e-05 
 1.05164000e-02  2.49989714e+00  3.83842089e+00  2.50889109e+00  2.50609858e+00 -3.31109798e-05 
 1.05214000e-02  2.49986594e+00  3.84138503e+00  2.51185123e+00  2.50906565e+00 -3.30896360e-05 
 1.05264000e-02  2.49983488e+00  3.84433788e+00  2.51479979e+00  2.51202389e+00 -3.30683737e-05 
 1.05314000e-02  2.49980399e+00  3.84727652e+00  2.51773386e+00  2.51497037e+00 -3.30472136e-05 
 1.05364000e-02  2.49977328e+00  3.85019805e+00  2.52065054e+00  2.51790220e+00 -3.30261768e-05 
 1.05414000e-02  2.49974280e+00  3.85309961e+00  2.52354698e+00  2.52081647e+00 -3.30052838e-05 
 1.05464000e-02  2.49971257e+00  3.85597834e+00  2.52642031e+00  2.52371034e+00 -3.29845552e-05 
 1.05514000e-02  2.49968263e+00  3.85883141e+00  2.52926773e+00  2.52658095e+00 -3.29640112e-05 
 1.05564000e-02  2.49965300e+00  3.86165602e+00  2.53208642e+00  2.52942548e+00 -3.29436721e-05 
 1.05614000e-02  2.49962371e+00  3.86444940e+00  2.53487364e+00  2.53224114e+00 -3.29235578e-05 
 1.05664000e-02  2.49959479e+00  3.86720881e+00  2.53762664e+00  2.53502517e+00 -3.29036879e-05 
 1.05714000e-02  2.49956628e+00  3.86993154e+00  2.54034273e+00  2.53777483e+00 -3.28840819e-05 
 1.05764000e-02  2.49953819e+00  3.87261494e+00  2.54301924e+00  2.54048744e+00 -3.28647589e-05 
 1.05814000e-02  2.49951056e+00  3.87525638e+00  2.54565357e+00  2.54316034e+00 -3.28457377e-05 
 1.05864000e-02  2.49948341e+00  3.87785327e+00  2.54824314e+00  2.54579091e+00 -3.28270370e-05 
 1.05914000e-02  2.49945677e+00  3.88040308e+00  2.55078542e+00  2.54837658e+00 -3.28086748e-05 
 1.05964000e-02  2.49943066e+00  3.88290333e+00  2.55327792e+00  2.55091484e+00 -3.27906692e-05 
 1.06014000e-02  2.49940512e+00  3.88535157e+00  2.55571822e+00  2.55340319e+00 -3.27730375e-05 
 1.06064000e-02  2.49938017e+00  3.88774541e+00  2.55810394e+00  2.55583923e+00 -3.27557969e-05 
 1.06114000e-02  2.49935582e+00  3.89008254e+00  2.56043276e+00  2.55822056e+00 -3.27389641e-05 
 1.06164000e-02  2.49933212e+00  3.89236067e+00  2.56270241e+00  2.56054488e+00 -3.27225554e-05 
 1.06214000e-02  2.49930907e+00  3.89457759e+00  2.56491068e+00  2.56280992e+00 -3.27065867e-05 
 1.06264000e-02  2.49928670e+00  3.89673114e+00  2.56705543e+00  2.56501349e+00 -3.26910735e-05 
 1.06314000e-02  2.49926504e+00  3.89881925e+00  2.56913459e+00  2.56715343e+00 -3.26760308e-05 
 1.06364000e-02  2.49924410e+00  3.90083987e+00  2.57114612e+00  2.56922768e+00 -3.26614730e-05 
 1.06414000e-02  2.49922391e+00  3.90279105e+00  2.57308808e+00  2.57123422e+00 -3.26474143e-05 
 1.06464000e-02  2.49920448e+00  3.90467090e+00  2.57495860e+00  2.57317111e+00 -3.26338681e-05 
 1.06514000e-02  2.49918584e+00  3.90647761e+00  2.57675585e+00  2.57503647e+00 -3.26208475e-05 
 1.06564000e-02  2.49916801e+00  3.90820941e+00  2.57847810e+00  2.57682849e+00 -3.26083651e-05 
 1.06614000e-02  2.49915099e+00  3.90986465e+00  2.58012369e+00  2.57854544e+00 -3.25964329e-05 
 1.06664000e-02  2.49913481e+00  3.91144171e+00  2.58169102e+00  2.58018566e+00 -3.25850622e-05 
 1.06714000e-02  2.49911949e+00  3.91293908e+00  2.58317858e+00  2.58174756e+00 -3.25742642e-05 
 1.06764000e-02  2.49910503e+00  3.91435531e+00  2.58458494e+00  2.58322965e+00 -3.25640490e-05 
 1.06814000e-02  2.49909146e+00  3.91568903e+00  2.58590874e+00  2.58463048e+00 -3.25544265e-05 
 1.06864000e-02  2.49907879e+00  3.91693896e+00  2.58714870e+00  2.58594870e+00 -3.25454060e-05 
 1.06914000e-02  2.49906702e+00  3.91810389e+00  2.58830363e+00  2.58718305e+00 -3.25369960e-05 
 1.06964000e-02  2.49905618e+00  3.91918271e+00  2.58937240e+00  2.58833233e+00 -3.25292046e-05 
 1.07014000e-02  2.49904626e+00  3.92017436e+00  2.59035401e+00  2.58939544e+00 -3.25220394e-05 
 1.07064000e-02  2.49903729e+00  3.92107790e+00  2.59124749e+00  2.59037135e+00 -3.25155070e-05 
 1.07114000e-02  2.49902927e+00  3.92189246e+00  2.59205200e+00  2.59125913e+00 -3.25096139e-05 
 1.07164000e-02  2.49902220e+00  3.92261725e+00  2.59276675e+00  2.59205791e+00 -3.25043656e-05 
 1.07214000e-02  2.49901610e+00  3.92325158e+00  2.59339106e+00  2.59276693e+00 -3.24997671e-05 
 1.07264000e-02  2.49901097e+00  3.92379483e+00  2.59392433e+00  2.59338552e+00 -3.24958228e-05 
 1.07314000e-02  2.49900682e+00  3.92424648e+00  2.59436604e+00  2.59391306e+00 -3.24925365e-05 
 1.07364000e-02  2.49900365e+00  3.92460611e+00  2.59471578e+00  2.59434907e+00 -3.24899113e-05 
 1.07414000e-02  2.49900146e+00  3.92487335e+00  2.59497319e+00  2.59469311e+00 -3.24879498e-05 
 1.07464000e-02  2.49900026e+00  3.92504797e+00  2.59513805e+00  2.59494485e+00 -3.24866539e-05 
 1.07514000e-02  2.49900004e+00  3.92512978e+00  2.59521018e+00  2.59510406e+00 -3.24860247e-05 
 1.07564000e-02  2.49900081e+00  3.92511871e+00  2.59518953e+00  2.59517058e+00 -3.24860628e-05 
 1.07614000e-02  2.49900256e+00  3.92501476e+00  2.59507610e+00  2.59514435e+00 -3.24867683e-05 
 1.07664000e-02  2.49900530e+00  3.92481805e+00  2.59487000e+00  2.59502539e+00 -3.24881405e-05 
 1.07714000e-02  2.49900903e+00  3.92452875e+00  2.59457145e+00  2.59481382e+00 -3.24901780e-05 
 1.07764000e-02  2.49901373e+00  3.92414715e+00  2.59418071e+00  2.59450983e+00 -3.24928789e-05 
 1.07814000e-02  2.49901940e+00  3.92367361e+00  2.59369817e+00  2.59411373e+00 -3.24962407e-05 
 1.07864000e-02  2.49902604e+00  3.92310858e+00  2.59312429e+00  2.59362588e+00 -3.25002602e-05 
 1.07914000e-02  2.49903364e+00  3.92245261e+00  2.59245962e+00  2.59304676e+00 -3.25049335e-05 
 1.07964000e-02  2.49904220e+00  3.92170633e+00  2.59170480e+00  2.59237693e+00 -3.25102562e-05 
 1.08014000e-02  2.49905170e+00  3.92087045e+00  2.59086055e+00  2.59161703e+00 -3.25162232e-05 
 1.08064000e-02  2.49906214e+00  3.91994578e+00  2.58992769e+00  2.59076779e+00 -3.25228287e-05 
 1.08114000e-02  2.49907350e+00  3.91893321e+00  2.58890712e+00  2.58983002e+00 -3.25300666e-05 
 1.08164000e-02  2.49908577e+00  3.91783371e+00  2.58779981e+00  2.58880463e+00 -3.25379298e-05 
 1.08214000e-02  2.49909895e+00  3.91664834e+00  2.58660683e+00  2.58769261e+00 -3.25464109e-05 
 1.08264000e-02  2.49911302e+00  3.91537824e+00  2.58532933e+00  2.58649502e+00 -3.25555017e-05 
 1.08314000e-02  2.49912796e+00  3.91402464e+00  2.58396854e+00  2.58521302e+00 -3.25651936e-05 
 1.08364000e-02  2.49914377e+00  3.91258883e+00  2.58252578e+00  2.58384784e+00 -3.25754772e-05 
 1.08414000e-02  2.49916042e+00  3.91107221e+00  2.58100243e+00  2.58240080e+00 -3.25863428e-05 
 1.08464000e-02  2.49917790e+00  3.90947624e+00  2.57939997e+00  2.58087330e+00 -3.25977798e-05 
 1.08514000e-02  2.49919618e+00  3.90780246e+00  2.57771994e+00  2.57926681e+00 -3.26097773e-05 
 1.08564000e-02  2.49921527e+00  3.90605249e+00  2.57596397e+00  2.57758288e+00 -3.26223238e-05 
 1.08614000e-02  2.49923512e+00  3.90422801e+00  2.57413374e+00  2.57582314e+00 -3.26354072e-05 
 1.08664000e-02  2.49925574e+00  3.90233080e+00  2.57223105e+00  2.57398929e+00 -3.26490150e-05 
 1.08714000e-02  2.49927708e+00  3.90036269e+00  2.57025772e+00  2.57208310e+00 -3.26631339e-05 
 1.08764000e-02  2.49929914e+00  3.89832558e+00  2.56821566e+00  2.57010643e+00 -3.26777505e-05 
 1.08814000e-02  2.49932189e+00  3.89622145e+00  2.56610686e+00  2.56806117e+00 -3.26928507e-05 
 1.08864000e-02  2.49934531e+00  3.89405235e+00  2.56393337e+00  2.56594933e+00 -3.27084197e-05 
 1.08914000e-02  2.49936938e+00  3.89182037e+00  2.56169729e+00  2.56377294e+00 -3.27244427e-05 
 1.08964000e-02  2.49939407e+00  3.88952769e+00  2.55940079e+00  2.56153412e+00 -3.27409040e-05 
 1.09014000e-02  2.49941935e+00  3.88717653e+00  2.55704611e+00  2.55923504e+00 -3.27577878e-05 
 1.09064000e-02  2.49944521e+00  3.88476919e+00  2.55463554e+00  2.55687794e+00 -3.27750777e-05 
 1.09114000e-02  2.49947162e+00  3.88230800e+00  2.55217142e+00  2.55446512e+00 -3.27927569e-05 
 1.09164000e-02  2.49949855e+00  3.87979536e+00  2.54965616e+00  2.55199892e+00 -3.28108083e-05 
 1.09214000e-02  2.49952597e+00  3.87723373e+00  2.54709221e+00  2.54948174e+00 -3.28292143e-05 
 1.09264000e-02  2.49955386e+00  3.87462560e+00  2.54448207e+00  2.54691604e+00 -3.28479570e-05 
 1.09314000e-02  2.49958220e+00  3.87197353e+00  2.54182828e+00  2.54430433e+00 -3.28670181e-05 
 1.09364000e-02  2.49961094e+00  3.86928009e+00  2.53913346e+00  2.54164915e+00 -3.28863791e-05 
 1.09414000e-02  2.49964007e+00  3.86654794e+00  2.53640022e+00  2.53895310e+00 -3.29060211e-05 
 1.09464000e-02  2.49966955e+00  3.86377973e+00  2.53363125e+00  2.53621882e+00 -3.29259249e-05 
 1.09514000e-02  2.49969936e+00  3.86097819e+00  2.53082926e+00  2.53344898e+00 -3.29460711e-05 
 1.09564000e-02  2.49972947e+00  3.85814607e+00  2.52799699e+00  2.53064630e+00 -3.29664398e-05 
 1.09614000e-02  2.49975984e+00  3.85528613e+00  2.52513723e+00  2.52781353e+00 -3.29870112e-05 
 1.09664000e-02  2.49979045e+00  3.85240119e+00  2.52225278e+00  2.52495344e+00 -3.30077652e-05 
 1.09714000e-02  2.49982127e+00  3.84949408e+00  2.51934648e+00  2.52206885e+00 -3.30286812e-05 
 1.09764000e-02  2.49985226e+00  3.84656767e+00  2.51642118e+00  2.51916259e+00 -3.30497388e-05 
 1.09814000e-02  2.49988340e+00  3.84362483e+00  2.51347977e+00  2.51623751e+00 -3.30709173e-05 
 1.09864000e-02  2.49991465e+00  3.84066846e+00  2.51052514e+00  2.51329650e+00 -3.30921958e-05 
 1.09914000e-02  2.49994599e+00  3.83770147e+00  2.50756021e+00  2.51034246e+00 -3.31135534e-05 
 1.09964000e-02  2.49997738e+00  3.83472680e+00  2.50458789e+00  2.50737828e+00 -3.31349690e-05 
 1.10014000e-02  2.50000880e+00  3.83174737e+00  2.50161112e+00  2.50440691e+00 -3.31564215e-05 
 1.10064000e-02  2.50004020e+00  3.82876613e+00  2.49863285e+00  2.50143127e+00 -3.31778896e-05 
 1.10114000e-02  2.50007157e+00  3.82578603e+00  2.49565601e+00  2.49845430e+00 -3.31993522e-05 
 1.10164000e-02  2.50010286e+00  3.82281001e+00  2.49268355e+00  2.49547894e+00 -3.32207880e-05 
 1.10214000e-02  2.50013406e+00  3.81984102e+00  2.48971841e+00  2.49250813e+00 -3.32421758e-05 
 1.10264000e-02  2.50016512e+00  3.81688200e+00  2.48676353e+00  2.48954482e+00 -3.32634944e-05 
 1.10314000e-02  2.50019601e+00  3.81393588e+00  2.48382183e+00  2.48659195e+00 -3.32847226e-05 
 1.10364000e-02  2.50022672e+00  3.81100559e+00  2.48089624e+00  2.48365243e+00 -3.33058393e-05 
 1.10414000e-02  2.50025720e+00  3.80809402e+00  2.47798965e+00  2.48072918e+00 -3.33268237e-05 
 1.10464000e-02  2.50028743e+00  3.80520407e+00  2.47510496e+00  2.47782510e+00 -3.33476548e-05 
 1.10514000e-02  2.50031737e+00  3.80233862e+00  2.47224502e+00  2.47494308e+00 -3.33683118e-05 
 1.10564000e-02  2.50034700e+00  3.79950050e+00  2.46941268e+00  2.47208597e+00 -3.33887743e-05 
 1.10614000e-02  2.50037629e+00  3.79669255e+00  2.46661075e+00  2.46925662e+00 -3.34090219e-05 
 1.10664000e-02  2.50040521e+00  3.79391755e+00  2.46384202e+00  2.46645785e+00 -3.34290342e-05 
 1.10714000e-02  2.50043372e+00  3.79117826e+00  2.46110926e+00  2.46369243e+00 -3.34487915e-05 
 1.10764000e-02  2.50046181e+00  3.78847742e+00  2.45841517e+00  2.46096311e+00 -3.34682739e-05 
 1.10814000e-02  2.50048944e+00  3.78581772e+00  2.45576245e+00  2.45827263e+00 -3.34874620e-05 
 1.10864000e-02  2.50051659e+00  3.78320181e+00  2.45315374e+00  2.45562365e+00 -3.35063367e-05 
 1.10914000e-02  2.50054323e+00  3.78063229e+00  2.45059164e+00  2.45301881e+00 -3.35248789e-05 
 1.10964000e-02  2.50056934e+00  3.77811173e+00  2.44807870e+00  2.45046073e+00 -3.35430703e-05 
 1.11014000e-02  2.50059488e+00  3.77564264e+00  2.44561744e+00  2.44795194e+00 -3.35608925e-05 
 1.11064000e-02  2.50061983e+00  3.77322750e+00  2.44321031e+00  2.44549495e+00 -3.35783277e-05 
 1.11114000e-02  2.50064418e+00  3.77086871e+00  2.44085972e+00  2.44309222e+00 -3.35953585e-05 
 1.11164000e-02  2.50066788e+00  3.76856863e+00  2.43856802e+00  2.44074615e+00 -3.36119677e-05 
 1.11214000e-02  2.50069093e+00  3.76632956e+00  2.43633749e+00  2.43845907e+00 -3.36281387e-05 
 1.11264000e-02  2.50071330e+00  3.76415375e+00  2.43417038e+00  2.43623328e+00 -3.36438553e-05 
 1.11314000e-02  2.50073496e+00  3.76204335e+00  2.43206883e+00  2.43407101e+00 -3.36591017e-05 
 1.11364000e-02  2.50075590e+00  3.76000050e+00  2.43003497e+00  2.43197441e+00 -3.36738626e-05 
 1.11414000e-02  2.50077609e+00  3.75802722e+00  2.42807082e+00  2.42994558e+00 -3.36881231e-05 
 1.11464000e-02  2.50079552e+00  3.75612551e+00  2.42617835e+00  2.42798656e+00 -3.37018689e-05 
 1.11514000e-02  2.50081416e+00  3.75429725e+00  2.42435946e+00  2.42609930e+00 -3.37150862e-05 
 1.11564000e-02  2.50083199e+00  3.75254430e+00  2.42261596e+00  2.42428570e+00 -3.37277617e-05 
 1.11614000e-02  2.50084901e+00  3.75086839e+00  2.42094961e+00  2.42254757e+00 -3.37398826e-05 
 1.11664000e-02  2.50086519e+00  3.74927121e+00  2.41936208e+00  2.42088665e+00 -3.37514368e-05 
 1.11714000e-02  2.50088051e+00  3.74775436e+00  2.41785495e+00  2.41930461e+00 -3.37624126e-05 
 1.11764000e-02  2.50089497e+00  3.74631936e+00  2.41642974e+00  2.41780304e+00 -3.37727989e-05 
 1.11814000e-02  2.50090854e+00  3.74496765e+00  2.41508787e+00  2.41638343e+00 -3.37825853e-05 
 1.11864000e-02  2.50092121e+00  3.74370059e+00  2.41383070e+00  2.41504722e+00 -3.37917619e-05 
 1.11914000e-02  2.50093298e+00  3.74251944e+00  2.41265948e+00  2.41379574e+00 -3.38003196e-05 
 1.11964000e-02  2.50094382e+00  3.74142540e+00  2.41157540e+00  2.41263026e+00 -3.38082495e-05 
 1.12014000e-02  2.50095374e+00  3.74041956e+00  2.41057952e+00  2.41155192e+00 -3.38155439e-05 
 1.12064000e-02  2.50096271e+00  3.73950292e+00  2.40967286e+00  2.41056183e+00 -3.38221952e-05 
 1.12114000e-02  2.50097073e+00  3.73867641e+00  2.40885633e+00  2.40966097e+00 -3.38281969e-05 
 1.12164000e-02  2.50097780e+00  3.73794086e+00  2.40813074e+00  2.40885025e+00 -3.38335428e-05 
 1.12214000e-02  2.50098390e+00  3.73729701e+00  2.40749683e+00  2.40813048e+00 -3.38382276e-05 
 1.12264000e-02  2.50098903e+00  3.73674550e+00  2.40695522e+00  2.40750239e+00 -3.38422466e-05 
 1.12314000e-02  2.50099318e+00  3.73628688e+00  2.40650647e+00  2.40696659e+00 -3.38455956e-05 
 1.12364000e-02  2.50099635e+00  3.73592162e+00  2.40615102e+00  2.40652364e+00 -3.38482713e-05 
 1.12414000e-02  2.50099854e+00  3.73565009e+00  2.40588923e+00  2.40617398e+00 -3.38502711e-05 
 1.12464000e-02  2.50099974e+00  3.73547254e+00  2.40572136e+00  2.40591795e+00 -3.38515929e-05 
 1.12514000e-02  2.50099996e+00  3.73538917e+00  2.40564758e+00  2.40575581e+00 -3.38522353e-05 
 1.12564000e-02  2.50099919e+00  3.73540006e+00  2.40566797e+00  2.40568773e+00 -3.38521978e-05 
 1.12614000e-02  2.50099744e+00  3.73550519e+00  2.40578250e+00  2.40571378e+00 -3.38514803e-05 
 1.12664000e-02  2.50099470e+00  3.73570445e+00  2.40599106e+00  2.40583392e+00 -3.38500837e-05 
 1.12714000e-02  2.50099097e+00  3.73599766e+00  2.40629344e+00  2.40604804e+00 -3.38480093e-05 
 1.12764000e-02  2.50098627e+00  3.73638451e+00  2.40668933e+00  2.40635592e+00 -3.38452592e-05 
 1.12814000e-02  2.50098060e+00  3.73686461e+00  2.40717834e+00  2.40675725e+00 -3.38418362e-05 
 1.12864000e-02  2.50097396e+00  3.73743749e+00  2.40775997e+00  2.40725163e+00 -3.38377438e-05 
 1.12914000e-02  2.50096636e+00  3.73810256e+00  2.40843365e+00  2.40783856e+00 -3.38329860e-05 
 1.12964000e-02  2.50095780e+00  3.73885916e+00  2.40919869e+00  2.40851745e+00 -3.38275678e-05 
 1.13014000e-02  2.50094830e+00  3.73970652e+00  2.41005432e+00  2.40928763e+00 -3.38214945e-05 
 1.13064000e-02  2.50093786e+00  3.74064380e+00  2.41099969e+00  2.41014830e+00 -3.38147723e-05 
 1.13114000e-02  2.50092650e+00  3.74167006e+00  2.41203384e+00  2.41109862e+00 -3.38074080e-05 
 1.13164000e-02  2.50091423e+00  3.74278426e+00  2.41315574e+00  2.41213763e+00 -3.37994091e-05 
 1.13214000e-02  2.50090105e+00  3.74398529e+00  2.41436427e+00  2.41326428e+00 -3.37907835e-05 
 1.13264000e-02  2.50088698e+00  3.74527194e+00  2.41565820e+00  2.41447744e+00 -3.37815401e-05 
 1.13314000e-02  2.50087204e+00  3.74664292e+00  2.41703625e+00  2.41577590e+00 -3.37716880e-05 
 1.13364000e-02  2.50085623e+00  3.74809685e+00  2.41849702e+00  2.41715836e+00 -3.37612373e-05 
 1.13414000e-02  2.50083958e+00  3.74963227e+00  2.42003906e+00  2.41862341e+00 -3.37501985e-05 
 1.13464000e-02  2.50082210e+00  3.75124766e+00  2.42166081e+00  2.42016961e+00 -3.37385826e-05 
 1.13514000e-02  2.50080382e+00  3.75294137e+00  2.42336065e+00  2.42179538e+00 -3.37264015e-05 
 1.13564000e-02  2.50078473e+00  3.75471173e+00  2.42513687e+00  2.42349912e+00 -3.37136673e-05 
 1.13614000e-02  2.50076488e+00  3.75655695e+00  2.42698771e+00  2.42527910e+00 -3.37003930e-05 
 1.13664000e-02  2.50074426e+00  3.75847518e+00  2.42891129e+00  2.42713354e+00 -3.36865918e-05 
 1.13714000e-02  2.50072292e+00  3.76046451e+00  2.43090570e+00  2.42906059e+00 -3.36722776e-05 
 1.13764000e-02  2.50070086e+00  3.76252293e+00  2.43296893e+00  2.43105832e+00 -3.36574648e-05 
 1.13814000e-02  2.50067811e+00  3.76464840e+00  2.43509893e+00  2.43312472e+00 -3.36421683e-05 
 1.13864000e-02  2.50065469e+00  3.76683878e+00  2.43729356e+00  2.43525772e+00 -3.36264035e-05 
 1.13914000e-02  2.50063062e+00  3.76909188e+00  2.43955062e+00  2.43745520e+00 -3.36101863e-05 
 1.13964000e-02  2.50060593e+00  3.77140545e+00  2.44186786e+00  2.43971495e+00 -3.35935328e-05 
 1.14014000e-02  2.50058065e+00  3.77377718e+00  2.44424296e+00  2.44203472e+00 -3.35764598e-05 
 1.14064000e-02  2.50055479e+00  3.77620469e+00  2.44667355e+00  2.44441217e+00 -3.35589844e-05 
 1.14114000e-02  2.50052838e+00  3.77868556e+00  2.44915720e+00  2.44684495e+00 -3.35411242e-05 
 1.14164000e-02  2.50050145e+00  3.78121732e+00  2.45169142e+00  2.44933062e+00 -3.35228969e-05 
 1.14214000e-02  2.50047403e+00  3.78379743e+00  2.45427370e+00  2.45186669e+00 -3.35043210e-05 
 1.14264000e-02  2.50044614e+00  3.78642332e+00  2.45690145e+00  2.45445064e+00 -3.34854149e-05 
 1.14314000e-02  2.50041780e+00  3.78909237e+00  2.45957205e+00  2.45707988e+00 -3.34661976e-05 
 1.14364000e-02  2.50038906e+00  3.79180193e+00  2.46228284e+00  2.45975180e+00 -3.34466883e-05 
 1.14414000e-02  2.50035993e+00  3.79454929e+00  2.46503112e+00  2.46246373e+00 -3.34269064e-05 
 1.14464000e-02  2.50033045e+00  3.79733171e+00  2.46781416e+00  2.46521297e+00 -3.34068718e-05 
 1.14514000e-02  2.50030064e+00  3.80014644e+00  2.47062917e+00  2.46799679e+00 -3.33866044e-05 
 1.14564000e-02  2.50027053e+00  3.80299065e+00  2.47347337e+00  2.47081240e+00 -3.33661243e-05 
 1.14614000e-02  2.50024016e+00  3.80586154e+00  2.47634392e+00  2.47365702e+00 -3.33454521e-05 
 1.14664000e-02  2.50020955e+00  3.80875624e+00  2.47923797e+00  2.47652780e+00 -3.33246083e-05 
 1.14714000e-02  2.50017873e+00  3.81167189e+00  2.48215265e+00  2.47942191e+00 -3.33036136e-05 
 1.14764000e-02  2.50014774e+00  3.81460557e+00  2.48508506e+00  2.48233646e+00 -3.32824889e-05 
 1.14814000e-02  2.50011660e+00  3.81755440e+00  2.48803230e+00  2.48526856e+00 -3.32612551e-05 
 1.14864000e-02  2.50008535e+00  3.82051543e+00  2.49099144e+00  2.48821530e+00 -3.32399335e-05 
 1.14914000e-02  2.50005401e+00  3.82348575e+00  2.49395955e+00  2.49117377e+00 -3.32185450e-05 
 1.14964000e-02  2.50002262e+00  3.82646240e+00  2.49693369e+00  2.49414103e+00 -3.31971109e-05 
 1.15014000e-02  2.49999120e+00  3.82944245e+00  2.49991092e+00  2.49711413e+00 -3.31756525e-05 
 1.15064000e-02  2.49995980e+00  3.83242293e+00  2.50288829e+00  2.50009015e+00 -3.31541908e-05 
 1.15114000e-02  2.49992843e+00  3.83540092e+00  2.50586286e+00  2.50306614e+00 -3.31327473e-05 
 1.15164000e-02  2.49989714e+00  3.83837347e+00  2.50883170e+00  2.50603916e+00 -3.31113430e-05 
 1.15214000e-02  2.49986594e+00  3.84133764e+00  2.51179187e+00  2.50900626e+00 -3.30899990e-05 
 1.15264000e-02  2.49983488e+00  3.84429051e+00  2.51474046e+00  2.51196453e+00 -3.30687365e-05 
 1.15314000e-02  2.49980399e+00  3.84722917e+00  2.51767456e+00  2.51491104e+00 -3.30475762e-05 
 1.15364000e-02  2.49977328e+00  3.85015073e+00  2.52059127e+00  2.51784290e+00 -3.30265392e-05 
 1.15414000e-02  2.49974280e+00  3.85305232e+00  2.52348774e+00  2.52075721e+00 -3.30056460e-05 
 1.15464000e-02  2.49971257e+00  3.85593107e+00  2.52636111e+00  2.52365111e+00 -3.29849171e-05 
 1.15514000e-02  2.49968263e+00  3.85878417e+00  2.52920855e+00  2.52652175e+00 -3.29643730e-05 
 1.15564000e-02  2.49965300e+00  3.86160880e+00  2.53202728e+00  2.52936631e+00 -3.29440337e-05 
 1.15614000e-02  2.49962371e+00  3.86440221e+00  2.53481453e+00  2.53218200e+00 -3.29239191e-05 
 1.15664000e-02  2.49959479e+00  3.86716164e+00  2.53756756e+00  2.53496606e+00 -3.29040490e-05 
 1.15714000e-02  2.49956628e+00  3.86988440e+00  2.54028368e+00  2.53771575e+00 -3.28844428e-05 
 1.15764000e-02  2.49953819e+00  3.87256782e+00  2.54296022e+00  2.54042839e+00 -3.28651196e-05 
 1.15814000e-02  2.49951056e+00  3.87520928e+00  2.54559458e+00  2.54310132e+00 -3.28460982e-05 
 1.15864000e-02  2.49948341e+00  3.87780620e+00  2.54818418e+00  2.54573192e+00 -3.28273973e-05 
 1.15914000e-02  2.49945677e+00  3.88035604e+00  2.55072649e+00  2.54831762e+00 -3.28090349e-05 
 1.15964000e-02  2.49943066e+00  3.88285631e+00  2.55321902e+00  2.55085591e+00 -3.27910291e-05 
 1.16014000e-02  2.49940512e+00  3.88530457e+00  2.55565935e+00  2.55334429e+00 -3.27733972e-05 
 1.16064000e-02  2.49938017e+00  3.88769844e+00  2.55804510e+00  2.55578036e+00 -3.27561564e-05 
 1.16114000e-02  2.49935582e+00  3.89003559e+00  2.56037395e+00  2.55816172e+00 -3.27393234e-05 
 1.16164000e-02  2.49933212e+00  3.89231374e+00  2.56264362e+00  2.56048607e+00 -3.27229145e-05 
 1.16214000e-02  2.49930907e+00  3.89453068e+00  2.56485193e+00  2.56275114e+00 -3.27069457e-05 
 1.16264000e-02  2.49928670e+00  3.89668426e+00  2.56699671e+00  2.56495474e+00 -3.26914323e-05 
 1.16314000e-02  2.49926504e+00  3.89877239e+00  2.56907589e+00  2.56709471e+00 -3.26763893e-05 
 1.16364000e-02  2.49924410e+00  3.90079303e+00  2.57108745e+00  2.56916899e+00 -3.26618314e-05 
 1.16414000e-02  2.49922391e+00  3.90274423e+00  2.57302944e+00  2.57117556e+00 -3.26477724e-05 
 1.16464000e-02  2.49920448e+00  3.90462411e+00  2.57489998e+00  2.57311247e+00 -3.26342261e-05 
 1.16514000e-02  2.49918584e+00  3.90643083e+00  2.57669726e+00  2.57497785e+00 -3.26212053e-05 
 1.16564000e-02  2.49916801e+00  3.90816266e+00  2.57841954e+00  2.57676990e+00 -3.26087227e-05 
 1.16614000e-02  2.49915099e+00  3.90981792e+00  2.58006516e+00  2.57848688e+00 -3.25967903e-05 
 1.16664000e-02  2.49913481e+00  3.91139500e+00  2.58163251e+00  2.58012713e+00 -3.25854195e-05 
 1.16714000e-02  2.49911949e+00  3.91289239e+00  2.58312010e+00  2.58168906e+00 -3.25746213e-05 
 1.16764000e-02  2.49910503e+00  3.91430864e+00  2.58452649e+00  2.58317117e+00 -3.25644059e-05 
 1.16814000e-02  2.49909146e+00  3.91564238e+00  2.58585031e+00  2.58457202e+00 -3.25547833e-05 
 1.16864000e-02  2.49907879e+00  3.91689233e+00  2.58709029e+00  2.58589027e+00 -3.25457626e-05 
 1.16914000e-02  2.49906702e+00  3.91805728e+00  2.58824524e+00  2.58712464e+00 -3.25373525e-05 
 1.16964000e-02  2.49905618e+00  3.91913611e+00  2.58931405e+00  2.58827395e+00 -3.25295610e-05 
 1.17014000e-02  2.49904626e+00  3.92012778e+00  2.59029568e+00  2.58933708e+00 -3.25223956e-05 
 1.17064000e-02  2.49903729e+00  3.92103134e+00  2.59118918e+00  2.59031302e+00 -3.25158631e-05 
 1.17114000e-02  2.49902927e+00  3.92184591e+00  2.59199371e+00  2.59120082e+00 -3.25099698e-05 
 1.17164000e-02  2.49902220e+00  3.92257072e+00  2.59270849e+00  2.59199962e+00 -3.25047214e-05 
 1.17214000e-02  2.49901610e+00  3.92320506e+00  2.59333282e+00  2.59270867e+00 -3.25001227e-05 
 1.17264000e-02  2.49901097e+00  3.92374833e+00  2.59386611e+00  2.59332728e+00 -3.24961783e-05 
 1.17314000e-02  2.49900682e+00  3.92420000e+00  2.59430784e+00  2.59385484e+00 -3.24928919e-05 
 1.17364000e-02  2.49900365e+00  3.92455964e+00  2.59465759e+00  2.59429087e+00 -3.24902666e-05 
 1.17414000e-02  2.49900146e+00  3.92482690e+00  2.59491503e+00  2.59463493e+00 -3.24883050e-05 
 1.17464000e-02  2.49900026e+00  3.92500153e+00  2.59507991e+00  2.59488669e+00 -3.24870089e-05 
 1.17514000e-02  2.49900004e+00  3.92508335e+00  2.59515206e+00  2.59504592e+00 -3.24863796e-05 
 1.17564000e-02  2.49900081e+00  3.92507230e+00  2.59513142e+00  2.59511247e+00 -3.24864177e-05 
 1.17614000e-02  2.49900256e+00  3.92496837e+00  2.59501801e+00  2.59508625e+00 -3.24871230e-05 
 1.17664000e-02  2.49900530e+00  3.92477167e+00  2.59481194e+00  2.59496731e+00 -3.24884951e-05 
 1.17714000e-02  2.49900903e+00  3.92448238e+00  2.59451340e+00  2.59475575e+00 -3.24905325e-05 
 1.17764000e-02  2.49901373e+00  3.92410079e+00  2.59412268e+00  2.59445179e+00 -3.24932334e-05 
 1.17814000e-02  2.49901940e+00  3.92362726e+00  2.59364016e+00  2.59405570e+00 -3.24965951e-05 
 1.17864000e-02  2.49902604e+00  3.92306224e+00  2.59306629e+00  2.59356787e+00 -3.25006145e-05 
 1.17914000e-02  2.49903364e+00  3.92240628e+00  2.59240164e+00  2.59298877e+00 -3.25052878e-05 
 1.17964000e-02  2.49904220e+00  3.92166001e+00  2.59164683e+00  2.59231895e+00 -3.25106104e-05 
 1.18014000e-02  2.49905170e+00  3.92082414e+00  2.59080260e+00  2.59155907e+00 -3.25165772e-05 
 1.18064000e-02  2.49906214e+00  3.91989948e+00  2.58986976e+00  2.59070984e+00 -3.25231827e-05 
 1.18114000e-02  2.49907350e+00  3.91888692e+00  2.58884919e+00  2.58977209e+00 -3.25304205e-05 
 1.18164000e-02  2.49908577e+00  3.91778742e+00  2.58774190e+00  2.58874671e+00 -3.25382837e-05 
 1.18214000e-02  2.49909895e+00  3.91660206e+00  2.58654893e+00  2.58763470e+00 -3.25467647e-05 
 1.18264000e-02  2.49911302e+00  3.91533197e+00  2.58527145e+00  2.58643713e+00 -3.25558555e-05 
 1.18314000e-02  2.49912796e+00  3.91397837e+00  2.58391068e+00  2.58515514e+00 -3.25655473e-05 
 1.18364000e-02  2.49914377e+00  3.91254258e+00  2.58246793e+00  2.58378997e+00 -3.25758309e-05 
 1.18414000e-02  2.49916042e+00  3.91102597e+00  2.58094459e+00  2.58234295e+00 -3.25866964e-05 
 1.18464000e-02  2.49917790e+00  3.90943000e+00  2.57934214e+00  2.58081546e+00 -3.25981334e-05 
 1.18514000e-02  2.49919618e+00  3.90775623e+00  2.57766212e+00  2.57920898e+00 -3.26101309e-05 
 1.18564000e-02  2.49921527e+00  3.90600626e+00  2.57590616e+00  2.57752506e+00 -3.26226773e-05 
 1.18614000e-02  2.49923512e+00  3.90418179e+00  2.57407595e+00  2.57576533e+00 -3.26357607e-05 
 1.18664000e-02  2.49925574e+00  3.90228458e+00  2.57217326e+00  2.57393149e+00 -3.26493685e-05 
 1.18714000e-02  2.49927708e+00  3.90031647e+00  2.57019994e+00  2.57202532e+00 -3.26634874e-05 
 1.18764000e-02  2.49929914e+00  3.89827937e+00  2.56815790e+00  2.57004865e+00 -3.26781040e-05 
 1.18814000e-02  2.49932189e+00  3.89617525e+00  2.56604911e+00  2.56800341e+00 -3.26932041e-05 
 1.18864000e-02  2.49934531e+00  3.89400614e+00  2.56387562e+00  2.56589157e+00 -3.27087731e-05 
 1.18914000e-02  2.49936938e+00  3.89177417e+00  2.56163955e+00  2.56371519e+00 -3.27247960e-05 
 1.18964000e-02  2.49939407e+00  3.88948149e+00  2.55934306e+00  2.56147638e+00 -3.27412573e-05 
 1.19014000e-02  2.49941935e+00  3.88713034e+00  2.55698839e+00  2.55917732e+00 -3.27581411e-05 
 1.19064000e-02  2.49944521e+00  3.88472300e+00  2.55457783e+00  2.55682023e+00 -3.27754310e-05 
 1.19114000e-02  2.49947162e+00  3.88226181e+00  2.55211372e+00  2.55440741e+00 -3.27931102e-05 
 1.19164000e-02  2.49949855e+00  3.87974918e+00  2.54959847e+00  2.55194122e+00 -3.28111616e-05 
 1.19214000e-02  2.49952597e+00  3.87718755e+00  2.54703452e+00  2.54942405e+00 -3.28295676e-05 
 1.19264000e-02  2.49955386e+00  3.87457942e+00  2.54442439e+00  2.54685836e+00 -3.28483102e-05 
 1.19314000e-02  2.49958220e+00  3.87192735e+00  2.54177062e+00  2.54424665e+00 -3.28673714e-05 
 1.19364000e-02  2.49961094e+00  3.86923392e+00  2.53907580e+00  2.54159148e+00 -3.28867324e-05 
 1.19414000e-02  2.49964007e+00  3.86650176e+00  2.53634257e+00  2.53889544e+00 -3.29063744e-05 
 1.19464000e-02  2.49966955e+00  3.86373356e+00  2.53357361e+00  2.53616117e+00 -3.29262782e-05 
 1.19514000e-02  2.49969936e+00  3.86093203e+00  2.53077162e+00  2.53339134e+00 -3.29464243e-05 
 1.19564000e-02  2.49972947e+00  3.85809990e+00  2.52793936e+00  2.53058867e+00 -3.29667931e-05 
 1.19614000e-02  2.49975984e+00  3.85523996e+00  2.52507961e+00  2.52775590e+00 -3.29873645e-05 
 1.19664000e-02  2.49979045e+00  3.85235503e+00  2.52219517e+00  2.52489582e+00 -3.30081184e-05 
 1.19714000e-02  2.49982127e+00  3.84944792e+00  2.51928888e+00  2.52201124e+00 -3.30290344e-05 
 1.19764000e-02  2.49985226e+00  3.84652151e+00  2.51636359e+00  2.51910498e+00 -3.30500921e-05 
 1.19814000e-02  2.49988340e+00  3.84357867e+00  2.51342218e+00  2.51617992e+00 -3.30712706e-05 
 1.19864000e-02  2.49991465e+00  3.84062230e+00  2.51046756e+00  2.51323891e+00 -3.30925491e-05 
 1.19914000e-02  2.49994599e+00  3.83765532e+00  2.50750263e+00  2.51028487e+00 -3.31139067e-05 
 1.19964000e-02  2.49997738e+00  3.83468064e+00  2.50453032e+00  2.50732071e+00 -3.31353223e-05 
 1.20014000e-02  2.50000880e+00  3.83170122e+00  2.50155356e+00  2.50434934e+00 -3.31567747e-05 
 1.20064000e-02  2.50004020e+00  3.82871998e+00  2.49857530e+00  2.50137371e+00 -3.31782429e-05 
 1.20114000e-02  2.50007157e+00  3.82573988e+00  2.49559846e+00  2.49839674e+00 -3.31997054e-05 
 1.20164000e-02  2.50010286e+00  3.82276387e+00  2.49262601e+00  2.49542139e+00 -3.32211412e-05 
 1.20214000e-02  2.50013406e+00  3.81979488e+00  2.48966088e+00  2.49245060e+00 -3.32425290e-05 
 1.20264000e-02  2.50016512e+00  3.81683586e+00  2.48670601e+00  2.48948730e+00 -3.32638476e-05 
 1.20314000e-02  2.50019601e+00  3.81388975e+00  2.48376432e+00  2.48653443e+00 -3.32850758e-05 
 1.20364000e-02  2.50022672e+00  3.81095945e+00  2.48083874e+00  2.48359492e+00 -3.33061925e-05 
 1.20414000e-02  2.50025720e+00  3.80804789e+00  2.47793216e+00  2.48067168e+00 -3.33271769e-05 
 1.20464000e-02  2.50028743e+00  3.80515795e+00  2.47504747e+00  2.47776761e+00 -3.33480079e-05 
 1.20514000e-02  2.50031737e+00  3.80229249e+00  2.47218754e+00  2.47488559e+00 -3.33686650e-05 
 1.20564000e-02  2.50034700e+00  3.79945438e+00  2.46935521e+00  2.47202850e+00 -3.33891275e-05 
 1.20614000e-02  2.50037629e+00  3.79664643e+00  2.46655329e+00  2.46919916e+00 -3.34093750e-05 
 1.20664000e-02  2.50040521e+00  3.79387143e+00  2.46378457e+00  2.46640039e+00 -3.34293873e-05 
 1.20714000e-02  2.50043372e+00  3.79113215e+00  2.46105182e+00  2.46363498e+00 -3.34491446e-05 
 1.20764000e-02  2.50046181e+00  3.78843132e+00  2.45835774e+00  2.46090567e+00 -3.34686270e-05 
 1.20814000e-02  2.50048944e+00  3.78577162e+00  2.45570503e+00  2.45821520e+00 -3.34878151e-05 
 1.20864000e-02  2.50051659e+00  3.78315571e+00  2.45309633e+00  2.45556623e+00 -3.35066897e-05 
 1.20914000e-02  2.50054323e+00  3.78058619e+00  2.45053424e+00  2.45296140e+00 -3.35252319e-05 
 1.20964000e-02  2.50056934e+00  3.77806564e+00  2.44802131e+00  2.45040333e+00 -3.35434232e-05 
 1.21014000e-02  2.50059488e+00  3.77559656e+00  2.44556006e+00  2.44789455e+00 -3.35612454e-05 
 1.21064000e-02  2.50061983e+00  3.77318142e+00  2.44315295e+00  2.44543757e+00 -3.35786806e-05 
 1.21114000e-02  2.50064418e+00  3.77082264e+00  2.44080237e+00  2.44303485e+00 -3.35957114e-05 
 1.21164000e-02  2.50066788e+00  3.76852257e+00  2.43851068e+00  2.44068879e+00 -3.36123205e-05 
 1.21214000e-02  2.50069093e+00  3.76628350e+00  2.43628016e+00  2.43840173e+00 -3.36284915e-05 
 1.21264000e-02  2.50071330e+00  3.76410769e+00  2.43411306e+00  2.43617595e+00 -3.36442081e-05 
 1.21314000e-02  2.50073496e+00  3.76199730e+00  2.43201152e+00  2.43401369e+00 -3.36594544e-05 
 1.21364000e-02  2.50075590e+00  3.75995446e+00  2.42997767e+00  2.43191710e+00 -3.36742153e-05 
 1.21414000e-02  2.50077609e+00  3.75798119e+00  2.42801354e+00  2.42988828e+00 -3.36884757e-05 
 1.21464000e-02  2.50079552e+00  3.75607948e+00  2.42612108e+00  2.42792927e+00 -3.37022215e-05 
 1.21514000e-02  2.50081416e+00  3.75425123e+00  2.42430220e+00  2.42604203e+00 -3.37154387e-05 
 1.21564000e-02  2.50083199e+00  3.75249828e+00  2.42255872e+00  2.42422844e+00 -3.37281142e-05 
 1.21614000e-02  2.50084901e+00  3.75082238e+00  2.42089238e+00  2.42249032e+00 -3.37402351e-05 
 1.21664000e-02  2.50086519e+00  3.74922521e+00  2.41930486e+00  2.42082942e+00 -3.37517892e-05 
 1.21714000e-02  2.50088051e+00  3.74770837e+00  2.41779775e+00  2.41924739e+00 -3.37627649e-05 
 1.21764000e-02  2.50089497e+00  3.74627338e+00  2.41637255e+00  2.41774584e+00 -3.37731511e-05 
 1.21814000e-02  2.50090854e+00  3.74492168e+00  2.41503070e+00  2.41632625e+00 -3.37829374e-05 
 1.21864000e-02  2.50092121e+00  3.74365463e+00  2.41377354e+00  2.41499005e+00 -3.37921140e-05 
 1.21914000e-02  2.50093298e+00  3.74247349e+00  2.41260234e+00  2.41373859e+00 -3.38006716e-05 
 1.21964000e-02  2.50094382e+00  3.74137946e+00  2.41151827e+00  2.41257311e+00 -3.38086015e-05 
 1.22014000e-02  2.50095374e+00  3.74037362e+00  2.41052241e+00  2.41149480e+00 -3.38158957e-05 
 1.22064000e-02  2.50096271e+00  3.73945700e+00  2.40961577e+00  2.41050472e+00 -3.38225470e-05 
 1.22114000e-02  2.50097073e+00  3.73863050e+00  2.40879925e+00  2.40960388e+00 -3.38285486e-05 
 1.22164000e-02  2.50097780e+00  3.73789496e+00  2.40807368e+00  2.40879318e+00 -3.38338944e-05 
 1.22214000e-02  2.50098390e+00  3.73725112e+00  2.40743978e+00  2.40807342e+00 -3.38385792e-05 
 1.22264000e-02  2.50098903e+00  3.73669962e+00  2.40689819e+00  2.40744534e+00 -3.38425980e-05 
 1.22314000e-02  2.50099318e+00  3.73624102e+00  2.40644946e+00  2.40690957e+00 -3.38459469e-05 
 1.22364000e-02  2.50099635e+00  3.73587577e+00  2.40609403e+00  2.40646663e+00 -3.38486226e-05 
 1.22414000e-02  2.50099854e+00  3.73560424e+00  2.40583225e+00  2.40611698e+00 -3.38506223e-05 
 1.22464000e-02  2.50099974e+00  3.73542671e+00  2.40566440e+00  2.40586097e+00 -3.38519439e-05 
 1.22514000e-02  2.50099996e+00  3.73534336e+00  2.40559065e+00  2.40569886e+00 -3.38525863e-05 
 1.22564000e-02  2.50099919e+00  3.73535426e+00  2.40561105e+00  2.40563080e+00 -3.38525486e-05 
 1.22614000e-02  2.50099744e+00  3.73545940e+00  2.40572560e+00  2.40565686e+00 -3.38518311e-05 
 1.22664000e-02  2.50099470e+00  3.73565868e+00  2.40593418e+00  2.40577702e+00 -3.38504343e-05 
 1.22714000e-02  2.50099097e+00  3.73595190e+00  2.40623658e+00  2.40599116e+00 -3.38483598e-05 
 1.22764000e-02  2.50098627e+00  3.73633876e+00  2.40663249e+00  2.40629906e+00 -3.38456096e-05 
 1.22814000e-02  2.50098060e+00  3.73681888e+00  2.40712152e+00  2.40670041e+00 -3.38421865e-05 
 1.22864000e-02  2.50097396e+00  3.73739177e+00  2.40770317e+00  2.40719481e+00 -3.38380939e-05 
 1.22914000e-02  2.50096636e+00  3.73805686e+00  2.40837687e+00  2.40778176e+00 -3.38333361e-05 
 1.22964000e-02  2.50095780e+00  3.73881347e+00  2.40914193e+00  2.40846068e+00 -3.38279177e-05 
 1.23014000e-02  2.50094830e+00  3.73966085e+00  2.40999758e+00  2.40923087e+00 -3.38218443e-05 
 1.23064000e-02  2.50093786e+00  3.74059815e+00  2.41094297e+00  2.41009157e+00 -3.38151220e-05 
 1.23114000e-02  2.50092650e+00  3.74162442e+00  2.41197715e+00  2.41104191e+00 -3.38077576e-05 
 1.23164000e-02  2.50091423e+00  3.74273864e+00  2.41309907e+00  2.41208094e+00 -3.37997585e-05 
 1.23214000e-02  2.50090105e+00  3.74393969e+00  2.41430762e+00  2.41320761e+00 -3.37911328e-05 
 1.23264000e-02  2.50088698e+00  3.74522635e+00  2.41560158e+00  2.41442080e+00 -3.37818892e-05 
 1.23314000e-02  2.50087204e+00  3.74659735e+00  2.41697965e+00  2.41571928e+00 -3.37720370e-05 
 1.23364000e-02  2.50085623e+00  3.74805129e+00  2.41844044e+00  2.41710175e+00 -3.37615861e-05 
 1.23414000e-02  2.50083958e+00  3.74958674e+00  2.41998250e+00  2.41856683e+00 -3.37505471e-05 
 1.23464000e-02  2.50082210e+00  3.75120214e+00  2.42160427e+00  2.42011305e+00 -3.37389312e-05 
 1.23514000e-02  2.50080382e+00  3.75289588e+00  2.42330414e+00  2.42173885e+00 -3.37267499e-05 
 1.23564000e-02  2.50078473e+00  3.75466625e+00  2.42508039e+00  2.42344261e+00 -3.37140156e-05 
 1.23614000e-02  2.50076488e+00  3.75651149e+00  2.42693125e+00  2.42522262e+00 -3.37007411e-05 
 1.23664000e-02  2.50074426e+00  3.75842974e+00  2.42885485e+00  2.42707708e+00 -3.36869397e-05 
 1.23714000e-02  2.50072292e+00  3.76041908e+00  2.43084929e+00  2.42900416e+00 -3.36726253e-05 
 1.23764000e-02  2.50070086e+00  3.76247753e+00  2.43291255e+00  2.43100191e+00 -3.36578124e-05 
 1.23814000e-02  2.50067811e+00  3.76460302e+00  2.43504257e+00  2.43306833e+00 -3.36425157e-05 
 1.23864000e-02  2.50065469e+00  3.76679342e+00  2.43723723e+00  2.43520136e+00 -3.36267508e-05 
 1.23914000e-02  2.50063062e+00  3.76904654e+00  2.43949431e+00  2.43739887e+00 -3.36105333e-05 
 1.23964000e-02  2.50060593e+00  3.77136013e+00  2.44181158e+00  2.43965865e+00 -3.35938797e-05 
 1.24014000e-02  2.50058065e+00  3.77373188e+00  2.44418671e+00  2.44197844e+00 -3.35768065e-05 
 1.24064000e-02  2.50055479e+00  3.77615941e+00  2.44661732e+00  2.44435592e+00 -3.35593310e-05 
 1.24114000e-02  2.50052838e+00  3.77864031e+00  2.44910100e+00  2.44678873e+00 -3.35414705e-05 
 1.24164000e-02  2.50050145e+00  3.78117208e+00  2.45163525e+00  2.44927442e+00 -3.35232431e-05 
 1.24214000e-02  2.50047403e+00  3.78375221e+00  2.45421755e+00  2.45181052e+00 -3.35046670e-05 
 1.24264000e-02  2.50044614e+00  3.78637813e+00  2.45684533e+00  2.45439449e+00 -3.34857608e-05 
 1.24314000e-02  2.50041780e+00  3.78904720e+00  2.45951596e+00  2.45702376e+00 -3.34665433e-05 
 1.24364000e-02  2.50038906e+00  3.79175678e+00  2.46222678e+00  2.45969571e+00 -3.34470338e-05 
 1.24414000e-02  2.50035993e+00  3.79450416e+00  2.46497509e+00  2.46240767e+00 -3.34272517e-05 
 1.24464000e-02  2.50033045e+00  3.79728661e+00  2.46775815e+00  2.46515694e+00 -3.34072169e-05 
 1.24514000e-02  2.50030064e+00  3.80010135e+00  2.47057319e+00  2.46794078e+00 -3.33869493e-05 
 1.24564000e-02  2.50027053e+00  3.80294559e+00  2.47341742e+00  2.47075642e+00 -3.33664690e-05 
 1.24614000e-02  2.50024016e+00  3.80581650e+00  2.47628800e+00  2.47360106e+00 -3.33457966e-05 
 1.24664000e-02  2.50020955e+00  3.80871123e+00  2.47918208e+00  2.47647188e+00 -3.33249526e-05 
 1.24714000e-02  2.50017873e+00  3.81162689e+00  2.48209679e+00  2.47936601e+00 -3.33039577e-05 
 1.24764000e-02  2.50014774e+00  3.81456061e+00  2.48502923e+00  2.48228059e+00 -3.32828328e-05 
 1.24814000e-02  2.50011660e+00  3.81750945e+00  2.48797649e+00  2.48521272e+00 -3.32615989e-05 
 1.24864000e-02  2.50008535e+00  3.82047051e+00  2.49093566e+00  2.48815950e+00 -3.32402770e-05 
 1.24914000e-02  2.50005401e+00  3.82344085e+00  2.49390380e+00  2.49111799e+00 -3.32188883e-05 
 1.24964000e-02  2.50002262e+00  3.82641753e+00  2.49687797e+00  2.49408528e+00 -3.31974541e-05 
 1.25014000e-02  2.49999120e+00  3.82939760e+00  2.49985522e+00  2.49705841e+00 -3.31759954e-05 
 1.25064000e-02  2.49995980e+00  3.83237811e+00  2.50283263e+00  2.50003446e+00 -3.31545336e-05 
 1.25114000e-02  2.49992843e+00  3.83535612e+00  2.50580723e+00  2.50301048e+00 -3.31330899e-05 
 1.25164000e-02  2.49989714e+00  3.83832869e+00  2.50877610e+00  2.50598352e+00 -3.31116853e-05 
 1.25214000e-02  2.49986594e+00  3.84129288e+00  2.51173630e+00  2.50895066e+00 -3.30903412e-05 
 1.25264000e-02  2.49983488e+00  3.84424578e+00  2.51468491e+00  2.51190896e+00 -3.30690784e-05 
 1.25314000e-02  2.49980399e+00  3.84718447e+00  2.51761904e+00  2.51485550e+00 -3.30479180e-05 
 1.25364000e-02  2.49977328e+00  3.85010605e+00  2.52053579e+00  2.51778738e+00 -3.30268807e-05 
 1.25414000e-02  2.49974280e+00  3.85300766e+00  2.52343228e+00  2.52070172e+00 -3.30059873e-05 
 1.25464000e-02  2.49971257e+00  3.85588644e+00  2.52630568e+00  2.52359565e+00 -3.29852583e-05 
 1.25514000e-02  2.49968263e+00  3.85873956e+00  2.52915315e+00  2.52646632e+00 -3.29647139e-05 
 1.25564000e-02  2.49965300e+00  3.86156421e+00  2.53197191e+00  2.52931091e+00 -3.29443744e-05 
 1.25614000e-02  2.49962371e+00  3.86435764e+00  2.53475919e+00  2.53212663e+00 -3.29242597e-05 
 1.25664000e-02  2.49959479e+00  3.86711710e+00  2.53751224e+00  2.53491072e+00 -3.29043894e-05 
 1.25714000e-02  2.49956628e+00  3.86983988e+00  2.54022839e+00  2.53766044e+00 -3.28847830e-05 
 1.25764000e-02  2.49953819e+00  3.87252333e+00  2.54290497e+00  2.54037311e+00 -3.28654595e-05 
 1.25814000e-02  2.49951056e+00  3.87516481e+00  2.54553936e+00  2.54304606e+00 -3.28464380e-05 
 1.25864000e-02  2.49948341e+00  3.87776175e+00  2.54812898e+00  2.54567669e+00 -3.28277368e-05 
 1.25914000e-02  2.49945677e+00  3.88031161e+00  2.55067132e+00  2.54826243e+00 -3.28093743e-05 
 1.25964000e-02  2.49943066e+00  3.88281190e+00  2.55316388e+00  2.55080074e+00 -3.27913683e-05 
 1.26014000e-02  2.49940512e+00  3.88526019e+00  2.55560424e+00  2.55328916e+00 -3.27737362e-05 
 1.26064000e-02  2.49938017e+00  3.88765408e+00  2.55799001e+00  2.55572525e+00 -3.27564952e-05 
 1.26114000e-02  2.49935582e+00  3.88999125e+00  2.56031889e+00  2.55810664e+00 -3.27396620e-05 
 1.26164000e-02  2.49933212e+00  3.89226943e+00  2.56258859e+00  2.56043102e+00 -3.27232530e-05 
 1.26214000e-02  2.49930907e+00  3.89448639e+00  2.56479692e+00  2.56269612e+00 -3.27072839e-05 
 1.26264000e-02  2.49928670e+00  3.89663999e+00  2.56694173e+00  2.56489974e+00 -3.26917703e-05 
 1.26314000e-02  2.49926504e+00  3.89872814e+00  2.56902094e+00  2.56703974e+00 -3.26767272e-05 
 1.26364000e-02  2.49924410e+00  3.90074880e+00  2.57103253e+00  2.56911404e+00 -3.26621691e-05 
 1.26414000e-02  2.49922391e+00  3.90270003e+00  2.57297455e+00  2.57112064e+00 -3.26481100e-05 
 1.26464000e-02  2.49920448e+00  3.90457992e+00  2.57484511e+00  2.57305758e+00 -3.26345635e-05 
 1.26514000e-02  2.49918584e+00  3.90638667e+00  2.57664242e+00  2.57492299e+00 -3.26215425e-05 
 1.26564000e-02  2.49916801e+00  3.90811851e+00  2.57836472e+00  2.57671506e+00 -3.26090598e-05 
 1.26614000e-02  2.49915099e+00  3.90977379e+00  2.58001036e+00  2.57843206e+00 -3.25971272e-05 
 1.26664000e-02  2.49913481e+00  3.91135089e+00  2.58157775e+00  2.58007233e+00 -3.25857563e-05 
 1.26714000e-02  2.49911949e+00  3.91284830e+00  2.58306536e+00  2.58163429e+00 -3.25749579e-05 
 1.26764000e-02  2.49910503e+00  3.91426457e+00  2.58447177e+00  2.58311643e+00 -3.25647424e-05 
 1.26814000e-02  2.49909146e+00  3.91559833e+00  2.58579561e+00  2.58451730e+00 -3.25551196e-05 
 1.26864000e-02  2.49907879e+00  3.91684829e+00  2.58703562e+00  2.58583558e+00 -3.25460987e-05 
 1.26914000e-02  2.49906702e+00  3.91801326e+00  2.58819059e+00  2.58706997e+00 -3.25376885e-05 
 1.26964000e-02  2.49905618e+00  3.91909211e+00  2.58925942e+00  2.58821930e+00 -3.25298968e-05 
 1.27014000e-02  2.49904626e+00  3.92008380e+00  2.59024107e+00  2.58928246e+00 -3.25227313e-05 
 1.27064000e-02  2.49903729e+00  3.92098738e+00  2.59113460e+00  2.59025842e+00 -3.25161987e-05 
 1.27114000e-02  2.49902927e+00  3.92180197e+00  2.59193915e+00  2.59114624e+00 -3.25103053e-05 
 1.27164000e-02  2.49902220e+00  3.92252679e+00  2.59265395e+00  2.59194506e+00 -3.25050567e-05 
 1.27214000e-02  2.49901610e+00  3.92316115e+00  2.59327830e+00  2.59265413e+00 -3.25004579e-05 
 1.27264000e-02  2.49901097e+00  3.92370443e+00  2.59381161e+00  2.59327276e+00 -3.24965134e-05 
 1.27314000e-02  2.49900682e+00  3.92415612e+00  2.59425336e+00  2.59380035e+00 -3.24932269e-05 
 1.27364000e-02  2.49900365e+00  3.92451577e+00  2.59460314e+00  2.59423639e+00 -3.24906015e-05 
 1.27414000e-02  2.49900146e+00  3.92478304e+00  2.59486059e+00  2.59458047e+00 -3.24886398e-05 
 1.27464000e-02  2.49900026e+00  3.92495768e+00  2.59502549e+00  2.59483226e+00 -3.24873436e-05 
 1.27514000e-02  2.49900004e+00  3.92503952e+00  2.59509766e+00  2.59499150e+00 -3.24867141e-05 
 1.27564000e-02  2.49900081e+00  3.92502848e+00  2.59507704e+00  2.59505806e+00 -3.24867521e-05 
 1.27614000e-02  2.49900256e+00  3.92492456e+00  2.59496365e+00  2.59503187e+00 -3.24874574e-05 
 1.27664000e-02  2.49900530e+00  3.92472787e+00  2.59475759e+00  2.59491294e+00 -3.24888293e-05 
 1.27714000e-02  2.49900903e+00  3.92443859e+00  2.59445907e+00  2.59470140e+00 -3.24908667e-05 
 1.27764000e-02  2.49901373e+00  3.92405701e+00  2.59406836e+00  2.59439745e+00 -3.24935675e-05 
 1.27814000e-02  2.49901940e+00  3.92358349e+00  2.59358586e+00  2.59400138e+00 -3.24969291e-05 
 1.27864000e-02  2.49902604e+00  3.92301849e+00  2.59301201e+00  2.59351357e+00 -3.25009484e-05 
 1.27914000e-02  2.49903364e+00  3.92236254e+00  2.59234737e+00  2.59293448e+00 -3.25056216e-05 
 1.27964000e-02  2.49904220e+00  3.92161627e+00  2.59159258e+00  2.59226468e+00 -3.25109441e-05 
 1.28014000e-02  2.49905170e+00  3.92078041e+00  2.59074836e+00  2.59150481e+00 -3.25169109e-05 
 1.28064000e-02  2.49906214e+00  3.91985576e+00  2.58981553e+00  2.59065560e+00 -3.25235164e-05 
 1.28114000e-02  2.49907350e+00  3.91884321e+00  2.58879498e+00  2.58971786e+00 -3.25307541e-05 
 1.28164000e-02  2.49908577e+00  3.91774372e+00  2.58768770e+00  2.58869250e+00 -3.25386172e-05 
 1.28214000e-02  2.49909895e+00  3.91655837e+00  2.58649475e+00  2.58758050e+00 -3.25470982e-05 
 1.28264000e-02  2.49911302e+00  3.91528828e+00  2.58521727e+00  2.58638294e+00 -3.25561889e-05 
 1.28314000e-02  2.49912796e+00  3.91393469e+00  2.58385651e+00  2.58510096e+00 -3.25658807e-05 
 1.28364000e-02  2.49914377e+00  3.91249890e+00  2.58241378e+00  2.58373581e+00 -3.25761642e-05 
 1.28414000e-02  2.49916042e+00  3.91098230e+00  2.58089045e+00  2.58228880e+00 -3.25870297e-05 
 1.28464000e-02  2.49917790e+00  3.90938634e+00  2.57928801e+00  2.58076132e+00 -3.25984666e-05 
 1.28514000e-02  2.49919618e+00  3.90771257e+00  2.57760800e+00  2.57915485e+00 -3.26104641e-05 
 1.28564000e-02  2.49921527e+00  3.90596261e+00  2.57585205e+00  2.57747095e+00 -3.26230105e-05 
 1.28614000e-02  2.49923512e+00  3.90413814e+00  2.57402185e+00  2.57571123e+00 -3.26360939e-05 
 1.28664000e-02  2.49925574e+00  3.90224094e+00  2.57211917e+00  2.57387740e+00 -3.26497016e-05 
 1.28714000e-02  2.49927708e+00  3.90027283e+00  2.57014586e+00  2.57197123e+00 -3.26638205e-05 
 1.28764000e-02  2.49929914e+00  3.89823574e+00  2.56810383e+00  2.56999458e+00 -3.26784370e-05 
 1.28814000e-02  2.49932189e+00  3.89613162e+00  2.56599505e+00  2.56794934e+00 -3.26935371e-05 
 1.28864000e-02  2.49934531e+00  3.89396252e+00  2.56382157e+00  2.56583752e+00 -3.27091061e-05 
 1.28914000e-02  2.49936938e+00  3.89173055e+00  2.56158551e+00  2.56366115e+00 -3.27251290e-05 
 1.28964000e-02  2.49939407e+00  3.88943788e+00  2.55928903e+00  2.56142234e+00 -3.27415903e-05 
 1.29014000e-02  2.49941935e+00  3.88708672e+00  2.55693437e+00  2.55912329e+00 -3.27584741e-05 
 1.29064000e-02  2.49944521e+00  3.88467939e+00  2.55452381e+00  2.55676621e+00 -3.27757640e-05 
 1.29114000e-02  2.49947162e+00  3.88221820e+00  2.55205971e+00  2.55435340e+00 -3.27934432e-05 
 1.29164000e-02  2.49949855e+00  3.87970557e+00  2.54954447e+00  2.55188721e+00 -3.28114945e-05 
 1.29214000e-02  2.49952597e+00  3.87714394e+00  2.54698053e+00  2.54937005e+00 -3.28299005e-05 
 1.29264000e-02  2.49955386e+00  3.87453582e+00  2.54437041e+00  2.54680437e+00 -3.28486432e-05 
 1.29314000e-02  2.49958220e+00  3.87188375e+00  2.54171664e+00  2.54419267e+00 -3.28677043e-05 
 1.29364000e-02  2.49961094e+00  3.86919032e+00  2.53902183e+00  2.54153751e+00 -3.28870653e-05 
 1.29414000e-02  2.49964007e+00  3.86645817e+00  2.53628861e+00  2.53884148e+00 -3.29067073e-05 
 1.29464000e-02  2.49966955e+00  3.86368997e+00  2.53351966e+00  2.53610721e+00 -3.29266111e-05 
 1.29514000e-02  2.49969936e+00  3.86088844e+00  2.53071768e+00  2.53333739e+00 -3.29467572e-05 
 1.29564000e-02  2.49972947e+00  3.85805631e+00  2.52788543e+00  2.53053473e+00 -3.29671259e-05 
 1.29614000e-02  2.49975984e+00  3.85519638e+00  2.52502568e+00  2.52770197e+00 -3.29876974e-05 
 1.29664000e-02  2.49979045e+00  3.85231144e+00  2.52214125e+00  2.52484190e+00 -3.30084513e-05 
 1.29714000e-02  2.49982127e+00  3.84940434e+00  2.51923496e+00  2.52195732e+00 -3.30293673e-05 
 1.29764000e-02  2.49985226e+00  3.84647793e+00  2.51630968e+00  2.51905107e+00 -3.30504249e-05 
 1.29814000e-02  2.49988340e+00  3.84353509e+00  2.51336828e+00  2.51612601e+00 -3.30716034e-05 
 1.29864000e-02  2.49991465e+00  3.84057873e+00  2.51041367e+00  2.51318501e+00 -3.30928819e-05 
 1.29914000e-02  2.49994599e+00  3.83761174e+00  2.50744875e+00  2.51023098e+00 -3.31142395e-05 
 1.29964000e-02  2.49997738e+00  3.83463707e+00  2.50447644e+00  2.50726683e+00 -3.31356551e-05 
 1.30014000e-02  2.50000880e+00  3.83165765e+00  2.50149969e+00  2.50429547e+00 -3.31571076e-05 
 1.30064000e-02  2.50004020e+00  3.82867641e+00  2.49852143e+00  2.50131984e+00 -3.31785757e-05 
 1.30114000e-02  2.50007157e+00  3.82569632e+00  2.49554461e+00  2.49834288e+00 -3.32000383e-05 
 1.30164000e-02  2.50010286e+00  3.82272030e+00  2.49257216e+00  2.49536754e+00 -3.32214741e-05 
 1.30214000e-02  2.50013406e+00  3.81975132e+00  2.48960704e+00  2.49239675e+00 -3.32428618e-05 
 1.30264000e-02  2.50016512e+00  3.81679230e+00  2.48665218e+00  2.48943346e+00 -3.32641804e-05 
 1.30314000e-02  2.50019601e+00  3.81384619e+00  2.48371050e+00  2.48648060e+00 -3.32854086e-05 
 1.30364000e-02  2.50022672e+00  3.81091590e+00  2.48078492e+00  2.48354109e+00 -3.33065253e-05 
 1.30414000e-02  2.50025720e+00  3.80800434e+00  2.47787835e+00  2.48061786e+00 -3.33275097e-05 
 1.30464000e-02  2.50028743e+00  3.80511440e+00  2.47499367e+00  2.47771380e+00 -3.33483407e-05 
 1.30514000e-02  2.50031737e+00  3.80224895e+00  2.47213375e+00  2.47483179e+00 -3.33689978e-05 
 1.30564000e-02  2.50034700e+00  3.79941084e+00  2.46930143e+00  2.47197471e+00 -3.33894602e-05 
 1.30614000e-02  2.50037629e+00  3.79660289e+00  2.46649952e+00  2.46914538e+00 -3.34097077e-05 
 1.30664000e-02  2.50040521e+00  3.79382790e+00  2.46373081e+00  2.46634662e+00 -3.34297201e-05 
 1.30714000e-02  2.50043372e+00  3.79108862e+00  2.46099806e+00  2.46358121e+00 -3.34494773e-05 
 1.30764000e-02  2.50046181e+00  3.78838779e+00  2.45830400e+00  2.46085192e+00 -3.34689597e-05 
 1.30814000e-02  2.50048944e+00  3.78572809e+00  2.45565129e+00  2.45816145e+00 -3.34881477e-05 
 1.30864000e-02  2.50051659e+00  3.78311219e+00  2.45304260e+00  2.45551249e+00 -3.35070223e-05 
 1.30914000e-02  2.50054323e+00  3.78054268e+00  2.45048052e+00  2.45290768e+00 -3.35255645e-05 
 1.30964000e-02  2.50056934e+00  3.77802213e+00  2.44796760e+00  2.45034961e+00 -3.35437558e-05 
 1.31014000e-02  2.50059488e+00  3.77555305e+00  2.44550637e+00  2.44784084e+00 -3.35615780e-05 
 1.31064000e-02  2.50061983e+00  3.77313792e+00  2.44309926e+00  2.44538388e+00 -3.35790131e-05 
 1.31114000e-02  2.50064418e+00  3.77077914e+00  2.44074869e+00  2.44298117e+00 -3.35960438e-05 
 1.31164000e-02  2.50066788e+00  3.76847908e+00  2.43845701e+00  2.44063511e+00 -3.36126530e-05 
 1.31214000e-02  2.50069093e+00  3.76624002e+00  2.43622651e+00  2.43834806e+00 -3.36288240e-05 
 1.31264000e-02  2.50071330e+00  3.76406421e+00  2.43405941e+00  2.43612230e+00 -3.36445405e-05 
 1.31314000e-02  2.50073496e+00  3.76195383e+00  2.43195789e+00  2.43396004e+00 -3.36597868e-05 
 1.31364000e-02  2.50075590e+00  3.75991099e+00  2.42992405e+00  2.43186347e+00 -3.36745476e-05 
 1.31414000e-02  2.50077609e+00  3.75793773e+00  2.42795993e+00  2.42983466e+00 -3.36888080e-05 
 1.31464000e-02  2.50079552e+00  3.75603603e+00  2.42606748e+00  2.42787566e+00 -3.37025537e-05 
 1.31514000e-02  2.50081416e+00  3.75420779e+00  2.42424862e+00  2.42598843e+00 -3.37157709e-05 
 1.31564000e-02  2.50083199e+00  3.75245484e+00  2.42250515e+00  2.42417486e+00 -3.37284463e-05 
 1.31614000e-02  2.50084901e+00  3.75077895e+00  2.42083882e+00  2.42243675e+00 -3.37405671e-05 
 1.31664000e-02  2.50086519e+00  3.74918179e+00  2.41925132e+00  2.42077586e+00 -3.37521211e-05 
 1.31714000e-02  2.50088051e+00  3.74766495e+00  2.41774422e+00  2.41919385e+00 -3.37630968e-05 
 1.31764000e-02  2.50089497e+00  3.74622997e+00  2.41631903e+00  2.41769230e+00 -3.37734830e-05 
 1.31814000e-02  2.50090854e+00  3.74487828e+00  2.41497720e+00  2.41627273e+00 -3.37832693e-05 
 1.31864000e-02  2.50092121e+00  3.74361124e+00  2.41372006e+00  2.41493655e+00 -3.37924458e-05 
 1.31914000e-02  2.50093298e+00  3.74243011e+00  2.41254887e+00  2.41368510e+00 -3.38010032e-05 
 1.31964000e-02  2.50094382e+00  3.74133609e+00  2.41146481e+00  2.41251964e+00 -3.38089331e-05 
 1.32014000e-02  2.50095374e+00  3.74033026e+00  2.41046896e+00  2.41144134e+00 -3.38162273e-05 
 1.32064000e-02  2.50096271e+00  3.73941365e+00  2.40956234e+00  2.41045128e+00 -3.38228785e-05 
 1.32114000e-02  2.50097073e+00  3.73858716e+00  2.40874584e+00  2.40955045e+00 -3.38288800e-05 
 1.32164000e-02  2.50097780e+00  3.73785163e+00  2.40802028e+00  2.40873976e+00 -3.38342257e-05 
 1.32214000e-02  2.50098390e+00  3.73720780e+00  2.40738640e+00  2.40802002e+00 -3.38389104e-05 
 1.32264000e-02  2.50098903e+00  3.73665631e+00  2.40684483e+00  2.40739196e+00 -3.38429291e-05 
 1.32314000e-02  2.50099318e+00  3.73619772e+00  2.40639611e+00  2.40685620e+00 -3.38462780e-05 
 1.32364000e-02  2.50099635e+00  3.73583249e+00  2.40604069e+00  2.40641328e+00 -3.38489535e-05 
 1.32414000e-02  2.50099854e+00  3.73556097e+00  2.40577894e+00  2.40606365e+00 -3.38509531e-05 
 1.32464000e-02  2.50099974e+00  3.73538345e+00  2.40561111e+00  2.40580766e+00 -3.38522747e-05 
 1.32514000e-02  2.50099996e+00  3.73530011e+00  2.40553737e+00  2.40564556e+00 -3.38529169e-05 
 1.32564000e-02  2.50099919e+00  3.73531102e+00  2.40555779e+00  2.40557752e+00 -3.38528792e-05 
 1.32614000e-02  2.50099744e+00  3.73541618e+00  2.40567236e+00  2.40560360e+00 -3.38521616e-05 
 1.32664000e-02  2.50099470e+00  3.73561547e+00  2.40588096e+00  2.40572378e+00 -3.38507647e-05 
 1.32714000e-02  2.50099097e+00  3.73590870e+00  2.40618337e+00  2.40593793e+00 -3.38486901e-05 
 1.32764000e-02  2.50098627e+00  3.73629558e+00  2.40657930e+00  2.40624585e+00 -3.38459397e-05 
 1.32814000e-02  2.50098060e+00  3.73677571e+00  2.40706835e+00  2.40664722e+00 -3.38425165e-05 
 1.32864000e-02  2.50097396e+00  3.73734862e+00  2.40765002e+00  2.40714164e+00 -3.38384238e-05 
 1.32914000e-02  2.50096636e+00  3.73801372e+00  2.40832374e+00  2.40772861e+00 -3.38336659e-05 
 1.32964000e-02  2.50095780e+00  3.73877034e+00  2.40908882e+00  2.40840755e+00 -3.38282474e-05 
 1.33014000e-02  2.50094830e+00  3.73961774e+00  2.40994449e+00  2.40917776e+00 -3.38221738e-05 
 1.33064000e-02  2.50093786e+00  3.74055505e+00  2.41088990e+00  2.41003848e+00 -3.38154514e-05 
 1.33114000e-02  2.50092650e+00  3.74158134e+00  2.41192410e+00  2.41098884e+00 -3.38080869e-05 
 1.33164000e-02  2.50091423e+00  3.74269558e+00  2.41304605e+00  2.41202789e+00 -3.38000877e-05 
 1.33214000e-02  2.50090105e+00  3.74389664e+00  2.41425461e+00  2.41315459e+00 -3.37914618e-05 
 1.33264000e-02  2.50088698e+00  3.74518332e+00  2.41554859e+00  2.41436779e+00 -3.37822181e-05 
 1.33314000e-02  2.50087204e+00  3.74655433e+00  2.41692668e+00  2.41566630e+00 -3.37723657e-05 
 1.33364000e-02  2.50085623e+00  3.74800830e+00  2.41838750e+00  2.41704879e+00 -3.37619148e-05 
 1.33414000e-02  2.50083958e+00  3.74954376e+00  2.41992958e+00  2.41851390e+00 -3.37508756e-05 
 1.33464000e-02  2.50082210e+00  3.75115917e+00  2.42155138e+00  2.42006013e+00 -3.37392595e-05 
 1.33514000e-02  2.50080382e+00  3.75285293e+00  2.42325127e+00  2.42168596e+00 -3.37270781e-05 
 1.33564000e-02  2.50078473e+00  3.75462332e+00  2.42502754e+00  2.42338974e+00 -3.37143436e-05 
 1.33614000e-02  2.50076488e+00  3.75646858e+00  2.42687842e+00  2.42516977e+00 -3.37010690e-05 
 1.33664000e-02  2.50074426e+00  3.75838685e+00  2.42880205e+00  2.42702426e+00 -3.36872674e-05 
 1.33714000e-02  2.50072292e+00  3.76037621e+00  2.43079651e+00  2.42895136e+00 -3.36729529e-05 
 1.33764000e-02  2.50070086e+00  3.76243467e+00  2.43285979e+00  2.43094913e+00 -3.36581398e-05 
 1.33814000e-02  2.50067811e+00  3.76456018e+00  2.43498984e+00  2.43301558e+00 -3.36428431e-05 
 1.33864000e-02  2.50065469e+00  3.76675060e+00  2.43718452e+00  2.43514863e+00 -3.36270779e-05 
 1.33914000e-02  2.50063062e+00  3.76900374e+00  2.43944163e+00  2.43734616e+00 -3.36108603e-05 
 1.33964000e-02  2.50060593e+00  3.77131735e+00  2.44175892e+00  2.43960596e+00 -3.35942065e-05 
 1.34014000e-02  2.50058065e+00  3.77368912e+00  2.44413407e+00  2.44192578e+00 -3.35771332e-05 
 1.34064000e-02  2.50055479e+00  3.77611667e+00  2.44656471e+00  2.44430329e+00 -3.35596575e-05 
 1.34114000e-02  2.50052838e+00  3.77859758e+00  2.44904841e+00  2.44673612e+00 -3.35417969e-05 
 1.34164000e-02  2.50050145e+00  3.78112938e+00  2.45158269e+00  2.44922184e+00 -3.35235693e-05 
 1.34214000e-02  2.50047403e+00  3.78370953e+00  2.45416502e+00  2.45175796e+00 -3.35049930e-05 
 1.34264000e-02  2.50044614e+00  3.78633547e+00  2.45679282e+00  2.45434196e+00 -3.34860866e-05 
 1.34314000e-02  2.50041780e+00  3.78900456e+00  2.45946348e+00  2.45697126e+00 -3.34668689e-05 
 1.34364000e-02  2.50038906e+00  3.79171416e+00  2.46217432e+00  2.45964323e+00 -3.34473592e-05 
 1.34414000e-02  2.50035993e+00  3.79446157e+00  2.46492266e+00  2.46235522e+00 -3.34275770e-05 
 1.34464000e-02  2.50033045e+00  3.79724403e+00  2.46770575e+00  2.46510451e+00 -3.34075420e-05 
 1.34514000e-02  2.50030064e+00  3.80005880e+00  2.47052082e+00  2.46788838e+00 -3.33872742e-05 
 1.34564000e-02  2.50027053e+00  3.80290306e+00  2.47336507e+00  2.47070405e+00 -3.33667938e-05 
 1.34614000e-02  2.50024016e+00  3.80577399e+00  2.47623568e+00  2.47354872e+00 -3.33461212e-05 
 1.34664000e-02  2.50020955e+00  3.80866874e+00  2.47912978e+00  2.47641956e+00 -3.33252770e-05 
 1.34714000e-02  2.50017873e+00  3.81158443e+00  2.48204452e+00  2.47931372e+00 -3.33042819e-05 
 1.34764000e-02  2.50014774e+00  3.81451816e+00  2.48497699e+00  2.48222833e+00 -3.32831568e-05 
 1.34814000e-02  2.50011660e+00  3.81746703e+00  2.48792428e+00  2.48516048e+00 -3.32619227e-05 
 1.34864000e-02  2.50008535e+00  3.82042811e+00  2.49088347e+00  2.48810728e+00 -3.32406007e-05 
 1.34914000e-02  2.50005401e+00  3.82339848e+00  2.49385164e+00  2.49106581e+00 -3.32192118e-05 
 1.34964000e-02  2.50002262e+00  3.82637517e+00  2.49682584e+00  2.49403312e+00 -3.31977773e-05 
 1.35014000e-02  2.49999120e+00  3.82935526e+00  2.49980312e+00  2.49700629e+00 -3.31763185e-05 
 1.35064000e-02  2.49995980e+00  3.83233580e+00  2.50278055e+00  2.49998236e+00 -3.31548565e-05 
 1.35114000e-02  2.49992843e+00  3.83531383e+00  2.50575518e+00  2.50295841e+00 -3.31334125e-05 
 1.35164000e-02  2.49989714e+00  3.83828642e+00  2.50872408e+00  2.50593148e+00 -3.31120078e-05 
 1.35214000e-02  2.49986594e+00  3.84125064e+00  2.51168431e+00  2.50889864e+00 -3.30906635e-05 
 1.35264000e-02  2.49983488e+00  3.84420356e+00  2.51463295e+00  2.51185697e+00 -3.30694005e-05 
 1.35314000e-02  2.49980399e+00  3.84714227e+00  2.51756710e+00  2.51480354e+00 -3.30482399e-05 
 1.35364000e-02  2.49977328e+00  3.85006388e+00  2.52048388e+00  2.51773545e+00 -3.30272025e-05 
 1.35414000e-02  2.49974280e+00  3.85296551e+00  2.52338040e+00  2.52064982e+00 -3.30063089e-05 
 1.35464000e-02  2.49971257e+00  3.85584431e+00  2.52625382e+00  2.52354377e+00 -3.29855796e-05 
 1.35514000e-02  2.49968263e+00  3.85869745e+00  2.52910133e+00  2.52641447e+00 -3.29650351e-05 
 1.35564000e-02  2.49965300e+00  3.86152213e+00  2.53192011e+00  2.52925909e+00 -3.29446954e-05 
 1.35614000e-02  2.49962371e+00  3.86431558e+00  2.53470741e+00  2.53207483e+00 -3.29245805e-05 
 1.35664000e-02  2.49959479e+00  3.86707506e+00  2.53746050e+00  2.53485895e+00 -3.29047100e-05 
 1.35714000e-02  2.49956628e+00  3.86979786e+00  2.54017668e+00  2.53760870e+00 -3.28851034e-05 
 1.35764000e-02  2.49953819e+00  3.87248133e+00  2.54285328e+00  2.54032139e+00 -3.28657798e-05 
 1.35814000e-02  2.49951056e+00  3.87512284e+00  2.54548770e+00  2.54299438e+00 -3.28467581e-05 
 1.35864000e-02  2.49948341e+00  3.87771980e+00  2.54807735e+00  2.54562503e+00 -3.28280567e-05 
 1.35914000e-02  2.49945677e+00  3.88026968e+00  2.55061971e+00  2.54821079e+00 -3.28096940e-05 
 1.35964000e-02  2.49943066e+00  3.88276999e+00  2.55311230e+00  2.55074913e+00 -3.27916878e-05 
 1.36014000e-02  2.49940512e+00  3.88521830e+00  2.55555268e+00  2.55323758e+00 -3.27740555e-05 
 1.36064000e-02  2.49938017e+00  3.88761222e+00  2.55793849e+00  2.55567369e+00 -3.27568143e-05 
 1.36114000e-02  2.49935582e+00  3.88994941e+00  2.56026739e+00  2.55805511e+00 -3.27399810e-05 
 1.36164000e-02  2.49933212e+00  3.89222760e+00  2.56253712e+00  2.56037952e+00 -3.27235718e-05 
 1.36214000e-02  2.49930907e+00  3.89444459e+00  2.56474547e+00  2.56264464e+00 -3.27076026e-05 
 1.36264000e-02  2.49928670e+00  3.89659821e+00  2.56689031e+00  2.56484829e+00 -3.26920888e-05 
 1.36314000e-02  2.49926504e+00  3.89868637e+00  2.56896954e+00  2.56698831e+00 -3.26770455e-05 
 1.36364000e-02  2.49924410e+00  3.90070706e+00  2.57098115e+00  2.56906264e+00 -3.26624872e-05 
 1.36414000e-02  2.49922391e+00  3.90265830e+00  2.57292320e+00  2.57106926e+00 -3.26484280e-05 
 1.36464000e-02  2.49920448e+00  3.90453822e+00  2.57479379e+00  2.57300623e+00 -3.26348813e-05 
 1.36514000e-02  2.49918584e+00  3.90634498e+00  2.57659112e+00  2.57487166e+00 -3.26218602e-05 
 1.36564000e-02  2.49916801e+00  3.90807685e+00  2.57831345e+00  2.57666376e+00 -3.26093773e-05 
 1.36614000e-02  2.49915099e+00  3.90973214e+00  2.57995911e+00  2.57838079e+00 -3.25974446e-05 
 1.36664000e-02  2.49913481e+00  3.91130926e+00  2.58152652e+00  2.58002108e+00 -3.25860735e-05 
 1.36714000e-02  2.49911949e+00  3.91280669e+00  2.58301415e+00  2.58158306e+00 -3.25752749e-05 
 1.36764000e-02  2.49910503e+00  3.91422297e+00  2.58442058e+00  2.58306522e+00 -3.25650593e-05 
 1.36814000e-02  2.49909146e+00  3.91555675e+00  2.58574445e+00  2.58446612e+00 -3.25554363e-05 
 1.36864000e-02  2.49907879e+00  3.91680674e+00  2.58698448e+00  2.58578442e+00 -3.25464154e-05 
 1.36914000e-02  2.49906702e+00  3.91797172e+00  2.58813948e+00  2.58701884e+00 -3.25380050e-05 
 1.36964000e-02  2.49905618e+00  3.91905059e+00  2.58920833e+00  2.58816819e+00 -3.25302132e-05 
 1.37014000e-02  2.49904626e+00  3.92004229e+00  2.59019000e+00  2.58923136e+00 -3.25230475e-05 
 1.37064000e-02  2.49903729e+00  3.92094588e+00  2.59108355e+00  2.59020734e+00 -3.25165148e-05 
 1.37114000e-02  2.49902927e+00  3.92176049e+00  2.59188812e+00  2.59109518e+00 -3.25106212e-05 
 1.37164000e-02  2.49902220e+00  3.92248533e+00  2.59260293e+00  2.59189403e+00 -3.25053725e-05 
 1.37214000e-02  2.49901610e+00  3.92311970e+00  2.59322730e+00  2.59260312e+00 -3.25007736e-05 
 1.37264000e-02  2.49901097e+00  3.92366299e+00  2.59376063e+00  2.59322176e+00 -3.24968290e-05 
 1.37314000e-02  2.49900682e+00  3.92411469e+00  2.59420241e+00  2.59374937e+00 -3.24935424e-05 
 1.37364000e-02  2.49900365e+00  3.92447436e+00  2.59455220e+00  2.59418543e+00 -3.24909169e-05 
 1.37414000e-02  2.49900146e+00  3.92474165e+00  2.59480967e+00  2.59452953e+00 -3.24889550e-05 
 1.37464000e-02  2.49900026e+00  3.92491630e+00  2.59497459e+00  2.59478134e+00 -3.24876587e-05 
 1.37514000e-02  2.49900004e+00  3.92499815e+00  2.59504678e+00  2.59494060e+00 -3.24870292e-05 
 1.37564000e-02  2.49900081e+00  3.92498712e+00  2.59502617e+00  2.59500718e+00 -3.24870671e-05 
 1.37614000e-02  2.49900256e+00  3.92488321e+00  2.59491280e+00  2.59498100e+00 -3.24877723e-05 
 1.37664000e-02  2.49900530e+00  3.92468653e+00  2.59470676e+00  2.59486209e+00 -3.24891442e-05 
 1.37714000e-02  2.49900903e+00  3.92439727e+00  2.59440825e+00  2.59465057e+00 -3.24911814e-05 
 1.37764000e-02  2.49901373e+00  3.92401570e+00  2.59401756e+00  2.59434664e+00 -3.24938821e-05 
 1.37814000e-02  2.49901940e+00  3.92354219e+00  2.59353507e+00  2.59395058e+00 -3.24972437e-05 
 1.37864000e-02  2.49902604e+00  3.92297719e+00  2.59296123e+00  2.59346278e+00 -3.25012629e-05 
 1.37914000e-02  2.49903364e+00  3.92232125e+00  2.59229661e+00  2.59288371e+00 -3.25059360e-05 
 1.37964000e-02  2.49904220e+00  3.92157500e+00  2.59154183e+00  2.59221393e+00 -3.25112585e-05 
 1.38014000e-02  2.49905170e+00  3.92073915e+00  2.59069763e+00  2.59145407e+00 -3.25172252e-05 
 1.38064000e-02  2.49906214e+00  3.91981450e+00  2.58976481e+00  2.59060487e+00 -3.25238306e-05 
 1.38114000e-02  2.49907350e+00  3.91880195e+00  2.58874428e+00  2.58966714e+00 -3.25310683e-05 
 1.38164000e-02  2.49908577e+00  3.91770248e+00  2.58763701e+00  2.58864179e+00 -3.25389313e-05 
 1.38214000e-02  2.49909895e+00  3.91651713e+00  2.58644407e+00  2.58752981e+00 -3.25474123e-05 
 1.38264000e-02  2.49911302e+00  3.91524705e+00  2.58516661e+00  2.58633226e+00 -3.25565029e-05 
 1.38314000e-02  2.49912796e+00  3.91389347e+00  2.58380586e+00  2.58505030e+00 -3.25661947e-05 
 1.38364000e-02  2.49914377e+00  3.91245769e+00  2.58236313e+00  2.58368516e+00 -3.25764782e-05 
 1.38414000e-02  2.49916042e+00  3.91094109e+00  2.58083982e+00  2.58223815e+00 -3.25873436e-05 
 1.38464000e-02  2.49917790e+00  3.90934513e+00  2.57923739e+00  2.58071069e+00 -3.25987805e-05 
 1.38514000e-02  2.49919618e+00  3.90767137e+00  2.57755739e+00  2.57910423e+00 -3.26107779e-05 
 1.38564000e-02  2.49921527e+00  3.90592141e+00  2.57580145e+00  2.57742033e+00 -3.26233243e-05 
 1.38614000e-02  2.49923512e+00  3.90409695e+00  2.57397126e+00  2.57566063e+00 -3.26364076e-05 
 1.38664000e-02  2.49925574e+00  3.90219975e+00  2.57206859e+00  2.57382681e+00 -3.26500153e-05 
 1.38714000e-02  2.49927708e+00  3.90023165e+00  2.57009529e+00  2.57192065e+00 -3.26641342e-05 
 1.38764000e-02  2.49929914e+00  3.89819456e+00  2.56805326e+00  2.56994400e+00 -3.26787507e-05 
 1.38814000e-02  2.49932189e+00  3.89609044e+00  2.56594450e+00  2.56789878e+00 -3.26938508e-05 
 1.38864000e-02  2.49934531e+00  3.89392135e+00  2.56377103e+00  2.56578696e+00 -3.27094198e-05 
 1.38914000e-02  2.49936938e+00  3.89168938e+00  2.56153497e+00  2.56361060e+00 -3.27254426e-05 
 1.38964000e-02  2.49939407e+00  3.88939671e+00  2.55923850e+00  2.56137181e+00 -3.27419039e-05 
 1.39014000e-02  2.49941935e+00  3.88704556e+00  2.55688385e+00  2.55907276e+00 -3.27587877e-05 
 1.39064000e-02  2.49944521e+00  3.88463823e+00  2.55447330e+00  2.55671568e+00 -3.27760775e-05 
 1.39114000e-02  2.49947162e+00  3.88217705e+00  2.55200921e+00  2.55430288e+00 -3.27937567e-05 
 1.39164000e-02  2.49949855e+00  3.87966442e+00  2.54949397e+00  2.55183671e+00 -3.28118081e-05 
 1.39214000e-02  2.49952597e+00  3.87710280e+00  2.54693004e+00  2.54931955e+00 -3.28302140e-05 
 1.39264000e-02  2.49955386e+00  3.87449468e+00  2.54431993e+00  2.54675388e+00 -3.28489567e-05 
 1.39314000e-02  2.49958220e+00  3.87184261e+00  2.54166617e+00  2.54414219e+00 -3.28680178e-05 
 1.39364000e-02  2.49961094e+00  3.86914918e+00  2.53897136e+00  2.54148703e+00 -3.28873788e-05 
 1.39414000e-02  2.49964007e+00  3.86641703e+00  2.53623815e+00  2.53879101e+00 -3.29070208e-05 
 1.39464000e-02  2.49966955e+00  3.86364883e+00  2.53346920e+00  2.53605675e+00 -3.29269246e-05 
 1.39514000e-02  2.49969936e+00  3.86084730e+00  2.53066723e+00  2.53328694e+00 -3.29470707e-05 
 1.39564000e-02  2.49972947e+00  3.85801518e+00  2.52783499e+00  2.53048428e+00 -3.29674395e-05 
 1.39614000e-02  2.49975984e+00  3.85515525e+00  2.52497525e+00  2.52765153e+00 -3.29880109e-05 
 1.39664000e-02  2.49979045e+00  3.85227031e+00  2.52209082e+00  2.52479146e+00 -3.30087648e-05 
 1.39714000e-02  2.49982127e+00  3.84936321e+00  2.51918454e+00  2.52190689e+00 -3.30296808e-05 
 1.39764000e-02  2.49985226e+00  3.84643680e+00  2.51625927e+00  2.51900065e+00 -3.30507384e-05 
 1.39814000e-02  2.49988340e+00  3.84349397e+00  2.51331788e+00  2.51607560e+00 -3.30719169e-05 
 1.39864000e-02  2.49991465e+00  3.84053760e+00  2.51036327e+00  2.51313461e+00 -3.30931954e-05 
 1.39914000e-02  2.49994599e+00  3.83757062e+00  2.50739836e+00  2.51018058e+00 -3.31145530e-05 
 1.39964000e-02  2.49997738e+00  3.83459595e+00  2.50442606e+00  2.50721643e+00 -3.31359686e-05 
 1.40014000e-02  2.50000880e+00  3.83161653e+00  2.50144932e+00  2.50424508e+00 -3.31574210e-05 
 1.40064000e-02  2.50004020e+00  3.82863530e+00  2.49847106e+00  2.50126946e+00 -3.31788892e-05 
 1.40114000e-02  2.50007157e+00  3.82565520e+00  2.49549425e+00  2.49829251e+00 -3.32003517e-05 
 1.40164000e-02  2.50010286e+00  3.82267919e+00  2.49252181e+00  2.49531718e+00 -3.32217875e-05 
 1.40214000e-02  2.50013406e+00  3.81971021e+00  2.48955669e+00  2.49234639e+00 -3.32431753e-05 
 1.40264000e-02  2.50016512e+00  3.81675120e+00  2.48660184e+00  2.48938311e+00 -3.32644938e-05 
 1.40314000e-02  2.50019601e+00  3.81380509e+00  2.48366016e+00  2.48643026e+00 -3.32857220e-05 
 1.40364000e-02  2.50022672e+00  3.81087480e+00  2.48073460e+00  2.48349076e+00 -3.33068388e-05 
 1.40414000e-02  2.50025720e+00  3.80796324e+00  2.47782803e+00  2.48056753e+00 -3.33278231e-05 
 1.40464000e-02  2.50028743e+00  3.80507330e+00  2.47494336e+00  2.47766348e+00 -3.33486541e-05 
 1.40514000e-02  2.50031737e+00  3.80220786e+00  2.47208345e+00  2.47478148e+00 -3.33693111e-05 
 1.40564000e-02  2.50034700e+00  3.79936975e+00  2.46925113e+00  2.47192440e+00 -3.33897736e-05 
 1.40614000e-02  2.50037629e+00  3.79656181e+00  2.46644923e+00  2.46909508e+00 -3.34100211e-05 
 1.40664000e-02  2.50040521e+00  3.79378682e+00  2.46368053e+00  2.46629633e+00 -3.34300334e-05 
 1.40714000e-02  2.50043372e+00  3.79104754e+00  2.46094779e+00  2.46353094e+00 -3.34497906e-05 
 1.40764000e-02  2.50046181e+00  3.78834672e+00  2.45825374e+00  2.46080165e+00 -3.34692730e-05 
 1.40814000e-02  2.50048944e+00  3.78568702e+00  2.45560104e+00  2.45811119e+00 -3.34884610e-05 
 1.40864000e-02  2.50051659e+00  3.78307112e+00  2.45299236e+00  2.45546224e+00 -3.35073356e-05 
 1.40914000e-02  2.50054323e+00  3.78050162e+00  2.45043029e+00  2.45285744e+00 -3.35258778e-05 
 1.40964000e-02  2.50056934e+00  3.77798107e+00  2.44791738e+00  2.45029938e+00 -3.35440690e-05 
 1.41014000e-02  2.50059488e+00  3.77551200e+00  2.44545615e+00  2.44779062e+00 -3.35618911e-05 
 1.41064000e-02  2.50061983e+00  3.77309687e+00  2.44304906e+00  2.44533366e+00 -3.35793263e-05 
 1.41114000e-02  2.50064418e+00  3.77073810e+00  2.44069850e+00  2.44293096e+00 -3.35963570e-05 
 1.41164000e-02  2.50066788e+00  3.76843804e+00  2.43840683e+00  2.44058492e+00 -3.36129661e-05 
 1.41214000e-02  2.50069093e+00  3.76619899e+00  2.43617633e+00  2.43829788e+00 -3.36291370e-05 
 1.41264000e-02  2.50071330e+00  3.76402319e+00  2.43400925e+00  2.43607212e+00 -3.36448535e-05 
 1.41314000e-02  2.50073496e+00  3.76191281e+00  2.43190774e+00  2.43390988e+00 -3.36600998e-05 
 1.41364000e-02  2.50075590e+00  3.75986998e+00  2.42987391e+00  2.43181332e+00 -3.36748605e-05 
 1.41414000e-02  2.50077609e+00  3.75789672e+00  2.42790980e+00  2.42978452e+00 -3.36891209e-05 
 1.41464000e-02  2.50079552e+00  3.75599503e+00  2.42601737e+00  2.42782554e+00 -3.37028665e-05 
 1.41514000e-02  2.50081416e+00  3.75416679e+00  2.42419851e+00  2.42593832e+00 -3.37160837e-05 
 1.41564000e-02  2.50083199e+00  3.75241386e+00  2.42245505e+00  2.42412475e+00 -3.37287590e-05 
 1.41614000e-02  2.50084901e+00  3.75073797e+00  2.42078874e+00  2.42238666e+00 -3.37408798e-05 
 1.41664000e-02  2.50086519e+00  3.74914081e+00  2.41920125e+00  2.42072578e+00 -3.37524338e-05 
 1.41714000e-02  2.50088051e+00  3.74762399e+00  2.41769416e+00  2.41914378e+00 -3.37634094e-05 
 1.41764000e-02  2.50089497e+00  3.74618902e+00  2.41626899e+00  2.41764225e+00 -3.37737955e-05 
 1.41814000e-02  2.50090854e+00  3.74483733e+00  2.41492717e+00  2.41622269e+00 -3.37835817e-05 
 1.41864000e-02  2.50092121e+00  3.74357030e+00  2.41367004e+00  2.41488652e+00 -3.37927582e-05 
 1.41914000e-02  2.50093298e+00  3.74238918e+00  2.41249886e+00  2.41363508e+00 -3.38013156e-05 
 1.41964000e-02  2.50094382e+00  3.74129517e+00  2.41141482e+00  2.41246964e+00 -3.38092453e-05 
 1.42014000e-02  2.50095374e+00  3.74028935e+00  2.41041899e+00  2.41139135e+00 -3.38165395e-05 
 1.42064000e-02  2.50096271e+00  3.73937274e+00  2.40951238e+00  2.41040130e+00 -3.38231906e-05 
 1.42114000e-02  2.50097073e+00  3.73854627e+00  2.40869589e+00  2.40950049e+00 -3.38291920e-05 
 1.42164000e-02  2.50097780e+00  3.73781075e+00  2.40797035e+00  2.40868982e+00 -3.38345377e-05 
 1.42214000e-02  2.50098390e+00  3.73716693e+00  2.40733648e+00  2.40797010e+00 -3.38392223e-05 
 1.42264000e-02  2.50098903e+00  3.73661545e+00  2.40679493e+00  2.40734205e+00 -3.38432409e-05 
 1.42314000e-02  2.50099318e+00  3.73615687e+00  2.40634622e+00  2.40680630e+00 -3.38465897e-05 
 1.42364000e-02  2.50099635e+00  3.73579164e+00  2.40599083e+00  2.40636340e+00 -3.38492652e-05 
 1.42414000e-02  2.50099854e+00  3.73552014e+00  2.40572909e+00  2.40601379e+00 -3.38512647e-05 
 1.42464000e-02  2.50099974e+00  3.73534263e+00  2.40556127e+00  2.40575781e+00 -3.38525862e-05 
 1.42514000e-02  2.50099996e+00  3.73525930e+00  2.40548755e+00  2.40559573e+00 -3.38532283e-05 
 1.42564000e-02  2.50099919e+00  3.73527022e+00  2.40550799e+00  2.40552770e+00 -3.38531905e-05 
 1.42614000e-02  2.50099744e+00  3.73537539e+00  2.40562257e+00  2.40555380e+00 -3.38524727e-05 
 1.42664000e-02  2.50099470e+00  3.73557470e+00  2.40583119e+00  2.40567399e+00 -3.38510758e-05 
 1.42714000e-02  2.50099097e+00  3.73586795e+00  2.40613362e+00  2.40588817e+00 -3.38490010e-05 
 1.42764000e-02  2.50098627e+00  3.73625484e+00  2.40652957e+00  2.40619611e+00 -3.38462506e-05 
 1.42814000e-02  2.50098060e+00  3.73673498e+00  2.40701864e+00  2.40659749e+00 -3.38428273e-05 
 1.42864000e-02  2.50097396e+00  3.73730790e+00  2.40760033e+00  2.40709193e+00 -3.38387345e-05 
 1.42914000e-02  2.50096636e+00  3.73797301e+00  2.40827406e+00  2.40767892e+00 -3.38339764e-05 
 1.42964000e-02  2.50095780e+00  3.73872965e+00  2.40903916e+00  2.40835787e+00 -3.38285578e-05 
 1.43014000e-02  2.50094830e+00  3.73957706e+00  2.40989485e+00  2.40912810e+00 -3.38224842e-05 
 1.43064000e-02  2.50093786e+00  3.74051439e+00  2.41084028e+00  2.40998884e+00 -3.38157616e-05 
 1.43114000e-02  2.50092650e+00  3.74154069e+00  2.41187450e+00  2.41093922e+00 -3.38083970e-05 
 1.43164000e-02  2.50091423e+00  3.74265494e+00  2.41299647e+00  2.41197829e+00 -3.38003976e-05 
 1.43214000e-02  2.50090105e+00  3.74385602e+00  2.41420506e+00  2.41310501e+00 -3.37917717e-05 
 1.43264000e-02  2.50088698e+00  3.74514272e+00  2.41549905e+00  2.41431824e+00 -3.37825278e-05 
 1.43314000e-02  2.50087204e+00  3.74651374e+00  2.41687716e+00  2.41561676e+00 -3.37726753e-05 
 1.43364000e-02  2.50085623e+00  3.74796773e+00  2.41833800e+00  2.41699928e+00 -3.37622242e-05 
 1.43414000e-02  2.50083958e+00  3.74950320e+00  2.41988010e+00  2.41846440e+00 -3.37511850e-05 
 1.43464000e-02  2.50082210e+00  3.75111864e+00  2.42150192e+00  2.42001066e+00 -3.37395687e-05 
 1.43514000e-02  2.50080382e+00  3.75281241e+00  2.42320183e+00  2.42163651e+00 -3.37273872e-05 
 1.43564000e-02  2.50078473e+00  3.75458282e+00  2.42497813e+00  2.42334031e+00 -3.37146526e-05 
 1.43614000e-02  2.50076488e+00  3.75642809e+00  2.42682903e+00  2.42512036e+00 -3.37013777e-05 
 1.43664000e-02  2.50074426e+00  3.75834638e+00  2.42875268e+00  2.42697487e+00 -3.36875761e-05 
 1.43714000e-02  2.50072292e+00  3.76033576e+00  2.43074716e+00  2.42890199e+00 -3.36732614e-05 
 1.43764000e-02  2.50070086e+00  3.76239424e+00  2.43281047e+00  2.43089979e+00 -3.36584482e-05 
 1.43814000e-02  2.50067811e+00  3.76451976e+00  2.43494054e+00  2.43296626e+00 -3.36431512e-05 
 1.43864000e-02  2.50065469e+00  3.76671020e+00  2.43713524e+00  2.43509934e+00 -3.36273860e-05 
 1.43914000e-02  2.50063062e+00  3.76896336e+00  2.43939238e+00  2.43729689e+00 -3.36111682e-05 
 1.43964000e-02  2.50060593e+00  3.77127699e+00  2.44170969e+00  2.43955671e+00 -3.35945142e-05 
 1.44014000e-02  2.50058065e+00  3.77364878e+00  2.44408487e+00  2.44187655e+00 -3.35774408e-05 
 1.44064000e-02  2.50055479e+00  3.77607635e+00  2.44651553e+00  2.44425408e+00 -3.35599649e-05 
 1.44114000e-02  2.50052838e+00  3.77855728e+00  2.44899925e+00  2.44668694e+00 -3.35421041e-05 
 1.44164000e-02  2.50050145e+00  3.78108909e+00  2.45153356e+00  2.44917268e+00 -3.35238764e-05 
 1.44214000e-02  2.50047403e+00  3.78366927e+00  2.45411591e+00  2.45170883e+00 -3.35053000e-05 
 1.44264000e-02  2.50044614e+00  3.78629522e+00  2.45674374e+00  2.45429285e+00 -3.34863934e-05 
 1.44314000e-02  2.50041780e+00  3.78896434e+00  2.45941442e+00  2.45692217e+00 -3.34671755e-05 
 1.44364000e-02  2.50038906e+00  3.79167396e+00  2.46212529e+00  2.45959417e+00 -3.34476657e-05 
 1.44414000e-02  2.50035993e+00  3.79442138e+00  2.46487365e+00  2.46230618e+00 -3.34278833e-05 
 1.44464000e-02  2.50033045e+00  3.79720387e+00  2.46765676e+00  2.46505550e+00 -3.34078481e-05 
 1.44514000e-02  2.50030064e+00  3.80001865e+00  2.47047185e+00  2.46783939e+00 -3.33875801e-05 
 1.44564000e-02  2.50027053e+00  3.80286293e+00  2.47331613e+00  2.47065509e+00 -3.33670996e-05 
 1.44614000e-02  2.50024016e+00  3.80573389e+00  2.47618676e+00  2.47349978e+00 -3.33464268e-05 
 1.44664000e-02  2.50020955e+00  3.80862865e+00  2.47908090e+00  2.47637065e+00 -3.33255824e-05 
 1.44714000e-02  2.50017873e+00  3.81154436e+00  2.48199566e+00  2.47926484e+00 -3.33045872e-05 
 1.44764000e-02  2.50014774e+00  3.81447812e+00  2.48492815e+00  2.48217947e+00 -3.32834619e-05 
 1.44814000e-02  2.50011660e+00  3.81742701e+00  2.48787547e+00  2.48511165e+00 -3.32622276e-05 
 1.44864000e-02  2.50008535e+00  3.82038811e+00  2.49083469e+00  2.48805848e+00 -3.32409054e-05 
 1.44914000e-02  2.50005401e+00  3.82335849e+00  2.49380288e+00  2.49101703e+00 -3.32195163e-05 
 1.44964000e-02  2.50002262e+00  3.82633521e+00  2.49677711e+00  2.49398436e+00 -3.31980817e-05 
 1.45014000e-02  2.49999120e+00  3.82931532e+00  2.49975442e+00  2.49695756e+00 -3.31766227e-05 
 1.45064000e-02  2.49995980e+00  3.83229588e+00  2.50273187e+00  2.49993366e+00 -3.31551605e-05 
 1.45114000e-02  2.49992843e+00  3.83527393e+00  2.50570653e+00  2.50290973e+00 -3.31337164e-05 
 1.45164000e-02  2.49989714e+00  3.83824655e+00  2.50867545e+00  2.50588283e+00 -3.31123115e-05 
 1.45214000e-02  2.49986594e+00  3.84121079e+00  2.51163571e+00  2.50885002e+00 -3.30909670e-05 
 1.45264000e-02  2.49983488e+00  3.84416373e+00  2.51458438e+00  2.51180837e+00 -3.30697038e-05 
 1.45314000e-02  2.49980399e+00  3.84710246e+00  2.51751856e+00  2.51475496e+00 -3.30485430e-05 
 1.45364000e-02  2.49977328e+00  3.85002409e+00  2.52043536e+00  2.51768690e+00 -3.30275054e-05 
 1.45414000e-02  2.49974280e+00  3.85292574e+00  2.52333190e+00  2.52060130e+00 -3.30066116e-05 
 1.45464000e-02  2.49971257e+00  3.85580456e+00  2.52620535e+00  2.52349528e+00 -3.29858822e-05 
 1.45514000e-02  2.49968263e+00  3.85865772e+00  2.52905288e+00  2.52636600e+00 -3.29653375e-05 
 1.45564000e-02  2.49965300e+00  3.86148242e+00  2.53187169e+00  2.52921065e+00 -3.29449976e-05 
 1.45614000e-02  2.49962371e+00  3.86427589e+00  2.53465902e+00  2.53202642e+00 -3.29248825e-05 
 1.45664000e-02  2.49959479e+00  3.86703539e+00  2.53741214e+00  2.53481056e+00 -3.29050119e-05 
 1.45714000e-02  2.49956628e+00  3.86975822e+00  2.54012834e+00  2.53756033e+00 -3.28854051e-05 
 1.45764000e-02  2.49953819e+00  3.87244171e+00  2.54280497e+00  2.54027305e+00 -3.28660813e-05 
 1.45814000e-02  2.49951056e+00  3.87508324e+00  2.54543941e+00  2.54294606e+00 -3.28470594e-05 
 1.45864000e-02  2.49948341e+00  3.87768022e+00  2.54802909e+00  2.54557675e+00 -3.28283579e-05 
 1.45914000e-02  2.49945677e+00  3.88023012e+00  2.55057147e+00  2.54816253e+00 -3.28099950e-05 
 1.45964000e-02  2.49943066e+00  3.88273046e+00  2.55306409e+00  2.55070090e+00 -3.27919886e-05 
 1.46014000e-02  2.49940512e+00  3.88517878e+00  2.55550450e+00  2.55318936e+00 -3.27743562e-05 
 1.46064000e-02  2.49938017e+00  3.88757272e+00  2.55789032e+00  2.55562551e+00 -3.27571148e-05 
 1.46114000e-02  2.49935582e+00  3.88990993e+00  2.56021925e+00  2.55800695e+00 -3.27402813e-05 
 1.46164000e-02  2.49933212e+00  3.89218815e+00  2.56248901e+00  2.56033138e+00 -3.27238719e-05 
 1.46214000e-02  2.49930907e+00  3.89440515e+00  2.56469739e+00  2.56259653e+00 -3.27079026e-05 
 1.46264000e-02  2.49928670e+00  3.89655879e+00  2.56684224e+00  2.56480020e+00 -3.26923886e-05 
 1.46314000e-02  2.49926504e+00  3.89864697e+00  2.56892150e+00  2.56694025e+00 -3.26773452e-05 
 1.46364000e-02  2.49924410e+00  3.90066768e+00  2.57093314e+00  2.56901460e+00 -3.26627867e-05 
 1.46414000e-02  2.49922391e+00  3.90261894e+00  2.57287520e+00  2.57102125e+00 -3.26487273e-05 
 1.46464000e-02  2.49920448e+00  3.90449887e+00  2.57474582e+00  2.57295824e+00 -3.26351805e-05 
 1.46514000e-02  2.49918584e+00  3.90630566e+00  2.57654317e+00  2.57482369e+00 -3.26221593e-05 
 1.46564000e-02  2.49916801e+00  3.90803754e+00  2.57826552e+00  2.57661581e+00 -3.26096762e-05 
 1.46614000e-02  2.49915099e+00  3.90969285e+00  2.57991121e+00  2.57833286e+00 -3.25977433e-05 
 1.46664000e-02  2.49913481e+00  3.91126999e+00  2.58147864e+00  2.57997318e+00 -3.25863721e-05 
 1.46714000e-02  2.49911949e+00  3.91276743e+00  2.58296629e+00  2.58153518e+00 -3.25755734e-05 
 1.46764000e-02  2.49910503e+00  3.91418373e+00  2.58437275e+00  2.58301736e+00 -3.25653576e-05 
 1.46814000e-02  2.49909146e+00  3.91551753e+00  2.58569664e+00  2.58441829e+00 -3.25557346e-05 
 1.46864000e-02  2.49907879e+00  3.91676753e+00  2.58693669e+00  2.58573660e+00 -3.25467134e-05 
 1.46914000e-02  2.49906702e+00  3.91793253e+00  2.58809170e+00  2.58697104e+00 -3.25383029e-05 
 1.46964000e-02  2.49905618e+00  3.91901141e+00  2.58916057e+00  2.58812041e+00 -3.25305110e-05 
 1.47014000e-02  2.49904626e+00  3.92000313e+00  2.59014226e+00  2.58918361e+00 -3.25233452e-05 
 1.47064000e-02  2.49903729e+00  3.92090674e+00  2.59103583e+00  2.59015961e+00 -3.25168123e-05 
 1.47114000e-02  2.49902927e+00  3.92172136e+00  2.59184042e+00  2.59104747e+00 -3.25109187e-05 
 1.47164000e-02  2.49902220e+00  3.92244621e+00  2.59255526e+00  2.59184634e+00 -3.25056698e-05 
 1.47214000e-02  2.49901610e+00  3.92308059e+00  2.59317965e+00  2.59255544e+00 -3.25010709e-05 
 1.47264000e-02  2.49901097e+00  3.92362391e+00  2.59371299e+00  2.59317411e+00 -3.24971261e-05 
 1.47314000e-02  2.49900682e+00  3.92407562e+00  2.59415478e+00  2.59370173e+00 -3.24938394e-05 
 1.47364000e-02  2.49900365e+00  3.92443530e+00  2.59450459e+00  2.59413781e+00 -3.24912138e-05 
 1.47414000e-02  2.49900146e+00  3.92470260e+00  2.59476209e+00  2.59448193e+00 -3.24892519e-05 
 1.47464000e-02  2.49900026e+00  3.92487726e+00  2.59492702e+00  2.59473375e+00 -3.24879555e-05 
 1.47514000e-02  2.49900004e+00  3.92495912e+00  2.59499922e+00  2.59489303e+00 -3.24873258e-05 
 1.47564000e-02  2.49900081e+00  3.92494810e+00  2.59497863e+00  2.59495963e+00 -3.24873636e-05 
 1.47614000e-02  2.49900256e+00  3.92484421e+00  2.59486527e+00  2.59493347e+00 -3.24880687e-05 
 1.47664000e-02  2.49900530e+00  3.92464754e+00  2.59465925e+00  2.59481457e+00 -3.24894405e-05 
 1.47714000e-02  2.49900903e+00  3.92435829e+00  2.59436076e+00  2.59460307e+00 -3.24914777e-05 
 1.47764000e-02  2.49901373e+00  3.92397673e+00  2.59397008e+00  2.59429915e+00 -3.24941783e-05 
 1.47814000e-02  2.49901940e+00  3.92350322e+00  2.59348761e+00  2.59390310e+00 -3.24975398e-05 
 1.47864000e-02  2.49902604e+00  3.92293824e+00  2.59291378e+00  2.59341532e+00 -3.25015590e-05 
 1.47914000e-02  2.49903364e+00  3.92228230e+00  2.59224917e+00  2.59283626e+00 -3.25062320e-05 
 1.47964000e-02  2.49904220e+00  3.92153606e+00  2.59149441e+00  2.59216649e+00 -3.25115544e-05 
 1.48014000e-02  2.49905170e+00  3.92070022e+00  2.59065022e+00  2.59140665e+00 -3.25175211e-05 
 1.48064000e-02  2.49906214e+00  3.91977558e+00  2.58971741e+00  2.59055746e+00 -3.25241264e-05 
 1.48114000e-02  2.49907350e+00  3.91876304e+00  2.58869689e+00  2.58961975e+00 -3.25313640e-05 
 1.48164000e-02  2.49908577e+00  3.91766357e+00  2.58758963e+00  2.58859441e+00 -3.25392271e-05 
 1.48214000e-02  2.49909895e+00  3.91647823e+00  2.58639671e+00  2.58748244e+00 -3.25477079e-05 
 1.48264000e-02  2.49911302e+00  3.91520816e+00  2.58511926e+00  2.58628490e+00 -3.25567986e-05 
 1.48314000e-02  2.49912796e+00  3.91385458e+00  2.58375852e+00  2.58500295e+00 -3.25664902e-05 
 1.48364000e-02  2.49914377e+00  3.91241881e+00  2.58231580e+00  2.58363782e+00 -3.25767737e-05 
 1.48414000e-02  2.49916042e+00  3.91090221e+00  2.58079250e+00  2.58219083e+00 -3.25876391e-05 
 1.48464000e-02  2.49917790e+00  3.90930626e+00  2.57919008e+00  2.58066337e+00 -3.25990759e-05 
 1.48514000e-02  2.49919618e+00  3.90763251e+00  2.57751009e+00  2.57905692e+00 -3.26110733e-05 
 1.48564000e-02  2.49921527e+00  3.90588255e+00  2.57575416e+00  2.57737304e+00 -3.26236197e-05 
 1.48614000e-02  2.49923512e+00  3.90405810e+00  2.57392398e+00  2.57561334e+00 -3.26367030e-05 
 1.48664000e-02  2.49925574e+00  3.90216090e+00  2.57202132e+00  2.57377953e+00 -3.26503106e-05 
 1.48714000e-02  2.49927708e+00  3.90019281e+00  2.57004803e+00  2.57187338e+00 -3.26644295e-05 
 1.48764000e-02  2.49929914e+00  3.89815571e+00  2.56800601e+00  2.56989674e+00 -3.26790460e-05 
 1.48814000e-02  2.49932189e+00  3.89605160e+00  2.56589725e+00  2.56785153e+00 -3.26941460e-05 
 1.48864000e-02  2.49934531e+00  3.89388251e+00  2.56372379e+00  2.56573972e+00 -3.27097150e-05 
 1.48914000e-02  2.49936938e+00  3.89165055e+00  2.56148775e+00  2.56356337e+00 -3.27257379e-05 
 1.48964000e-02  2.49939407e+00  3.88935788e+00  2.55919128e+00  2.56132458e+00 -3.27421991e-05 
 1.49014000e-02  2.49941935e+00  3.88700674e+00  2.55683664e+00  2.55902554e+00 -3.27590829e-05 
 1.49064000e-02  2.49944521e+00  3.88459940e+00  2.55442610e+00  2.55666847e+00 -3.27763727e-05 
 1.49114000e-02  2.49947162e+00  3.88213823e+00  2.55196201e+00  2.55425568e+00 -3.27940519e-05 
 1.49164000e-02  2.49949855e+00  3.87962560e+00  2.54944678e+00  2.55178951e+00 -3.28121032e-05 
 1.49214000e-02  2.49952597e+00  3.87706398e+00  2.54688286e+00  2.54927237e+00 -3.28305092e-05 
 1.49264000e-02  2.49955386e+00  3.87445586e+00  2.54427275e+00  2.54670670e+00 -3.28492518e-05 
 1.49314000e-02  2.49958220e+00  3.87180379e+00  2.54161900e+00  2.54409502e+00 -3.28683130e-05 
 1.49364000e-02  2.49961094e+00  3.86911037e+00  2.53892420e+00  2.54143987e+00 -3.28876740e-05 
 1.49414000e-02  2.49964007e+00  3.86637822e+00  2.53619100e+00  2.53874385e+00 -3.29073159e-05 
 1.49464000e-02  2.49966955e+00  3.86361003e+00  2.53342206e+00  2.53600960e+00 -3.29272197e-05 
 1.49514000e-02  2.49969936e+00  3.86080850e+00  2.53062009e+00  2.53323979e+00 -3.29473658e-05 
 1.49564000e-02  2.49972947e+00  3.85797638e+00  2.52778785e+00  2.53043714e+00 -3.29677346e-05 
 1.49614000e-02  2.49975984e+00  3.85511645e+00  2.52492812e+00  2.52760440e+00 -3.29883060e-05 
 1.49664000e-02  2.49979045e+00  3.85223151e+00  2.52204370e+00  2.52474434e+00 -3.30090599e-05 
 1.49714000e-02  2.49982127e+00  3.84932442e+00  2.51913743e+00  2.52185977e+00 -3.30299759e-05 
 1.49764000e-02  2.49985226e+00  3.84639801e+00  2.51621216e+00  2.51895354e+00 -3.30510335e-05 
 1.49814000e-02  2.49988340e+00  3.84345518e+00  2.51327078e+00  2.51602849e+00 -3.30722120e-05 
 1.49864000e-02  2.49991465e+00  3.84049881e+00  2.51031618e+00  2.51308751e+00 -3.30934905e-05 
 1.49914000e-02  2.49994599e+00  3.83753184e+00  2.50735127e+00  2.51013349e+00 -3.31148481e-05 
 1.49964000e-02  2.49997738e+00  3.83455717e+00  2.50437898e+00  2.50716935e+00 -3.31362637e-05 
 1.50014000e-02  2.50000880e+00  3.83157775e+00  2.50140224e+00  2.50419800e+00 -3.31577161e-05 
 1.50064000e-02  2.50004020e+00  3.82859652e+00  2.49842400e+00  2.50122239e+00 -3.31791842e-05 
 1.50114000e-02  2.50007157e+00  3.82561642e+00  2.49544719e+00  2.49824545e+00 -3.32006468e-05 
 1.50164000e-02  2.50010286e+00  3.82264042e+00  2.49247476e+00  2.49527012e+00 -3.32220826e-05 
 1.50214000e-02  2.50013406e+00  3.81967144e+00  2.48950965e+00  2.49229934e+00 -3.32434703e-05 
 1.50264000e-02  2.50016512e+00  3.81671242e+00  2.48655480e+00  2.48933606e+00 -3.32647889e-05 
 1.50314000e-02  2.50019601e+00  3.81376632e+00  2.48361313e+00  2.48638322e+00 -3.32860170e-05 
 1.50364000e-02  2.50022672e+00  3.81083603e+00  2.48068757e+00  2.48344373e+00 -3.33071338e-05 
 1.50414000e-02  2.50025720e+00  3.80792448e+00  2.47778102e+00  2.48052051e+00 -3.33281181e-05 
 1.50464000e-02  2.50028743e+00  3.80503454e+00  2.47489635e+00  2.47761646e+00 -3.33489491e-05 
 1.50514000e-02  2.50031737e+00  3.80216910e+00  2.47203645e+00  2.47473447e+00 -3.33696061e-05 
 1.50564000e-02  2.50034700e+00  3.79933100e+00  2.46920414e+00  2.47187740e+00 -3.33900686e-05 
 1.50614000e-02  2.50037629e+00  3.79652305e+00  2.46640224e+00  2.46904809e+00 -3.34103160e-05 
 1.50664000e-02  2.50040521e+00  3.79374807e+00  2.46363355e+00  2.46624935e+00 -3.34303283e-05 
 1.50714000e-02  2.50043372e+00  3.79100880e+00  2.46090082e+00  2.46348396e+00 -3.34500855e-05 
 1.50764000e-02  2.50046181e+00  3.78830797e+00  2.45820677e+00  2.46075468e+00 -3.34695679e-05 
 1.50814000e-02  2.50048944e+00  3.78564829e+00  2.45555409e+00  2.45806423e+00 -3.34887559e-05 
 1.50864000e-02  2.50051659e+00  3.78303239e+00  2.45294541e+00  2.45541529e+00 -3.35076304e-05 
 1.50914000e-02  2.50054323e+00  3.78046289e+00  2.45038335e+00  2.45281049e+00 -3.35261726e-05 
 1.50964000e-02  2.50056934e+00  3.77794234e+00  2.44787045e+00  2.45025244e+00 -3.35443638e-05 
 1.51014000e-02  2.50059488e+00  3.77547328e+00  2.44540923e+00  2.44774369e+00 -3.35621859e-05 
 1.51064000e-02  2.50061983e+00  3.77305816e+00  2.44300215e+00  2.44528675e+00 -3.35796210e-05 
 1.51114000e-02  2.50064418e+00  3.77069939e+00  2.44065160e+00  2.44288406e+00 -3.35966517e-05 
 1.51164000e-02  2.50066788e+00  3.76839933e+00  2.43835994e+00  2.44053802e+00 -3.36132608e-05 
 1.51214000e-02  2.50069093e+00  3.76616029e+00  2.43612946e+00  2.43825099e+00 -3.36294316e-05 
 1.51264000e-02  2.50071330e+00  3.76398449e+00  2.43396238e+00  2.43602525e+00 -3.36451481e-05 
 1.51314000e-02  2.50073496e+00  3.76187412e+00  2.43186088e+00  2.43386301e+00 -3.36603943e-05 
 1.51364000e-02  2.50075590e+00  3.75983129e+00  2.42982707e+00  2.43176646e+00 -3.36751550e-05 
 1.51414000e-02  2.50077609e+00  3.75785804e+00  2.42786296e+00  2.42973768e+00 -3.36894154e-05 
 1.51464000e-02  2.50079552e+00  3.75595636e+00  2.42597054e+00  2.42777870e+00 -3.37031610e-05 
 1.51514000e-02  2.50081416e+00  3.75412813e+00  2.42415170e+00  2.42589149e+00 -3.37163781e-05 
 1.51564000e-02  2.50083199e+00  3.75237520e+00  2.42240825e+00  2.42407794e+00 -3.37290534e-05 
 1.51614000e-02  2.50084901e+00  3.75069932e+00  2.42074195e+00  2.42233986e+00 -3.37411741e-05 
 1.51664000e-02  2.50086519e+00  3.74910217e+00  2.41915447e+00  2.42067899e+00 -3.37527280e-05 
 1.51714000e-02  2.50088051e+00  3.74758535e+00  2.41764739e+00  2.41909701e+00 -3.37637036e-05 
 1.51764000e-02  2.50089497e+00  3.74615039e+00  2.41622224e+00  2.41759548e+00 -3.37740896e-05 
 1.51814000e-02  2.50090854e+00  3.74479871e+00  2.41488043e+00  2.41617593e+00 -3.37838758e-05 
 1.51864000e-02  2.50092121e+00  3.74353169e+00  2.41362331e+00  2.41483978e+00 -3.37930522e-05 
 1.51914000e-02  2.50093298e+00  3.74235058e+00  2.41245215e+00  2.41358835e+00 -3.38016095e-05 
 1.51964000e-02  2.50094382e+00  3.74125657e+00  2.41136812e+00  2.41242292e+00 -3.38095392e-05 
 1.52014000e-02  2.50095374e+00  3.74025076e+00  2.41037230e+00  2.41134465e+00 -3.38168333e-05 
 1.52064000e-02  2.50096271e+00  3.73933417e+00  2.40946570e+00  2.41035462e+00 -3.38234844e-05 
 1.52114000e-02  2.50097073e+00  3.73850770e+00  2.40864923e+00  2.40945382e+00 -3.38294857e-05 
 1.52164000e-02  2.50097780e+00  3.73777219e+00  2.40792370e+00  2.40864316e+00 -3.38348313e-05 
 1.52214000e-02  2.50098390e+00  3.73712838e+00  2.40728985e+00  2.40792345e+00 -3.38395158e-05 
 1.52264000e-02  2.50098903e+00  3.73657691e+00  2.40674831e+00  2.40729541e+00 -3.38435344e-05 
 1.52314000e-02  2.50099318e+00  3.73611834e+00  2.40629962e+00  2.40675969e+00 -3.38468831e-05 
 1.52364000e-02  2.50099635e+00  3.73575312e+00  2.40594424e+00  2.40631680e+00 -3.38495585e-05 
 1.52414000e-02  2.50099854e+00  3.73548163e+00  2.40568251e+00  2.40596720e+00 -3.38515579e-05 
 1.52464000e-02  2.50099974e+00  3.73530414e+00  2.40551471e+00  2.40571124e+00 -3.38528793e-05 
 1.52514000e-02  2.50099996e+00  3.73522081e+00  2.40544100e+00  2.40554917e+00 -3.38535214e-05 
 1.52564000e-02  2.50099919e+00  3.73523175e+00  2.40546146e+00  2.40548116e+00 -3.38534835e-05 
 1.52614000e-02  2.50099744e+00  3.73533693e+00  2.40557606e+00  2.40550727e+00 -3.38527656e-05 
 1.52664000e-02  2.50099470e+00  3.73553625e+00  2.40578470e+00  2.40562749e+00 -3.38513686e-05 
 1.52714000e-02  2.50099097e+00  3.73582951e+00  2.40608715e+00  2.40584168e+00 -3.38492937e-05 
 1.52764000e-02  2.50098627e+00  3.73621641e+00  2.40648311e+00  2.40614963e+00 -3.38465432e-05 
 1.52814000e-02  2.50098060e+00  3.73669657e+00  2.40697219e+00  2.40655103e+00 -3.38431198e-05 
 1.52864000e-02  2.50097396e+00  3.73726950e+00  2.40755390e+00  2.40704549e+00 -3.38390269e-05 
 1.52914000e-02  2.50096636e+00  3.73793462e+00  2.40822765e+00  2.40763250e+00 -3.38342687e-05 
 1.52964000e-02  2.50095780e+00  3.73869128e+00  2.40899277e+00  2.40831147e+00 -3.38288500e-05 
 1.53014000e-02  2.50094830e+00  3.73953870e+00  2.40984848e+00  2.40908172e+00 -3.38227762e-05 
 1.53064000e-02  2.50093786e+00  3.74047604e+00  2.41079393e+00  2.40994247e+00 -3.38160536e-05 
 1.53114000e-02  2.50092650e+00  3.74150236e+00  2.41182817e+00  2.41089287e+00 -3.38086888e-05 
 1.53164000e-02  2.50091423e+00  3.74261662e+00  2.41295015e+00  2.41193196e+00 -3.38006893e-05 
 1.53214000e-02  2.50090105e+00  3.74381771e+00  2.41415876e+00  2.41305869e+00 -3.37920633e-05 
 1.53264000e-02  2.50088698e+00  3.74510443e+00  2.41545278e+00  2.41427194e+00 -3.37828193e-05 
 1.53314000e-02  2.50087204e+00  3.74647547e+00  2.41683091e+00  2.41557048e+00 -3.37729667e-05 
 1.53364000e-02  2.50085623e+00  3.74792946e+00  2.41829176e+00  2.41695302e+00 -3.37625154e-05 
 1.53414000e-02  2.50083958e+00  3.74946496e+00  2.41983389e+00  2.41841816e+00 -3.37514761e-05 
 1.53464000e-02  2.50082210e+00  3.75108041e+00  2.42145572e+00  2.41996444e+00 -3.37398597e-05 
 1.53514000e-02  2.50080382e+00  3.75277419e+00  2.42315565e+00  2.42159031e+00 -3.37276780e-05 
 1.53564000e-02  2.50078473e+00  3.75454462e+00  2.42493197e+00  2.42329413e+00 -3.37149433e-05 
 1.53614000e-02  2.50076488e+00  3.75638991e+00  2.42678289e+00  2.42507420e+00 -3.37016683e-05 
 1.53664000e-02  2.50074426e+00  3.75830821e+00  2.42870657e+00  2.42692873e+00 -3.36878665e-05 
 1.53714000e-02  2.50072292e+00  3.76029761e+00  2.43070107e+00  2.42885588e+00 -3.36735517e-05 
 1.53764000e-02  2.50070086e+00  3.76235611e+00  2.43276440e+00  2.43085369e+00 -3.36587384e-05 
 1.53814000e-02  2.50067811e+00  3.76448165e+00  2.43489449e+00  2.43292018e+00 -3.36434413e-05 
 1.53864000e-02  2.50065469e+00  3.76667210e+00  2.43708921e+00  2.43505328e+00 -3.36276759e-05 
 1.53914000e-02  2.50063062e+00  3.76892528e+00  2.43934637e+00  2.43725086e+00 -3.36114580e-05 
 1.53964000e-02  2.50060593e+00  3.77123893e+00  2.44166370e+00  2.43951070e+00 -3.35948038e-05 
 1.54014000e-02  2.50058065e+00  3.77361073e+00  2.44403890e+00  2.44183056e+00 -3.35777302e-05 
 1.54064000e-02  2.50055479e+00  3.77603832e+00  2.44646959e+00  2.44420812e+00 -3.35602542e-05 
 1.54114000e-02  2.50052838e+00  3.77851927e+00  2.44895333e+00  2.44664100e+00 -3.35423933e-05 
 1.54164000e-02  2.50050145e+00  3.78105110e+00  2.45148766e+00  2.44912676e+00 -3.35241654e-05 
 1.54214000e-02  2.50047403e+00  3.78363129e+00  2.45407004e+00  2.45166293e+00 -3.35055888e-05 
 1.54264000e-02  2.50044614e+00  3.78625726e+00  2.45669789e+00  2.45424698e+00 -3.34866821e-05 
 1.54314000e-02  2.50041780e+00  3.78892640e+00  2.45936859e+00  2.45687632e+00 -3.34674641e-05 
 1.54364000e-02  2.50038906e+00  3.79163604e+00  2.46207948e+00  2.45954835e+00 -3.34479541e-05 
 1.54414000e-02  2.50035993e+00  3.79438348e+00  2.46482787e+00  2.46226038e+00 -3.34281715e-05 
 1.54464000e-02  2.50033045e+00  3.79716599e+00  2.46761100e+00  2.46500972e+00 -3.34081362e-05 
 1.54514000e-02  2.50030064e+00  3.79998079e+00  2.47042612e+00  2.46779364e+00 -3.33878680e-05 
 1.54564000e-02  2.50027053e+00  3.80282509e+00  2.47327042e+00  2.47060936e+00 -3.33673873e-05 
 1.54614000e-02  2.50024016e+00  3.80569606e+00  2.47614108e+00  2.47345407e+00 -3.33467144e-05 
 1.54664000e-02  2.50020955e+00  3.80859085e+00  2.47903524e+00  2.47632497e+00 -3.33258698e-05 
 1.54714000e-02  2.50017873e+00  3.81150658e+00  2.48195002e+00  2.47921918e+00 -3.33048744e-05 
 1.54764000e-02  2.50014774e+00  3.81444035e+00  2.48488254e+00  2.48213383e+00 -3.32837490e-05 
 1.54814000e-02  2.50011660e+00  3.81738926e+00  2.48782988e+00  2.48506604e+00 -3.32625145e-05 
 1.54864000e-02  2.50008535e+00  3.82035039e+00  2.49078913e+00  2.48801289e+00 -3.32411921e-05 
 1.54914000e-02  2.50005401e+00  3.82332079e+00  2.49375734e+00  2.49097146e+00 -3.32198029e-05 
 1.54964000e-02  2.50002262e+00  3.82629753e+00  2.49673159e+00  2.49393883e+00 -3.31983681e-05 
 1.55014000e-02  2.49999120e+00  3.82927766e+00  2.49970893e+00  2.49691204e+00 -3.31769089e-05 
 1.55064000e-02  2.49995980e+00  3.83225824e+00  2.50268641e+00  2.49988817e+00 -3.31554466e-05 
 1.55114000e-02  2.49992843e+00  3.83523631e+00  2.50566109e+00  2.50286426e+00 -3.31340023e-05 
 1.55164000e-02  2.49989714e+00  3.83820894e+00  2.50863003e+00  2.50583739e+00 -3.31125972e-05 
 1.55214000e-02  2.49986594e+00  3.84117320e+00  2.51159031e+00  2.50880460e+00 -3.30912525e-05 
 1.55264000e-02  2.49983488e+00  3.84412616e+00  2.51453901e+00  2.51176298e+00 -3.30699892e-05 
 1.55314000e-02  2.49980399e+00  3.84706491e+00  2.51747321e+00  2.51470960e+00 -3.30488283e-05 
 1.55364000e-02  2.49977328e+00  3.84998656e+00  2.52039004e+00  2.51764156e+00 -3.30277905e-05 
 1.55414000e-02  2.49974280e+00  3.85288824e+00  2.52328661e+00  2.52055598e+00 -3.30068965e-05 
 1.55464000e-02  2.49971257e+00  3.85576708e+00  2.52616009e+00  2.52344999e+00 -3.29861669e-05 
 1.55514000e-02  2.49968263e+00  3.85862026e+00  2.52900764e+00  2.52632073e+00 -3.29656221e-05 
 1.55564000e-02  2.49965300e+00  3.86144498e+00  2.53182648e+00  2.52916540e+00 -3.29452820e-05 
 1.55614000e-02  2.49962371e+00  3.86423847e+00  2.53461383e+00  2.53198120e+00 -3.29251667e-05 
 1.55664000e-02  2.49959479e+00  3.86699799e+00  2.53736697e+00  2.53476536e+00 -3.29052959e-05 
 1.55714000e-02  2.49956628e+00  3.86972084e+00  2.54008319e+00  2.53751517e+00 -3.28856890e-05 
 1.55764000e-02  2.49953819e+00  3.87240435e+00  2.54275984e+00  2.54022791e+00 -3.28663650e-05 
 1.55814000e-02  2.49951056e+00  3.87504590e+00  2.54539431e+00  2.54290094e+00 -3.28473430e-05 
 1.55864000e-02  2.49948341e+00  3.87764290e+00  2.54798401e+00  2.54553165e+00 -3.28286413e-05 
 1.55914000e-02  2.49945677e+00  3.88019282e+00  2.55052642e+00  2.54811746e+00 -3.28102782e-05 
 1.55964000e-02  2.49943066e+00  3.88269317e+00  2.55301906e+00  2.55065585e+00 -3.27922717e-05 
 1.56014000e-02  2.49940512e+00  3.88514152e+00  2.55545949e+00  2.55314434e+00 -3.27746391e-05 
 1.56064000e-02  2.49938017e+00  3.88753547e+00  2.55784535e+00  2.55558051e+00 -3.27573976e-05 
 1.56114000e-02  2.49935582e+00  3.88987270e+00  2.56017429e+00  2.55796197e+00 -3.27405639e-05 
 1.56164000e-02  2.49933212e+00  3.89215094e+00  2.56244407e+00  2.56028643e+00 -3.27241544e-05 
 1.56214000e-02  2.49930907e+00  3.89436796e+00  2.56465248e+00  2.56255160e+00 -3.27081848e-05 
 1.56264000e-02  2.49928670e+00  3.89652162e+00  2.56679736e+00  2.56475529e+00 -3.26926708e-05 
 1.56314000e-02  2.49926504e+00  3.89860982e+00  2.56887664e+00  2.56689537e+00 -3.26776272e-05 
 1.56364000e-02  2.49924410e+00  3.90063054e+00  2.57088830e+00  2.56896974e+00 -3.26630686e-05 
 1.56414000e-02  2.49922391e+00  3.90258182e+00  2.57283038e+00  2.57097641e+00 -3.26490090e-05 
 1.56464000e-02  2.49920448e+00  3.90446177e+00  2.57470102e+00  2.57291342e+00 -3.26354620e-05 
 1.56514000e-02  2.49918584e+00  3.90626857e+00  2.57649839e+00  2.57477890e+00 -3.26224406e-05 
 1.56564000e-02  2.49916801e+00  3.90800047e+00  2.57822077e+00  2.57657104e+00 -3.26099575e-05 
 1.56614000e-02  2.49915099e+00  3.90965580e+00  2.57986647e+00  2.57828811e+00 -3.25980244e-05 
 1.56664000e-02  2.49913481e+00  3.91123296e+00  2.58143392e+00  2.57992845e+00 -3.25866531e-05 
 1.56714000e-02  2.49911949e+00  3.91273042e+00  2.58292160e+00  2.58149047e+00 -3.25758542e-05 
 1.56764000e-02  2.49910503e+00  3.91414673e+00  2.58432808e+00  2.58297267e+00 -3.25656383e-05 
 1.56814000e-02  2.49909146e+00  3.91548054e+00  2.58565199e+00  2.58437362e+00 -3.25560151e-05 
 1.56864000e-02  2.49907879e+00  3.91673056e+00  2.58689206e+00  2.58569195e+00 -3.25469939e-05 
 1.56914000e-02  2.49906702e+00  3.91789558e+00  2.58804709e+00  2.58692641e+00 -3.25385832e-05 
 1.56964000e-02  2.49905618e+00  3.91897447e+00  2.58911598e+00  2.58807580e+00 -3.25307912e-05 
 1.57014000e-02  2.49904626e+00  3.91996620e+00  2.59009769e+00  2.58913902e+00 -3.25236253e-05 
 1.57064000e-02  2.49903729e+00  3.92086982e+00  2.59099128e+00  2.59011504e+00 -3.25170923e-05 
 1.57114000e-02  2.49902927e+00  3.92168446e+00  2.59179589e+00  2.59100291e+00 -3.25111986e-05 
 1.57164000e-02  2.49902220e+00  3.92240932e+00  2.59251074e+00  2.59180180e+00 -3.25059496e-05 
 1.57214000e-02  2.49901610e+00  3.92304372e+00  2.59313514e+00  2.59251093e+00 -3.25013505e-05 
 1.57264000e-02  2.49901097e+00  3.92358705e+00  2.59366851e+00  2.59312961e+00 -3.24974057e-05 
 1.57314000e-02  2.49900682e+00  3.92403877e+00  2.59411032e+00  2.59365725e+00 -3.24941188e-05 
 1.57364000e-02  2.49900365e+00  3.92439846e+00  2.59446014e+00  2.59409335e+00 -3.24914931e-05 
 1.57414000e-02  2.49900146e+00  3.92466578e+00  2.59471765e+00  2.59443748e+00 -3.24895311e-05 
 1.57464000e-02  2.49900026e+00  3.92484045e+00  2.59488260e+00  2.59468932e+00 -3.24882346e-05 
 1.57514000e-02  2.49900004e+00  3.92492232e+00  2.59495482e+00  2.59484862e+00 -3.24876049e-05 
 1.57564000e-02  2.49900081e+00  3.92491131e+00  2.59493425e+00  2.59491523e+00 -3.24876426e-05 
 1.57614000e-02  2.49900256e+00  3.92480743e+00  2.59482090e+00  2.59488908e+00 -3.24883476e-05 
 1.57664000e-02  2.49900530e+00  3.92461077e+00  2.59461489e+00  2.59477020e+00 -3.24897194e-05 
 1.57714000e-02  2.49900903e+00  3.92432153e+00  2.59431641e+00  2.59455871e+00 -3.24917565e-05 
 1.57764000e-02  2.49901373e+00  3.92393998e+00  2.59392575e+00  2.59425480e+00 -3.24944570e-05 
 1.57814000e-02  2.49901940e+00  3.92346648e+00  2.59344329e+00  2.59385877e+00 -3.24978185e-05 
 1.57864000e-02  2.49902604e+00  3.92290150e+00  2.59286948e+00  2.59337100e+00 -3.25018376e-05 
 1.57914000e-02  2.49903364e+00  3.92224558e+00  2.59220488e+00  2.59279196e+00 -3.25065105e-05 
 1.57964000e-02  2.49904220e+00  3.92149934e+00  2.59145013e+00  2.59212220e+00 -3.25118329e-05 
 1.58014000e-02  2.49905170e+00  3.92066351e+00  2.59060595e+00  2.59136237e+00 -3.25177995e-05 
 1.58064000e-02  2.49906214e+00  3.91973888e+00  2.58967316e+00  2.59051319e+00 -3.25244048e-05 
 1.58114000e-02  2.49907350e+00  3.91872635e+00  2.58865265e+00  2.58957549e+00 -3.25316423e-05 
 1.58164000e-02  2.49908577e+00  3.91762689e+00  2.58754540e+00  2.58855017e+00 -3.25395053e-05 
 1.58214000e-02  2.49909895e+00  3.91644155e+00  2.58635249e+00  2.58743821e+00 -3.25479861e-05 
 1.58264000e-02  2.49911302e+00  3.91517149e+00  2.58507505e+00  2.58624068e+00 -3.25570767e-05 
 1.58314000e-02  2.49912796e+00  3.91381792e+00  2.58371432e+00  2.58495874e+00 -3.25667683e-05 
 1.58364000e-02  2.49914377e+00  3.91238214e+00  2.58227161e+00  2.58359362e+00 -3.25770517e-05 
 1.58414000e-02  2.49916042e+00  3.91086556e+00  2.58074832e+00  2.58214664e+00 -3.25879171e-05 
 1.58464000e-02  2.49917790e+00  3.90926961e+00  2.57914591e+00  2.58061919e+00 -3.25993539e-05 
 1.58514000e-02  2.49919618e+00  3.90759586e+00  2.57746593e+00  2.57901276e+00 -3.26113513e-05 
 1.58564000e-02  2.49921527e+00  3.90584591e+00  2.57571001e+00  2.57732888e+00 -3.26238976e-05 
 1.58614000e-02  2.49923512e+00  3.90402146e+00  2.57387984e+00  2.57556919e+00 -3.26369809e-05 
 1.58664000e-02  2.49925574e+00  3.90212427e+00  2.57197719e+00  2.57373539e+00 -3.26505885e-05 
 1.58714000e-02  2.49927708e+00  3.90015618e+00  2.57000390e+00  2.57182925e+00 -3.26647073e-05 
 1.58764000e-02  2.49929914e+00  3.89811909e+00  2.56796190e+00  2.56985262e+00 -3.26793238e-05 
 1.58814000e-02  2.49932189e+00  3.89601498e+00  2.56585314e+00  2.56780741e+00 -3.26944238e-05 
 1.58864000e-02  2.49934531e+00  3.89384590e+00  2.56367969e+00  2.56569561e+00 -3.27099928e-05 
 1.58914000e-02  2.49936938e+00  3.89161394e+00  2.56144365e+00  2.56351926e+00 -3.27260156e-05 
 1.58964000e-02  2.49939407e+00  3.88932127e+00  2.55914720e+00  2.56128049e+00 -3.27424769e-05 
 1.59014000e-02  2.49941935e+00  3.88697013e+00  2.55679256e+00  2.55898145e+00 -3.27593606e-05 
 1.59064000e-02  2.49944521e+00  3.88456280e+00  2.55438203e+00  2.55662440e+00 -3.27766504e-05 
 1.59114000e-02  2.49947162e+00  3.88210163e+00  2.55191795e+00  2.55421161e+00 -3.27943296e-05 
 1.59164000e-02  2.49949855e+00  3.87958900e+00  2.54940273e+00  2.55174545e+00 -3.28123809e-05 
 1.59214000e-02  2.49952597e+00  3.87702738e+00  2.54683881e+00  2.54922831e+00 -3.28307869e-05 
 1.59264000e-02  2.49955386e+00  3.87441927e+00  2.54422871e+00  2.54666265e+00 -3.28495295e-05 
 1.59314000e-02  2.49958220e+00  3.87176720e+00  2.54157496e+00  2.54405097e+00 -3.28685906e-05 
 1.59364000e-02  2.49961094e+00  3.86907378e+00  2.53888017e+00  2.54139583e+00 -3.28879516e-05 
 1.59414000e-02  2.49964007e+00  3.86634164e+00  2.53614697e+00  2.53869982e+00 -3.29075936e-05 
 1.59464000e-02  2.49966955e+00  3.86357344e+00  2.53337804e+00  2.53596557e+00 -3.29274973e-05 
 1.59514000e-02  2.49969936e+00  3.86077191e+00  2.53057608e+00  2.53319577e+00 -3.29476435e-05 
 1.59564000e-02  2.49972947e+00  3.85793980e+00  2.52774385e+00  2.53039313e+00 -3.29680122e-05 
 1.59614000e-02  2.49975984e+00  3.85507987e+00  2.52488412e+00  2.52756039e+00 -3.29885836e-05 
 1.59664000e-02  2.49979045e+00  3.85219494e+00  2.52199971e+00  2.52470034e+00 -3.30093375e-05 
 1.59714000e-02  2.49982127e+00  3.84928784e+00  2.51909344e+00  2.52181578e+00 -3.30302535e-05 
 1.59764000e-02  2.49985226e+00  3.84636144e+00  2.51616818e+00  2.51890955e+00 -3.30513111e-05 
 1.59814000e-02  2.49988340e+00  3.84341860e+00  2.51322680e+00  2.51598451e+00 -3.30724896e-05 
 1.59864000e-02  2.49991465e+00  3.84046224e+00  2.51027221e+00  2.51304354e+00 -3.30937681e-05 
 1.59914000e-02  2.49994599e+00  3.83749527e+00  2.50730731e+00  2.51008952e+00 -3.31151257e-05 
 1.59964000e-02  2.49997738e+00  3.83452060e+00  2.50433503e+00  2.50712539e+00 -3.31365413e-05 
 1.60014000e-02  2.50000880e+00  3.83154118e+00  2.50135829e+00  2.50415405e+00 -3.31579937e-05 
 1.60064000e-02  2.50004020e+00  3.82855996e+00  2.49838006e+00  2.50117844e+00 -3.31794618e-05 
 1.60114000e-02  2.50007157e+00  3.82557986e+00  2.49540325e+00  2.49820151e+00 -3.32009244e-05 
 1.60164000e-02  2.50010286e+00  3.82260386e+00  2.49243083e+00  2.49522618e+00 -3.32223601e-05 
 1.60214000e-02  2.50013406e+00  3.81963488e+00  2.48946573e+00  2.49225541e+00 -3.32437479e-05 
 1.60264000e-02  2.50016512e+00  3.81667587e+00  2.48651088e+00  2.48929214e+00 -3.32650664e-05 
 1.60314000e-02  2.50019601e+00  3.81372977e+00  2.48356923e+00  2.48633930e+00 -3.32862946e-05 
 1.60364000e-02  2.50022672e+00  3.81079948e+00  2.48064367e+00  2.48339982e+00 -3.33074113e-05 
 1.60414000e-02  2.50025720e+00  3.80788793e+00  2.47773712e+00  2.48047661e+00 -3.33283956e-05 
 1.60464000e-02  2.50028743e+00  3.80499800e+00  2.47485247e+00  2.47757257e+00 -3.33492266e-05 
 1.60514000e-02  2.50031737e+00  3.80213256e+00  2.47199257e+00  2.47469059e+00 -3.33698836e-05 
 1.60564000e-02  2.50034700e+00  3.79929446e+00  2.46916027e+00  2.47183352e+00 -3.33903460e-05 
 1.60614000e-02  2.50037629e+00  3.79648652e+00  2.46635838e+00  2.46900422e+00 -3.34105935e-05 
 1.60664000e-02  2.50040521e+00  3.79371154e+00  2.46358970e+00  2.46620548e+00 -3.34306058e-05 
 1.60714000e-02  2.50043372e+00  3.79097227e+00  2.46085697e+00  2.46344010e+00 -3.34503629e-05 
 1.60764000e-02  2.50046181e+00  3.78827145e+00  2.45816293e+00  2.46071083e+00 -3.34698453e-05 
 1.60814000e-02  2.50048944e+00  3.78561177e+00  2.45551026e+00  2.45802039e+00 -3.34890333e-05 
 1.60864000e-02  2.50051659e+00  3.78299587e+00  2.45290159e+00  2.45537145e+00 -3.35079078e-05 
 1.60914000e-02  2.50054323e+00  3.78042637e+00  2.45033953e+00  2.45276667e+00 -3.35264499e-05 
 1.60964000e-02  2.50056934e+00  3.77790584e+00  2.44782665e+00  2.45020863e+00 -3.35446411e-05 
 1.61014000e-02  2.50059488e+00  3.77543678e+00  2.44536544e+00  2.44769989e+00 -3.35624632e-05 
 1.61064000e-02  2.50061983e+00  3.77302166e+00  2.44295836e+00  2.44524295e+00 -3.35798983e-05 
 1.61114000e-02  2.50064418e+00  3.77066289e+00  2.44060782e+00  2.44284027e+00 -3.35969289e-05 
 1.61164000e-02  2.50066788e+00  3.76836284e+00  2.43831617e+00  2.44049424e+00 -3.36135380e-05 
 1.61214000e-02  2.50069093e+00  3.76612380e+00  2.43608569e+00  2.43820722e+00 -3.36297088e-05 
 1.61264000e-02  2.50071330e+00  3.76394801e+00  2.43391863e+00  2.43598148e+00 -3.36454252e-05 
 1.61314000e-02  2.50073496e+00  3.76183765e+00  2.43181714e+00  2.43381926e+00 -3.36606714e-05 
 1.61364000e-02  2.50075590e+00  3.75979482e+00  2.42978333e+00  2.43172272e+00 -3.36754321e-05 
 1.61414000e-02  2.50077609e+00  3.75782158e+00  2.42781924e+00  2.42969395e+00 -3.36896924e-05 
 1.61464000e-02  2.50079552e+00  3.75591990e+00  2.42592683e+00  2.42773498e+00 -3.37034380e-05 
 1.61514000e-02  2.50081416e+00  3.75409168e+00  2.42410800e+00  2.42584778e+00 -3.37166550e-05 
 1.61564000e-02  2.50083199e+00  3.75233876e+00  2.42236456e+00  2.42403424e+00 -3.37293303e-05 
 1.61614000e-02  2.50084901e+00  3.75066288e+00  2.42069827e+00  2.42229617e+00 -3.37414509e-05 
 1.61664000e-02  2.50086519e+00  3.74906574e+00  2.41911080e+00  2.42063531e+00 -3.37530048e-05 
 1.61714000e-02  2.50088051e+00  3.74754893e+00  2.41760374e+00  2.41905334e+00 -3.37639803e-05 
 1.61764000e-02  2.50089497e+00  3.74611397e+00  2.41617859e+00  2.41755183e+00 -3.37743663e-05 
 1.61814000e-02  2.50090854e+00  3.74476231e+00  2.41483679e+00  2.41613229e+00 -3.37841524e-05 
 1.61864000e-02  2.50092121e+00  3.74349529e+00  2.41357969e+00  2.41479614e+00 -3.37933288e-05 
 1.61914000e-02  2.50093298e+00  3.74231418e+00  2.41240854e+00  2.41354473e+00 -3.38018860e-05 
 1.61964000e-02  2.50094382e+00  3.74122019e+00  2.41132452e+00  2.41237931e+00 -3.38098157e-05 
 1.62014000e-02  2.50095374e+00  3.74021439e+00  2.41032872e+00  2.41130105e+00 -3.38171097e-05 
 1.62064000e-02  2.50096271e+00  3.73929780e+00  2.40942213e+00  2.41031103e+00 -3.38237607e-05 
 1.62114000e-02  2.50097073e+00  3.73847134e+00  2.40860567e+00  2.40941025e+00 -3.38297620e-05 
 1.62164000e-02  2.50097780e+00  3.73773584e+00  2.40788016e+00  2.40859960e+00 -3.38351075e-05 
 1.62214000e-02  2.50098390e+00  3.73709204e+00  2.40724632e+00  2.40787991e+00 -3.38397919e-05 
 1.62264000e-02  2.50098903e+00  3.73654058e+00  2.40670479e+00  2.40725188e+00 -3.38438105e-05 
 1.62314000e-02  2.50099318e+00  3.73608202e+00  2.40625612e+00  2.40671617e+00 -3.38471591e-05 
 1.62364000e-02  2.50099635e+00  3.73571681e+00  2.40590075e+00  2.40627330e+00 -3.38498344e-05 
 1.62414000e-02  2.50099854e+00  3.73544533e+00  2.40563904e+00  2.40592371e+00 -3.38518337e-05 
 1.62464000e-02  2.50099974e+00  3.73526785e+00  2.40547125e+00  2.40566776e+00 -3.38531550e-05 
 1.62514000e-02  2.50099996e+00  3.73518454e+00  2.40539756e+00  2.40550571e+00 -3.38537970e-05 
 1.62564000e-02  2.50099919e+00  3.73519548e+00  2.40541803e+00  2.40543771e+00 -3.38537590e-05 
 1.62614000e-02  2.50099744e+00  3.73530067e+00  2.40553265e+00  2.40546384e+00 -3.38530411e-05 
 1.62664000e-02  2.50099470e+00  3.73550000e+00  2.40574130e+00  2.40558407e+00 -3.38516439e-05 
 1.62714000e-02  2.50099097e+00  3.73579327e+00  2.40604376e+00  2.40579828e+00 -3.38495690e-05 
 1.62764000e-02  2.50098627e+00  3.73618019e+00  2.40643975e+00  2.40610625e+00 -3.38468184e-05 
 1.62814000e-02  2.50098060e+00  3.73666036e+00  2.40692884e+00  2.40650767e+00 -3.38433949e-05 
 1.62864000e-02  2.50097396e+00  3.73723330e+00  2.40751057e+00  2.40700214e+00 -3.38393019e-05 
 1.62914000e-02  2.50096636e+00  3.73789844e+00  2.40818434e+00  2.40758916e+00 -3.38345436e-05 
 1.62964000e-02  2.50095780e+00  3.73865510e+00  2.40894947e+00  2.40826815e+00 -3.38291248e-05 
 1.63014000e-02  2.50094830e+00  3.73950254e+00  2.40980520e+00  2.40903842e+00 -3.38230509e-05 
 1.63064000e-02  2.50093786e+00  3.74043990e+00  2.41075066e+00  2.40989919e+00 -3.38163282e-05 
 1.63114000e-02  2.50092650e+00  3.74146623e+00  2.41178492e+00  2.41084961e+00 -3.38089633e-05 
 1.63164000e-02  2.50091423e+00  3.74258050e+00  2.41290692e+00  2.41188871e+00 -3.38009637e-05 
 1.63214000e-02  2.50090105e+00  3.74378161e+00  2.41411555e+00  2.41301546e+00 -3.37923375e-05 
 1.63264000e-02  2.50088698e+00  3.74506833e+00  2.41540958e+00  2.41422873e+00 -3.37830934e-05 
 1.63314000e-02  2.50087204e+00  3.74643939e+00  2.41678773e+00  2.41552729e+00 -3.37732407e-05 
 1.63364000e-02  2.50085623e+00  3.74789340e+00  2.41824861e+00  2.41690984e+00 -3.37627894e-05 
 1.63414000e-02  2.50083958e+00  3.74942891e+00  2.41979075e+00  2.41837501e+00 -3.37517499e-05 
 1.63464000e-02  2.50082210e+00  3.75104437e+00  2.42141260e+00  2.41992130e+00 -3.37401334e-05 
 1.63514000e-02  2.50080382e+00  3.75273817e+00  2.42311255e+00  2.42154719e+00 -3.37279516e-05 
 1.63564000e-02  2.50078473e+00  3.75450861e+00  2.42488889e+00  2.42325103e+00 -3.37152167e-05 
 1.63614000e-02  2.50076488e+00  3.75635391e+00  2.42673983e+00  2.42503112e+00 -3.37019416e-05 
 1.63664000e-02  2.50074426e+00  3.75827223e+00  2.42866353e+00  2.42688567e+00 -3.36881397e-05 
 1.63714000e-02  2.50072292e+00  3.76026165e+00  2.43065805e+00  2.42881283e+00 -3.36738248e-05 
 1.63764000e-02  2.50070086e+00  3.76232016e+00  2.43272139e+00  2.43081067e+00 -3.36590113e-05 
 1.63814000e-02  2.50067811e+00  3.76444572e+00  2.43485151e+00  2.43287718e+00 -3.36437141e-05 
 1.63864000e-02  2.50065469e+00  3.76663619e+00  2.43704625e+00  2.43501030e+00 -3.36279485e-05 
 1.63914000e-02  2.50063062e+00  3.76888938e+00  2.43930343e+00  2.43720790e+00 -3.36117305e-05 
 1.63964000e-02  2.50060593e+00  3.77120305e+00  2.44162078e+00  2.43946776e+00 -3.35950762e-05 
 1.64014000e-02  2.50058065e+00  3.77357487e+00  2.44399600e+00  2.44178765e+00 -3.35780025e-05 
 1.64064000e-02  2.50055479e+00  3.77600247e+00  2.44642671e+00  2.44416522e+00 -3.35605263e-05 
 1.64114000e-02  2.50052838e+00  3.77848344e+00  2.44891048e+00  2.44659812e+00 -3.35426652e-05 
 1.64164000e-02  2.50050145e+00  3.78101529e+00  2.45144483e+00  2.44908391e+00 -3.35244372e-05 
 1.64214000e-02  2.50047403e+00  3.78359550e+00  2.45402722e+00  2.45162010e+00 -3.35058605e-05 
 1.64264000e-02  2.50044614e+00  3.78622149e+00  2.45665509e+00  2.45420417e+00 -3.34869536e-05 
 1.64314000e-02  2.50041780e+00  3.78889064e+00  2.45932582e+00  2.45683354e+00 -3.34677354e-05 
 1.64364000e-02  2.50038906e+00  3.79160030e+00  2.46203673e+00  2.45950558e+00 -3.34482253e-05 
 1.64414000e-02  2.50035993e+00  3.79434776e+00  2.46478514e+00  2.46221763e+00 -3.34284426e-05 
 1.64464000e-02  2.50033045e+00  3.79713028e+00  2.46756830e+00  2.46496700e+00 -3.34084071e-05 
 1.64514000e-02  2.50030064e+00  3.79994510e+00  2.47038344e+00  2.46775094e+00 -3.33881388e-05 
 1.64564000e-02  2.50027053e+00  3.80278942e+00  2.47322776e+00  2.47056668e+00 -3.33676579e-05 
 1.64614000e-02  2.50024016e+00  3.80566041e+00  2.47609844e+00  2.47341142e+00 -3.33469848e-05 
 1.64664000e-02  2.50020955e+00  3.80855522e+00  2.47899262e+00  2.47628233e+00 -3.33261401e-05 
 1.64714000e-02  2.50017873e+00  3.81147097e+00  2.48190743e+00  2.47917656e+00 -3.33051446e-05 
 1.64764000e-02  2.50014774e+00  3.81440476e+00  2.48483997e+00  2.48209124e+00 -3.32840190e-05 
 1.64814000e-02  2.50011660e+00  3.81735369e+00  2.48778734e+00  2.48502347e+00 -3.32627844e-05 
 1.64864000e-02  2.50008535e+00  3.82031483e+00  2.49074661e+00  2.48797035e+00 -3.32414618e-05 
 1.64914000e-02  2.50005401e+00  3.82328525e+00  2.49371484e+00  2.49092894e+00 -3.32200725e-05 
 1.64964000e-02  2.50002262e+00  3.82626201e+00  2.49668912e+00  2.49389633e+00 -3.31986375e-05 
 1.65014000e-02  2.49999120e+00  3.82924216e+00  2.49966647e+00  2.49686957e+00 -3.31771781e-05 
 1.65064000e-02  2.49995980e+00  3.83222275e+00  2.50264398e+00  2.49984572e+00 -3.31557156e-05 
 1.65114000e-02  2.49992843e+00  3.83520085e+00  2.50561868e+00  2.50282184e+00 -3.31342712e-05 
 1.65164000e-02  2.49989714e+00  3.83817350e+00  2.50858765e+00  2.50579498e+00 -3.31128660e-05 
 1.65214000e-02  2.49986594e+00  3.84113778e+00  2.51154796e+00  2.50876222e+00 -3.30915211e-05 
 1.65264000e-02  2.49983488e+00  3.84409076e+00  2.51449667e+00  2.51172062e+00 -3.30702576e-05 
 1.65314000e-02  2.49980399e+00  3.84702953e+00  2.51743090e+00  2.51466726e+00 -3.30490965e-05 
 1.65364000e-02  2.49977328e+00  3.84995120e+00  2.52034775e+00  2.51759925e+00 -3.30280586e-05 
 1.65414000e-02  2.49974280e+00  3.85285289e+00  2.52324435e+00  2.52051369e+00 -3.30071645e-05 
 1.65464000e-02  2.49971257e+00  3.85573175e+00  2.52611784e+00  2.52340772e+00 -3.29864347e-05 
 1.65514000e-02  2.49968263e+00  3.85858495e+00  2.52896542e+00  2.52627849e+00 -3.29658897e-05 
 1.65564000e-02  2.49965300e+00  3.86140969e+00  2.53178428e+00  2.52912319e+00 -3.29455495e-05 
 1.65614000e-02  2.49962371e+00  3.86420320e+00  2.53457166e+00  2.53193901e+00 -3.29254340e-05 
 1.65664000e-02  2.49959479e+00  3.86696274e+00  2.53732482e+00  2.53472319e+00 -3.29055630e-05 
 1.65714000e-02  2.49956628e+00  3.86968561e+00  2.54004106e+00  2.53747302e+00 -3.28859559e-05 
 1.65764000e-02  2.49953819e+00  3.87236913e+00  2.54271774e+00  2.54018579e+00 -3.28666318e-05 
 1.65814000e-02  2.49951056e+00  3.87501070e+00  2.54535223e+00  2.54285884e+00 -3.28476096e-05 
 1.65864000e-02  2.49948341e+00  3.87760772e+00  2.54794196e+00  2.54548957e+00 -3.28289078e-05 
 1.65914000e-02  2.49945677e+00  3.88015766e+00  2.55048439e+00  2.54807540e+00 -3.28105446e-05 
 1.65964000e-02  2.49943066e+00  3.88265803e+00  2.55297705e+00  2.55061382e+00 -3.27925379e-05 
 1.66014000e-02  2.49940512e+00  3.88510639e+00  2.55541750e+00  2.55310233e+00 -3.27749051e-05 
 1.66064000e-02  2.49938017e+00  3.88750037e+00  2.55780338e+00  2.55553852e+00 -3.27576635e-05 
 1.66114000e-02  2.49935582e+00  3.88983762e+00  2.56013235e+00  2.55792001e+00 -3.27408296e-05 
 1.66164000e-02  2.49933212e+00  3.89211587e+00  2.56240215e+00  2.56024448e+00 -3.27244200e-05 
 1.66214000e-02  2.49930907e+00  3.89433291e+00  2.56461057e+00  2.56250968e+00 -3.27084503e-05 
 1.66264000e-02  2.49928670e+00  3.89648658e+00  2.56675548e+00  2.56471339e+00 -3.26929361e-05 
 1.66314000e-02  2.49926504e+00  3.89857480e+00  2.56883478e+00  2.56685349e+00 -3.26778923e-05 
 1.66364000e-02  2.49924410e+00  3.90059554e+00  2.57084646e+00  2.56892788e+00 -3.26633336e-05 
 1.66414000e-02  2.49922391e+00  3.90254684e+00  2.57278857e+00  2.57093457e+00 -3.26492739e-05 
 1.66464000e-02  2.49920448e+00  3.90442681e+00  2.57465922e+00  2.57287160e+00 -3.26357268e-05 
 1.66514000e-02  2.49918584e+00  3.90623362e+00  2.57645662e+00  2.57473710e+00 -3.26227053e-05 
 1.66564000e-02  2.49916801e+00  3.90796554e+00  2.57817901e+00  2.57652926e+00 -3.26102219e-05 
 1.66614000e-02  2.49915099e+00  3.90962088e+00  2.57982474e+00  2.57824635e+00 -3.25982888e-05 
 1.66664000e-02  2.49913481e+00  3.91119805e+00  2.58139221e+00  2.57988671e+00 -3.25869173e-05 
 1.66714000e-02  2.49911949e+00  3.91269553e+00  2.58287991e+00  2.58144876e+00 -3.25761183e-05 
 1.66764000e-02  2.49910503e+00  3.91411186e+00  2.58428640e+00  2.58293098e+00 -3.25659023e-05 
 1.66814000e-02  2.49909146e+00  3.91544569e+00  2.58561033e+00  2.58433194e+00 -3.25562790e-05 
 1.66864000e-02  2.49907879e+00  3.91669572e+00  2.58685042e+00  2.58565030e+00 -3.25472576e-05 
 1.66914000e-02  2.49906702e+00  3.91786075e+00  2.58800547e+00  2.58688477e+00 -3.25388469e-05 
 1.66964000e-02  2.49905618e+00  3.91893966e+00  2.58907438e+00  2.58803418e+00 -3.25310547e-05 
 1.67014000e-02  2.49904626e+00  3.91993140e+00  2.59005610e+00  2.58909742e+00 -3.25238887e-05 
 1.67064000e-02  2.49903729e+00  3.92083504e+00  2.59094971e+00  2.59007345e+00 -3.25173556e-05 
 1.67114000e-02  2.49902927e+00  3.92164968e+00  2.59175433e+00  2.59096135e+00 -3.25114617e-05 
 1.67164000e-02  2.49902220e+00  3.92237456e+00  2.59246920e+00  2.59176025e+00 -3.25062127e-05 
 1.67214000e-02  2.49901610e+00  3.92300897e+00  2.59309363e+00  2.59246939e+00 -3.25016135e-05 
 1.67264000e-02  2.49901097e+00  3.92355231e+00  2.59362701e+00  2.59308809e+00 -3.24976685e-05 
 1.67314000e-02  2.49900682e+00  3.92400405e+00  2.59406883e+00  2.59361575e+00 -3.24943816e-05 
 1.67364000e-02  2.49900365e+00  3.92436375e+00  2.59441867e+00  2.59405186e+00 -3.24917558e-05 
 1.67414000e-02  2.49900146e+00  3.92463107e+00  2.59467620e+00  2.59439601e+00 -3.24897937e-05 
 1.67464000e-02  2.49900026e+00  3.92480576e+00  2.59484116e+00  2.59464786e+00 -3.24884972e-05 
 1.67514000e-02  2.49900004e+00  3.92488764e+00  2.59491339e+00  2.59480718e+00 -3.24878674e-05 
 1.67564000e-02  2.49900081e+00  3.92487664e+00  2.59489284e+00  2.59487380e+00 -3.24879050e-05 
 1.67614000e-02  2.49900256e+00  3.92477277e+00  2.59477950e+00  2.59484767e+00 -3.24886099e-05 
 1.67664000e-02  2.49900530e+00  3.92457612e+00  2.59457351e+00  2.59472881e+00 -3.24899816e-05 
 1.67714000e-02  2.49900903e+00  3.92428689e+00  2.59427504e+00  2.59451733e+00 -3.24920186e-05 
 1.67764000e-02  2.49901373e+00  3.92390534e+00  2.59388440e+00  2.59421343e+00 -3.24947191e-05 
 1.67814000e-02  2.49901940e+00  3.92343186e+00  2.59340195e+00  2.59381742e+00 -3.24980805e-05 
 1.67864000e-02  2.49902604e+00  3.92286689e+00  2.59282815e+00  2.59332966e+00 -3.25020995e-05 
 1.67914000e-02  2.49903364e+00  3.92221097e+00  2.59216356e+00  2.59275063e+00 -3.25067724e-05 
 1.67964000e-02  2.49904220e+00  3.92146474e+00  2.59140883e+00  2.59208088e+00 -3.25120947e-05 
 1.68014000e-02  2.49905170e+00  3.92062892e+00  2.59056466e+00  2.59132106e+00 -3.25180613e-05 
 1.68064000e-02  2.49906214e+00  3.91970429e+00  2.58963188e+00  2.59047190e+00 -3.25246665e-05 
 1.68114000e-02  2.49907350e+00  3.91869177e+00  2.58861138e+00  2.58953421e+00 -3.25319040e-05 
 1.68164000e-02  2.49908577e+00  3.91759231e+00  2.58750414e+00  2.58850890e+00 -3.25397669e-05 
 1.68214000e-02  2.49909895e+00  3.91640699e+00  2.58631123e+00  2.58739695e+00 -3.25482477e-05 
 1.68264000e-02  2.49911302e+00  3.91513693e+00  2.58503381e+00  2.58619943e+00 -3.25573382e-05 
 1.68314000e-02  2.49912796e+00  3.91378336e+00  2.58367309e+00  2.58491750e+00 -3.25670298e-05 
 1.68364000e-02  2.49914377e+00  3.91234760e+00  2.58223039e+00  2.58355239e+00 -3.25773132e-05 
 1.68414000e-02  2.49916042e+00  3.91083101e+00  2.58070711e+00  2.58210542e+00 -3.25881785e-05 
 1.68464000e-02  2.49917790e+00  3.90923508e+00  2.57910471e+00  2.58057798e+00 -3.25996153e-05 
 1.68514000e-02  2.49919618e+00  3.90756133e+00  2.57742474e+00  2.57897155e+00 -3.26116126e-05 
 1.68564000e-02  2.49921527e+00  3.90581138e+00  2.57566882e+00  2.57728768e+00 -3.26241589e-05 
 1.68614000e-02  2.49923512e+00  3.90398693e+00  2.57383866e+00  2.57552800e+00 -3.26372422e-05 
 1.68664000e-02  2.49925574e+00  3.90208975e+00  2.57193602e+00  2.57369421e+00 -3.26508497e-05 
 1.68714000e-02  2.49927708e+00  3.90012166e+00  2.56996274e+00  2.57178808e+00 -3.26649686e-05 
 1.68764000e-02  2.49929914e+00  3.89808458e+00  2.56792074e+00  2.56981146e+00 -3.26795850e-05 
 1.68814000e-02  2.49932189e+00  3.89598047e+00  2.56581200e+00  2.56776626e+00 -3.26946850e-05 
 1.68864000e-02  2.49934531e+00  3.89381139e+00  2.56363855e+00  2.56565447e+00 -3.27102539e-05 
 1.68914000e-02  2.49936938e+00  3.89157944e+00  2.56140252e+00  2.56347813e+00 -3.27262768e-05 
 1.68964000e-02  2.49939407e+00  3.88928677e+00  2.55910607e+00  2.56123936e+00 -3.27427380e-05 
 1.69014000e-02  2.49941935e+00  3.88693563e+00  2.55675144e+00  2.55894033e+00 -3.27596217e-05 
 1.69064000e-02  2.49944521e+00  3.88452831e+00  2.55434092e+00  2.55658328e+00 -3.27769115e-05 
 1.69114000e-02  2.49947162e+00  3.88206713e+00  2.55187684e+00  2.55417050e+00 -3.27945907e-05 
 1.69164000e-02  2.49949855e+00  3.87955451e+00  2.54936163e+00  2.55170435e+00 -3.28126420e-05 
 1.69214000e-02  2.49952597e+00  3.87699290e+00  2.54679772e+00  2.54918721e+00 -3.28310479e-05 
 1.69264000e-02  2.49955386e+00  3.87438478e+00  2.54418762e+00  2.54662156e+00 -3.28497906e-05 
 1.69314000e-02  2.49958220e+00  3.87173272e+00  2.54153389e+00  2.54400989e+00 -3.28688517e-05 
 1.69364000e-02  2.49961094e+00  3.86903930e+00  2.53883910e+00  2.54135475e+00 -3.28882127e-05 
 1.69414000e-02  2.49964007e+00  3.86630716e+00  2.53610591e+00  2.53865875e+00 -3.29078546e-05 
 1.69464000e-02  2.49966955e+00  3.86353897e+00  2.53333698e+00  2.53592451e+00 -3.29277584e-05 
 1.69514000e-02  2.49969936e+00  3.86073744e+00  2.53053503e+00  2.53315471e+00 -3.29479045e-05 
 1.69564000e-02  2.49972947e+00  3.85790532e+00  2.52770280e+00  2.53035208e+00 -3.29682732e-05 
 1.69614000e-02  2.49975984e+00  3.85504540e+00  2.52484308e+00  2.52751935e+00 -3.29888446e-05 
 1.69664000e-02  2.49979045e+00  3.85216047e+00  2.52195868e+00  2.52465930e+00 -3.30095985e-05 
 1.69714000e-02  2.49982127e+00  3.84925337e+00  2.51905241e+00  2.52177475e+00 -3.30305145e-05 
 1.69764000e-02  2.49985226e+00  3.84632697e+00  2.51612716e+00  2.51886853e+00 -3.30515721e-05 
 1.69814000e-02  2.49988340e+00  3.84338414e+00  2.51318579e+00  2.51594349e+00 -3.30727506e-05 
 1.69864000e-02  2.49991465e+00  3.84042778e+00  2.51023120e+00  2.51300252e+00 -3.30940291e-05 
 1.69914000e-02  2.49994599e+00  3.83746081e+00  2.50726630e+00  2.51004852e+00 -3.31153867e-05 
 1.69964000e-02  2.49997738e+00  3.83448615e+00  2.50429403e+00  2.50708438e+00 -3.31368022e-05 
 1.70014000e-02  2.50000880e+00  3.83150673e+00  2.50131730e+00  2.50411305e+00 -3.31582547e-05 
 1.70064000e-02  2.50004020e+00  3.82852550e+00  2.49833907e+00  2.50113745e+00 -3.31797228e-05 
 1.70114000e-02  2.50007157e+00  3.82554542e+00  2.49536227e+00  2.49816052e+00 -3.32011853e-05 
 1.70164000e-02  2.50010286e+00  3.82256941e+00  2.49238986e+00  2.49518520e+00 -3.32226211e-05 
 1.70214000e-02  2.50013406e+00  3.81960043e+00  2.48942476e+00  2.49221444e+00 -3.32440088e-05 
 1.70264000e-02  2.50016512e+00  3.81664143e+00  2.48646992e+00  2.48925118e+00 -3.32653274e-05 
 1.70314000e-02  2.50019601e+00  3.81369533e+00  2.48352827e+00  2.48629834e+00 -3.32865555e-05 
 1.70364000e-02  2.50022672e+00  3.81076504e+00  2.48060272e+00  2.48335887e+00 -3.33076722e-05 
 1.70414000e-02  2.50025720e+00  3.80785349e+00  2.47769618e+00  2.48043566e+00 -3.33286565e-05 
 1.70464000e-02  2.50028743e+00  3.80496357e+00  2.47481153e+00  2.47753163e+00 -3.33494875e-05 
 1.70514000e-02  2.50031737e+00  3.80209813e+00  2.47195164e+00  2.47464966e+00 -3.33701445e-05 
 1.70564000e-02  2.50034700e+00  3.79926003e+00  2.46911935e+00  2.47179260e+00 -3.33906069e-05 
 1.70614000e-02  2.50037629e+00  3.79645210e+00  2.46631747e+00  2.46896330e+00 -3.34108543e-05 
 1.70664000e-02  2.50040521e+00  3.79367712e+00  2.46354879e+00  2.46616457e+00 -3.34308666e-05 
 1.70714000e-02  2.50043372e+00  3.79093785e+00  2.46081608e+00  2.46339920e+00 -3.34506238e-05 
 1.70764000e-02  2.50046181e+00  3.78823704e+00  2.45812204e+00  2.46066994e+00 -3.34701061e-05 
 1.70814000e-02  2.50048944e+00  3.78557736e+00  2.45546937e+00  2.45797950e+00 -3.34892941e-05 
 1.70864000e-02  2.50051659e+00  3.78296147e+00  2.45286071e+00  2.45533057e+00 -3.35081685e-05 
 1.70914000e-02  2.50054323e+00  3.78039197e+00  2.45029867e+00  2.45272579e+00 -3.35267107e-05 
 1.70964000e-02  2.50056934e+00  3.77787144e+00  2.44778579e+00  2.45016776e+00 -3.35449018e-05 
 1.71014000e-02  2.50059488e+00  3.77540238e+00  2.44532459e+00  2.44765903e+00 -3.35627239e-05 
 1.71064000e-02  2.50061983e+00  3.77298727e+00  2.44291752e+00  2.44520210e+00 -3.35801589e-05 
 1.71114000e-02  2.50064418e+00  3.77062851e+00  2.44056699e+00  2.44279943e+00 -3.35971895e-05 
 1.71164000e-02  2.50066788e+00  3.76832846e+00  2.43827534e+00  2.44045341e+00 -3.36137986e-05 
 1.71214000e-02  2.50069093e+00  3.76608943e+00  2.43604488e+00  2.43816640e+00 -3.36299694e-05 
 1.71264000e-02  2.50071330e+00  3.76391364e+00  2.43387782e+00  2.43594067e+00 -3.36456858e-05 
 1.71314000e-02  2.50073496e+00  3.76180328e+00  2.43177634e+00  2.43377846e+00 -3.36609319e-05 
 1.71364000e-02  2.50075590e+00  3.75976046e+00  2.42974255e+00  2.43168192e+00 -3.36756925e-05 
 1.71414000e-02  2.50077609e+00  3.75778723e+00  2.42777846e+00  2.42965316e+00 -3.36899528e-05 
 1.71464000e-02  2.50079552e+00  3.75588555e+00  2.42588606e+00  2.42769420e+00 -3.37036983e-05 
 1.71514000e-02  2.50081416e+00  3.75405734e+00  2.42406724e+00  2.42580701e+00 -3.37169154e-05 
 1.71564000e-02  2.50083199e+00  3.75230442e+00  2.42232381e+00  2.42399348e+00 -3.37295906e-05 
 1.71614000e-02  2.50084901e+00  3.75062855e+00  2.42065754e+00  2.42225542e+00 -3.37417112e-05 
 1.71664000e-02  2.50086519e+00  3.74903142e+00  2.41907007e+00  2.42059458e+00 -3.37532650e-05 
 1.71714000e-02  2.50088051e+00  3.74751461e+00  2.41756302e+00  2.41901261e+00 -3.37642405e-05 
 1.71764000e-02  2.50089497e+00  3.74607966e+00  2.41613789e+00  2.41751111e+00 -3.37746264e-05 
 1.71814000e-02  2.50090854e+00  3.74472800e+00  2.41479610e+00  2.41609159e+00 -3.37844125e-05 
 1.71864000e-02  2.50092121e+00  3.74346099e+00  2.41353901e+00  2.41475545e+00 -3.37935888e-05 
 1.71914000e-02  2.50093298e+00  3.74227990e+00  2.41236787e+00  2.41350405e+00 -3.38021460e-05 
 1.71964000e-02  2.50094382e+00  3.74118591e+00  2.41128386e+00  2.41233864e+00 -3.38100756e-05 
 1.72014000e-02  2.50095374e+00  3.74018012e+00  2.41028807e+00  2.41126040e+00 -3.38173695e-05 
 1.72064000e-02  2.50096271e+00  3.73926354e+00  2.40938150e+00  2.41027039e+00 -3.38240204e-05 
 1.72114000e-02  2.50097073e+00  3.73843709e+00  2.40856505e+00  2.40936961e+00 -3.38300217e-05 
 1.72164000e-02  2.50097780e+00  3.73770160e+00  2.40783955e+00  2.40855898e+00 -3.38353672e-05 
 1.72214000e-02  2.50098390e+00  3.73705780e+00  2.40720572e+00  2.40783930e+00 -3.38400515e-05 
 1.72264000e-02  2.50098903e+00  3.73650635e+00  2.40666421e+00  2.40721129e+00 -3.38440699e-05 
 1.72314000e-02  2.50099318e+00  3.73604780e+00  2.40621555e+00  2.40667559e+00 -3.38474185e-05 
 1.72364000e-02  2.50099635e+00  3.73568260e+00  2.40586019e+00  2.40623273e+00 -3.38500937e-05 
 1.72414000e-02  2.50099854e+00  3.73541113e+00  2.40559850e+00  2.40588316e+00 -3.38520930e-05 
 1.72464000e-02  2.50099974e+00  3.73523366e+00  2.40543073e+00  2.40562722e+00 -3.38534142e-05 
 1.72514000e-02  2.50099996e+00  3.73515036e+00  2.40535705e+00  2.40546518e+00 -3.38540561e-05 
 1.72564000e-02  2.50099919e+00  3.73516131e+00  2.40537753e+00  2.40539720e+00 -3.38540181e-05 
 1.72614000e-02  2.50099744e+00  3.73526651e+00  2.40549216e+00  2.40542335e+00 -3.38533000e-05 
 1.72664000e-02  2.50099470e+00  3.73546585e+00  2.40570083e+00  2.40554359e+00 -3.38519028e-05 
 1.72714000e-02  2.50099097e+00  3.73575913e+00  2.40600331e+00  2.40575781e+00 -3.38498278e-05 
 1.72764000e-02  2.50098627e+00  3.73614606e+00  2.40639930e+00  2.40606579e+00 -3.38470771e-05 
 1.72814000e-02  2.50098060e+00  3.73662624e+00  2.40688842e+00  2.40646723e+00 -3.38436535e-05 
 1.72864000e-02  2.50097396e+00  3.73719919e+00  2.40747016e+00  2.40696172e+00 -3.38395604e-05 
 1.72914000e-02  2.50096636e+00  3.73786434e+00  2.40814394e+00  2.40754875e+00 -3.38348020e-05 
 1.72964000e-02  2.50095780e+00  3.73862102e+00  2.40890909e+00  2.40822776e+00 -3.38293831e-05 
 1.73014000e-02  2.50094830e+00  3.73946847e+00  2.40976484e+00  2.40899804e+00 -3.38233091e-05 
 1.73064000e-02  2.50093786e+00  3.74040584e+00  2.41071032e+00  2.40985883e+00 -3.38165863e-05 
 1.73114000e-02  2.50092650e+00  3.74143218e+00  2.41174459e+00  2.41080926e+00 -3.38092213e-05 
 1.73164000e-02  2.50091423e+00  3.74254647e+00  2.41286661e+00  2.41184838e+00 -3.38012216e-05 
 1.73214000e-02  2.50090105e+00  3.74374759e+00  2.41407525e+00  2.41297515e+00 -3.37925954e-05 
 1.73264000e-02  2.50088698e+00  3.74503433e+00  2.41536930e+00  2.41418843e+00 -3.37833511e-05 
 1.73314000e-02  2.50087204e+00  3.74640540e+00  2.41674747e+00  2.41548701e+00 -3.37734983e-05 
 1.73364000e-02  2.50085623e+00  3.74785942e+00  2.41820836e+00  2.41686958e+00 -3.37630469e-05 
 1.73414000e-02  2.50083958e+00  3.74939494e+00  2.41975052e+00  2.41833476e+00 -3.37520073e-05 
 1.73464000e-02  2.50082210e+00  3.75101042e+00  2.42137240e+00  2.41988108e+00 -3.37403906e-05 
 1.73514000e-02  2.50080382e+00  3.75270424e+00  2.42307236e+00  2.42150698e+00 -3.37282087e-05 
 1.73564000e-02  2.50078473e+00  3.75447469e+00  2.42484872e+00  2.42321084e+00 -3.37154737e-05 
 1.73614000e-02  2.50076488e+00  3.75632001e+00  2.42669968e+00  2.42499095e+00 -3.37021986e-05 
 1.73664000e-02  2.50074426e+00  3.75823834e+00  2.42862339e+00  2.42684552e+00 -3.36883965e-05 
 1.73714000e-02  2.50072292e+00  3.76022777e+00  2.43061793e+00  2.42877270e+00 -3.36740815e-05 
 1.73764000e-02  2.50070086e+00  3.76228630e+00  2.43268130e+00  2.43077056e+00 -3.36592678e-05 
 1.73814000e-02  2.50067811e+00  3.76441187e+00  2.43481143e+00  2.43283709e+00 -3.36439705e-05 
 1.73864000e-02  2.50065469e+00  3.76660236e+00  2.43700619e+00  2.43497023e+00 -3.36282048e-05 
 1.73914000e-02  2.50063062e+00  3.76885557e+00  2.43926339e+00  2.43716784e+00 -3.36119866e-05 
 1.73964000e-02  2.50060593e+00  3.77116925e+00  2.44158077e+00  2.43942773e+00 -3.35953323e-05 
 1.74014000e-02  2.50058065e+00  3.77354108e+00  2.44395600e+00  2.44174763e+00 -3.35782583e-05 
 1.74064000e-02  2.50055479e+00  3.77596870e+00  2.44638673e+00  2.44412523e+00 -3.35607820e-05 
 1.74114000e-02  2.50052838e+00  3.77844969e+00  2.44887052e+00  2.44655814e+00 -3.35429209e-05 
 1.74164000e-02  2.50050145e+00  3.78098155e+00  2.45140489e+00  2.44904395e+00 -3.35246927e-05 
 1.74214000e-02  2.50047403e+00  3.78356178e+00  2.45398730e+00  2.45158016e+00 -3.35061158e-05 
 1.74264000e-02  2.50044614e+00  3.78618778e+00  2.45661520e+00  2.45416425e+00 -3.34872088e-05 
 1.74314000e-02  2.50041780e+00  3.78885695e+00  2.45928594e+00  2.45679364e+00 -3.34679905e-05 
 1.74364000e-02  2.50038906e+00  3.79156663e+00  2.46199688e+00  2.45946570e+00 -3.34484802e-05 
 1.74414000e-02  2.50035993e+00  3.79431410e+00  2.46474530e+00  2.46217778e+00 -3.34286974e-05 
 1.74464000e-02  2.50033045e+00  3.79709665e+00  2.46752848e+00  2.46492716e+00 -3.34086618e-05 
 1.74514000e-02  2.50030064e+00  3.79991149e+00  2.47034365e+00  2.46771112e+00 -3.33883933e-05 
 1.74564000e-02  2.50027053e+00  3.80275582e+00  2.47318799e+00  2.47052689e+00 -3.33679123e-05 
 1.74614000e-02  2.50024016e+00  3.80562683e+00  2.47605869e+00  2.47337165e+00 -3.33472391e-05 
 1.74664000e-02  2.50020955e+00  3.80852165e+00  2.47895289e+00  2.47624258e+00 -3.33263942e-05 
 1.74714000e-02  2.50017873e+00  3.81143742e+00  2.48186772e+00  2.47913684e+00 -3.33053985e-05 
 1.74764000e-02  2.50014774e+00  3.81437123e+00  2.48480029e+00  2.48205154e+00 -3.32842728e-05 
 1.74814000e-02  2.50011660e+00  3.81732017e+00  2.48774767e+00  2.48498379e+00 -3.32630380e-05 
 1.74864000e-02  2.50008535e+00  3.82028133e+00  2.49070696e+00  2.48793068e+00 -3.32417153e-05 
 1.74914000e-02  2.50005401e+00  3.82325177e+00  2.49367522e+00  2.49088930e+00 -3.32203258e-05 
 1.74964000e-02  2.50002262e+00  3.82622855e+00  2.49664952e+00  2.49385671e+00 -3.31988907e-05 
 1.75014000e-02  2.49999120e+00  3.82920872e+00  2.49962690e+00  2.49682997e+00 -3.31774312e-05 
 1.75064000e-02  2.49995980e+00  3.83218933e+00  2.50260442e+00  2.49980614e+00 -3.31559685e-05 
 1.75114000e-02  2.49992843e+00  3.83516744e+00  2.50557915e+00  2.50278228e+00 -3.31345239e-05 
 1.75164000e-02  2.49989714e+00  3.83814011e+00  2.50854814e+00  2.50575545e+00 -3.31131185e-05 
 1.75214000e-02  2.49986594e+00  3.84110441e+00  2.51150847e+00  2.50872271e+00 -3.30917735e-05 
 1.75264000e-02  2.49983488e+00  3.84405741e+00  2.51445721e+00  2.51168113e+00 -3.30705099e-05 
 1.75314000e-02  2.49980399e+00  3.84699620e+00  2.51739146e+00  2.51462780e+00 -3.30493486e-05 
 1.75364000e-02  2.49977328e+00  3.84991788e+00  2.52030833e+00  2.51755981e+00 -3.30283105e-05 
 1.75414000e-02  2.49974280e+00  3.85281959e+00  2.52320495e+00  2.52047427e+00 -3.30074163e-05 
 1.75464000e-02  2.49971257e+00  3.85569847e+00  2.52607847e+00  2.52336832e+00 -3.29866864e-05 
 1.75514000e-02  2.49968263e+00  3.85855169e+00  2.52892606e+00  2.52623912e+00 -3.29661412e-05 
 1.75564000e-02  2.49965300e+00  3.86137645e+00  2.53174494e+00  2.52908383e+00 -3.29458008e-05 
 1.75614000e-02  2.49962371e+00  3.86416998e+00  2.53453234e+00  2.53189967e+00 -3.29256852e-05 
 1.75664000e-02  2.49959479e+00  3.86692953e+00  2.53728552e+00  2.53468388e+00 -3.29058141e-05 
 1.75714000e-02  2.49956628e+00  3.86965242e+00  2.54000179e+00  2.53743373e+00 -3.28862068e-05 
 1.75764000e-02  2.49953819e+00  3.87233596e+00  2.54267849e+00  2.54014652e+00 -3.28668826e-05 
 1.75814000e-02  2.49951056e+00  3.87497754e+00  2.54531300e+00  2.54281959e+00 -3.28478602e-05 
 1.75864000e-02  2.49948341e+00  3.87757458e+00  2.54790275e+00  2.54545035e+00 -3.28291583e-05 
 1.75914000e-02  2.49945677e+00  3.88012454e+00  2.55044520e+00  2.54803620e+00 -3.28107949e-05 
 1.75964000e-02  2.49943066e+00  3.88262493e+00  2.55293788e+00  2.55057463e+00 -3.27927880e-05 
 1.76014000e-02  2.49940512e+00  3.88507331e+00  2.55537836e+00  2.55306317e+00 -3.27751552e-05 
 1.76064000e-02  2.49938017e+00  3.88746730e+00  2.55776426e+00  2.55549938e+00 -3.27579134e-05 
 1.76114000e-02  2.49935582e+00  3.88980456e+00  2.56009325e+00  2.55788089e+00 -3.27410794e-05 
 1.76164000e-02  2.49933212e+00  3.89208283e+00  2.56236307e+00  2.56020538e+00 -3.27246696e-05 
 1.76214000e-02  2.49930907e+00  3.89429989e+00  2.56457151e+00  2.56247060e+00 -3.27086998e-05 
 1.76264000e-02  2.49928670e+00  3.89645358e+00  2.56671644e+00  2.56467433e+00 -3.26931854e-05 
 1.76314000e-02  2.49926504e+00  3.89854182e+00  2.56879576e+00  2.56681445e+00 -3.26781416e-05 
 1.76364000e-02  2.49924410e+00  3.90056257e+00  2.57080746e+00  2.56888886e+00 -3.26635827e-05 
 1.76414000e-02  2.49922391e+00  3.90251389e+00  2.57274959e+00  2.57089557e+00 -3.26495228e-05 
 1.76464000e-02  2.49920448e+00  3.90439387e+00  2.57462026e+00  2.57283262e+00 -3.26359756e-05 
 1.76514000e-02  2.49918584e+00  3.90620070e+00  2.57641768e+00  2.57469814e+00 -3.26229539e-05 
 1.76564000e-02  2.49916801e+00  3.90793263e+00  2.57814009e+00  2.57649032e+00 -3.26104705e-05 
 1.76614000e-02  2.49915099e+00  3.90958799e+00  2.57978584e+00  2.57820743e+00 -3.25985372e-05 
 1.76664000e-02  2.49913481e+00  3.91116518e+00  2.58135332e+00  2.57984781e+00 -3.25871656e-05 
 1.76714000e-02  2.49911949e+00  3.91266267e+00  2.58284104e+00  2.58140988e+00 -3.25763665e-05 
 1.76764000e-02  2.49910503e+00  3.91407901e+00  2.58424755e+00  2.58289211e+00 -3.25661504e-05 
 1.76814000e-02  2.49909146e+00  3.91541285e+00  2.58557150e+00  2.58429309e+00 -3.25565270e-05 
 1.76864000e-02  2.49907879e+00  3.91666289e+00  2.58681160e+00  2.58561147e+00 -3.25475055e-05 
 1.76914000e-02  2.49906702e+00  3.91782794e+00  2.58796668e+00  2.58684596e+00 -3.25390946e-05 
 1.76964000e-02  2.49905618e+00  3.91890686e+00  2.58903560e+00  2.58799539e+00 -3.25313024e-05 
 1.77014000e-02  2.49904626e+00  3.91989862e+00  2.59001734e+00  2.58905864e+00 -3.25241362e-05 
 1.77064000e-02  2.49903729e+00  3.92080227e+00  2.59091097e+00  2.59003469e+00 -3.25176030e-05 
 1.77114000e-02  2.49902927e+00  3.92161693e+00  2.59171561e+00  2.59092260e+00 -3.25117091e-05 
 1.77164000e-02  2.49902220e+00  3.92234182e+00  2.59243049e+00  2.59172152e+00 -3.25064599e-05 
 1.77214000e-02  2.49901610e+00  3.92297624e+00  2.59305493e+00  2.59243068e+00 -3.25018606e-05 
 1.77264000e-02  2.49901097e+00  3.92351959e+00  2.59358833e+00  2.59304940e+00 -3.24979156e-05 
 1.77314000e-02  2.49900682e+00  3.92397134e+00  2.59403017e+00  2.59357707e+00 -3.24946286e-05 
 1.77364000e-02  2.49900365e+00  3.92433105e+00  2.59438002e+00  2.59401320e+00 -3.24920027e-05 
 1.77414000e-02  2.49900146e+00  3.92459838e+00  2.59463756e+00  2.59435736e+00 -3.24900405e-05 
 1.77464000e-02  2.49900026e+00  3.92477308e+00  2.59480254e+00  2.59460923e+00 -3.24887438e-05 
 1.77514000e-02  2.49900004e+00  3.92485498e+00  2.59487479e+00  2.59476856e+00 -3.24881140e-05 
 1.77564000e-02  2.49900081e+00  3.92484398e+00  2.59485424e+00  2.59483519e+00 -3.24881515e-05 
 1.77614000e-02  2.49900256e+00  3.92474012e+00  2.59474092e+00  2.59480908e+00 -3.24888564e-05 
 1.77664000e-02  2.49900530e+00  3.92454348e+00  2.59453494e+00  2.59469023e+00 -3.24902280e-05 
 1.77714000e-02  2.49900903e+00  3.92425425e+00  2.59423649e+00  2.59447876e+00 -3.24922649e-05 
 1.77764000e-02  2.49901373e+00  3.92387272e+00  2.59384585e+00  2.59417488e+00 -3.24949654e-05 
 1.77814000e-02  2.49901940e+00  3.92339925e+00  2.59336341e+00  2.59377888e+00 -3.24983267e-05 
 1.77864000e-02  2.49902604e+00  3.92283428e+00  2.59278963e+00  2.59329113e+00 -3.25023456e-05 
 1.77914000e-02  2.49903364e+00  3.92217837e+00  2.59212506e+00  2.59271211e+00 -3.25070185e-05 
 1.77964000e-02  2.49904220e+00  3.92143215e+00  2.59137033e+00  2.59204238e+00 -3.25123407e-05 
 1.78014000e-02  2.49905170e+00  3.92059633e+00  2.59052617e+00  2.59128257e+00 -3.25183072e-05 
 1.78064000e-02  2.49906214e+00  3.91967172e+00  2.58959340e+00  2.59043341e+00 -3.25249124e-05 
 1.78114000e-02  2.49907350e+00  3.91865920e+00  2.58857291e+00  2.58949574e+00 -3.25321498e-05 
 1.78164000e-02  2.49908577e+00  3.91755975e+00  2.58746569e+00  2.58847043e+00 -3.25400127e-05 
 1.78214000e-02  2.49909895e+00  3.91637443e+00  2.58627279e+00  2.58735849e+00 -3.25484934e-05 
 1.78264000e-02  2.49911302e+00  3.91510438e+00  2.58499537e+00  2.58616098e+00 -3.25575839e-05 
 1.78314000e-02  2.49912796e+00  3.91375082e+00  2.58363466e+00  2.58487906e+00 -3.25672755e-05 
 1.78364000e-02  2.49914377e+00  3.91231505e+00  2.58219198e+00  2.58351396e+00 -3.25775589e-05 
 1.78414000e-02  2.49916042e+00  3.91079848e+00  2.58066870e+00  2.58206700e+00 -3.25884241e-05 
 1.78464000e-02  2.49917790e+00  3.90920254e+00  2.57906631e+00  2.58053957e+00 -3.25998609e-05 
 1.78514000e-02  2.49919618e+00  3.90752880e+00  2.57738635e+00  2.57893315e+00 -3.26118582e-05 
 1.78564000e-02  2.49921527e+00  3.90577886e+00  2.57563044e+00  2.57724929e+00 -3.26244045e-05 
 1.78614000e-02  2.49923512e+00  3.90395442e+00  2.57380029e+00  2.57548962e+00 -3.26374877e-05 
 1.78664000e-02  2.49925574e+00  3.90205723e+00  2.57189765e+00  2.57365584e+00 -3.26510952e-05 
 1.78714000e-02  2.49927708e+00  3.90008915e+00  2.56992438e+00  2.57174971e+00 -3.26652140e-05 
 1.78764000e-02  2.49929914e+00  3.89805207e+00  2.56788239e+00  2.56977310e+00 -3.26798305e-05 
 1.78814000e-02  2.49932189e+00  3.89594797e+00  2.56577365e+00  2.56772791e+00 -3.26949304e-05 
 1.78864000e-02  2.49934531e+00  3.89377889e+00  2.56360022e+00  2.56561612e+00 -3.27104994e-05 
 1.78914000e-02  2.49936938e+00  3.89154694e+00  2.56136419e+00  2.56343979e+00 -3.27265222e-05 
 1.78964000e-02  2.49939407e+00  3.88925428e+00  2.55906775e+00  2.56120103e+00 -3.27429834e-05 
 1.79014000e-02  2.49941935e+00  3.88690314e+00  2.55671312e+00  2.55890201e+00 -3.27598671e-05 
 1.79064000e-02  2.49944521e+00  3.88449582e+00  2.55430261e+00  2.55654496e+00 -3.27771569e-05 
 1.79114000e-02  2.49947162e+00  3.88203465e+00  2.55183854e+00  2.55413219e+00 -3.27948360e-05 
 1.79164000e-02  2.49949855e+00  3.87952203e+00  2.54932333e+00  2.55166604e+00 -3.28128873e-05 
 1.79214000e-02  2.49952597e+00  3.87696042e+00  2.54675943e+00  2.54914892e+00 -3.28312933e-05 
 1.79264000e-02  2.49955386e+00  3.87435231e+00  2.54414934e+00  2.54658327e+00 -3.28500359e-05 
 1.79314000e-02  2.49958220e+00  3.87170024e+00  2.54149561e+00  2.54397161e+00 -3.28690970e-05 
 1.79364000e-02  2.49961094e+00  3.86900683e+00  2.53880083e+00  2.54131648e+00 -3.28884579e-05 
 1.79414000e-02  2.49964007e+00  3.86627469e+00  2.53606764e+00  2.53862048e+00 -3.29080999e-05 
 1.79464000e-02  2.49966955e+00  3.86350650e+00  2.53329872e+00  2.53588624e+00 -3.29280037e-05 
 1.79514000e-02  2.49969936e+00  3.86070497e+00  2.53049677e+00  2.53311645e+00 -3.29481498e-05 
 1.79564000e-02  2.49972947e+00  3.85787286e+00  2.52766455e+00  2.53031382e+00 -3.29685185e-05 
 1.79614000e-02  2.49975984e+00  3.85501293e+00  2.52480484e+00  2.52748110e+00 -3.29890899e-05 
 1.79664000e-02  2.49979045e+00  3.85212801e+00  2.52192044e+00  2.52462106e+00 -3.30098438e-05 
 1.79714000e-02  2.49982127e+00  3.84922091e+00  2.51901418e+00  2.52173651e+00 -3.30307598e-05 
 1.79764000e-02  2.49985226e+00  3.84629451e+00  2.51608893e+00  2.51883029e+00 -3.30518174e-05 
 1.79814000e-02  2.49988340e+00  3.84335169e+00  2.51314757e+00  2.51590526e+00 -3.30729959e-05 
 1.79864000e-02  2.49991465e+00  3.84039533e+00  2.51019298e+00  2.51296430e+00 -3.30942743e-05 
 1.79914000e-02  2.49994599e+00  3.83742836e+00  2.50722810e+00  2.51001030e+00 -3.31156319e-05 
 1.79964000e-02  2.49997738e+00  3.83445370e+00  2.50425582e+00  2.50704617e+00 -3.31370475e-05 
 1.80014000e-02  2.50000880e+00  3.83147428e+00  2.50127910e+00  2.50407485e+00 -3.31584999e-05 
 1.80064000e-02  2.50004020e+00  3.82849306e+00  2.49830088e+00  2.50109925e+00 -3.31799680e-05 
 1.80114000e-02  2.50007157e+00  3.82551297e+00  2.49532409e+00  2.49812233e+00 -3.32014305e-05 
 1.80164000e-02  2.50010286e+00  3.82253697e+00  2.49235168e+00  2.49514702e+00 -3.32228663e-05 
 1.80214000e-02  2.50013406e+00  3.81956799e+00  2.48938659e+00  2.49217626e+00 -3.32442540e-05 
 1.80264000e-02  2.50016512e+00  3.81660899e+00  2.48643175e+00  2.48921300e+00 -3.32655725e-05 
 1.80314000e-02  2.50019601e+00  3.81366289e+00  2.48349011e+00  2.48626018e+00 -3.32868007e-05 
 1.80364000e-02  2.50022672e+00  3.81073261e+00  2.48056457e+00  2.48332071e+00 -3.33079174e-05 
 1.80414000e-02  2.50025720e+00  3.80782106e+00  2.47765803e+00  2.48039751e+00 -3.33289017e-05 
 1.80464000e-02  2.50028743e+00  3.80493114e+00  2.47477339e+00  2.47749348e+00 -3.33497326e-05 
 1.80514000e-02  2.50031737e+00  3.80206570e+00  2.47191350e+00  2.47461151e+00 -3.33703896e-05 
 1.80564000e-02  2.50034700e+00  3.79922761e+00  2.46908122e+00  2.47175446e+00 -3.33908520e-05 
 1.80614000e-02  2.50037629e+00  3.79641968e+00  2.46627934e+00  2.46892517e+00 -3.34110994e-05 
 1.80664000e-02  2.50040521e+00  3.79364470e+00  2.46351068e+00  2.46612645e+00 -3.34311117e-05 
 1.80714000e-02  2.50043372e+00  3.79090544e+00  2.46077797e+00  2.46336108e+00 -3.34508688e-05 
 1.80764000e-02  2.50046181e+00  3.78820463e+00  2.45808394e+00  2.46063183e+00 -3.34703511e-05 
 1.80814000e-02  2.50048944e+00  3.78554495e+00  2.45543128e+00  2.45794140e+00 -3.34895391e-05 
 1.80864000e-02  2.50051659e+00  3.78292906e+00  2.45282263e+00  2.45529248e+00 -3.35084135e-05 
 1.80914000e-02  2.50054323e+00  3.78035957e+00  2.45026059e+00  2.45268771e+00 -3.35269556e-05 
 1.80964000e-02  2.50056934e+00  3.77783904e+00  2.44774772e+00  2.45012968e+00 -3.35451468e-05 
 1.81014000e-02  2.50059488e+00  3.77536999e+00  2.44528652e+00  2.44762096e+00 -3.35629688e-05 
 1.81064000e-02  2.50061983e+00  3.77295488e+00  2.44287946e+00  2.44516404e+00 -3.35804038e-05 
 1.81114000e-02  2.50064418e+00  3.77059613e+00  2.44052894e+00  2.44276137e+00 -3.35974344e-05 
 1.81164000e-02  2.50066788e+00  3.76829608e+00  2.43823730e+00  2.44041536e+00 -3.36140434e-05 
 1.81214000e-02  2.50069093e+00  3.76605705e+00  2.43600685e+00  2.43812836e+00 -3.36302142e-05 
 1.81264000e-02  2.50071330e+00  3.76388127e+00  2.43383980e+00  2.43590264e+00 -3.36459305e-05 
 1.81314000e-02  2.50073496e+00  3.76177092e+00  2.43173833e+00  2.43374044e+00 -3.36611767e-05 
 1.81364000e-02  2.50075590e+00  3.75972811e+00  2.42970454e+00  2.43164391e+00 -3.36759373e-05 
 1.81414000e-02  2.50077609e+00  3.75775488e+00  2.42774047e+00  2.42961516e+00 -3.36901975e-05 
 1.81464000e-02  2.50079552e+00  3.75585321e+00  2.42584808e+00  2.42765621e+00 -3.37039430e-05 
 1.81514000e-02  2.50081416e+00  3.75402500e+00  2.42402926e+00  2.42576903e+00 -3.37171600e-05 
 1.81564000e-02  2.50083199e+00  3.75227209e+00  2.42228585e+00  2.42395550e+00 -3.37298351e-05 
 1.81614000e-02  2.50084901e+00  3.75059623e+00  2.42061958e+00  2.42221746e+00 -3.37419557e-05 
 1.81664000e-02  2.50086519e+00  3.74899910e+00  2.41903213e+00  2.42055662e+00 -3.37535095e-05 
 1.81714000e-02  2.50088051e+00  3.74748230e+00  2.41752509e+00  2.41897467e+00 -3.37644849e-05 
 1.81764000e-02  2.50089497e+00  3.74604735e+00  2.41609996e+00  2.41747318e+00 -3.37748708e-05 
 1.81814000e-02  2.50090854e+00  3.74469570e+00  2.41475818e+00  2.41605366e+00 -3.37846568e-05 
 1.81864000e-02  2.50092121e+00  3.74342870e+00  2.41350110e+00  2.41471754e+00 -3.37938330e-05 
 1.81914000e-02  2.50093298e+00  3.74224761e+00  2.41232998e+00  2.41346615e+00 -3.38023902e-05 
 1.81964000e-02  2.50094382e+00  3.74115363e+00  2.41124598e+00  2.41230075e+00 -3.38103197e-05 
 1.82014000e-02  2.50095374e+00  3.74014784e+00  2.41025020e+00  2.41122251e+00 -3.38176136e-05 
 1.82064000e-02  2.50096271e+00  3.73923127e+00  2.40934364e+00  2.41023252e+00 -3.38242645e-05 
 1.82114000e-02  2.50097073e+00  3.73840483e+00  2.40852720e+00  2.40933176e+00 -3.38302657e-05 
 1.82164000e-02  2.50097780e+00  3.73766935e+00  2.40780172e+00  2.40852113e+00 -3.38356111e-05 
 1.82214000e-02  2.50098390e+00  3.73702556e+00  2.40716790e+00  2.40780146e+00 -3.38402953e-05 
 1.82264000e-02  2.50098903e+00  3.73647412e+00  2.40662640e+00  2.40717347e+00 -3.38443137e-05 
 1.82314000e-02  2.50099318e+00  3.73601558e+00  2.40617775e+00  2.40663778e+00 -3.38476622e-05 
 1.82364000e-02  2.50099635e+00  3.73565039e+00  2.40582241e+00  2.40619493e+00 -3.38503374e-05 
 1.82414000e-02  2.50099854e+00  3.73537893e+00  2.40556072e+00  2.40584537e+00 -3.38523366e-05 
 1.82464000e-02  2.50099974e+00  3.73520146e+00  2.40539297e+00  2.40558945e+00 -3.38536577e-05 
 1.82514000e-02  2.50099996e+00  3.73511817e+00  2.40531930e+00  2.40542742e+00 -3.38542996e-05 
 1.82564000e-02  2.50099919e+00  3.73512913e+00  2.40533980e+00  2.40535946e+00 -3.38542614e-05 
 1.82614000e-02  2.50099744e+00  3.73523435e+00  2.40545445e+00  2.40538561e+00 -3.38535433e-05 
 1.82664000e-02  2.50099470e+00  3.73543370e+00  2.40566312e+00  2.40550587e+00 -3.38521460e-05 
 1.82714000e-02  2.50099097e+00  3.73572699e+00  2.40596562e+00  2.40572011e+00 -3.38500709e-05 
 1.82764000e-02  2.50098627e+00  3.73611392e+00  2.40636163e+00  2.40602810e+00 -3.38473201e-05 
 1.82814000e-02  2.50098060e+00  3.73659412e+00  2.40685076e+00  2.40642955e+00 -3.38438964e-05 
 1.82864000e-02  2.50097396e+00  3.73716708e+00  2.40743251e+00  2.40692406e+00 -3.38398032e-05 
 1.82914000e-02  2.50096636e+00  3.73783224e+00  2.40810631e+00  2.40751111e+00 -3.38350448e-05 
 1.82964000e-02  2.50095780e+00  3.73858893e+00  2.40887148e+00  2.40819013e+00 -3.38296258e-05 
 1.83014000e-02  2.50094830e+00  3.73943639e+00  2.40972724e+00  2.40896042e+00 -3.38235517e-05 
 1.83064000e-02  2.50093786e+00  3.74037377e+00  2.41067273e+00  2.40982123e+00 -3.38168288e-05 
 1.83114000e-02  2.50092650e+00  3.74140013e+00  2.41170702e+00  2.41077168e+00 -3.38094637e-05 
 1.83164000e-02  2.50091423e+00  3.74251443e+00  2.41282905e+00  2.41181082e+00 -3.38014639e-05 
 1.83214000e-02  2.50090105e+00  3.74371556e+00  2.41403771e+00  2.41293760e+00 -3.37928375e-05 
 1.83264000e-02  2.50088698e+00  3.74500231e+00  2.41533178e+00  2.41415090e+00 -3.37835932e-05 
 1.83314000e-02  2.50087204e+00  3.74637339e+00  2.41670996e+00  2.41544949e+00 -3.37737403e-05 
 1.83364000e-02  2.50085623e+00  3.74782743e+00  2.41817087e+00  2.41683208e+00 -3.37632887e-05 
 1.83414000e-02  2.50083958e+00  3.74936296e+00  2.41971305e+00  2.41829728e+00 -3.37522490e-05 
 1.83464000e-02  2.50082210e+00  3.75097845e+00  2.42133494e+00  2.41984361e+00 -3.37406323e-05 
 1.83514000e-02  2.50080382e+00  3.75267228e+00  2.42303492e+00  2.42146953e+00 -3.37284503e-05 
 1.83564000e-02  2.50078473e+00  3.75444275e+00  2.42481130e+00  2.42317340e+00 -3.37157152e-05 
 1.83614000e-02  2.50076488e+00  3.75628808e+00  2.42666227e+00  2.42495353e+00 -3.37024399e-05 
 1.83664000e-02  2.50074426e+00  3.75820643e+00  2.42858600e+00  2.42680812e+00 -3.36886377e-05 
 1.83714000e-02  2.50072292e+00  3.76019587e+00  2.43058056e+00  2.42873532e+00 -3.36743225e-05 
 1.83764000e-02  2.50070086e+00  3.76225442e+00  2.43264395e+00  2.43073319e+00 -3.36595088e-05 
 1.83814000e-02  2.50067811e+00  3.76438000e+00  2.43477410e+00  2.43279974e+00 -3.36442113e-05 
 1.83864000e-02  2.50065469e+00  3.76657050e+00  2.43696888e+00  2.43493290e+00 -3.36284456e-05 
 1.83914000e-02  2.50063062e+00  3.76882373e+00  2.43922609e+00  2.43713053e+00 -3.36122273e-05 
 1.83964000e-02  2.50060593e+00  3.77113742e+00  2.44154349e+00  2.43939043e+00 -3.35955728e-05 
 1.84014000e-02  2.50058065e+00  3.77350927e+00  2.44391875e+00  2.44171035e+00 -3.35784987e-05 
 1.84064000e-02  2.50055479e+00  3.77593691e+00  2.44634949e+00  2.44408797e+00 -3.35610223e-05 
 1.84114000e-02  2.50052838e+00  3.77841791e+00  2.44883330e+00  2.44652090e+00 -3.35431610e-05 
 1.84164000e-02  2.50050145e+00  3.78094979e+00  2.45136768e+00  2.44900673e+00 -3.35249327e-05 
 1.84214000e-02  2.50047403e+00  3.78353003e+00  2.45395012e+00  2.45154296e+00 -3.35063557e-05 
 1.84264000e-02  2.50044614e+00  3.78615605e+00  2.45657803e+00  2.45412707e+00 -3.34874485e-05 
 1.84314000e-02  2.50041780e+00  3.78882523e+00  2.45924880e+00  2.45675648e+00 -3.34682301e-05 
 1.84364000e-02  2.50038906e+00  3.79153492e+00  2.46195975e+00  2.45942856e+00 -3.34487197e-05 
 1.84414000e-02  2.50035993e+00  3.79428242e+00  2.46470820e+00  2.46214065e+00 -3.34289367e-05 
 1.84464000e-02  2.50033045e+00  3.79706497e+00  2.46749140e+00  2.46489006e+00 -3.34089010e-05 
 1.84514000e-02  2.50030064e+00  3.79987983e+00  2.47030658e+00  2.46767404e+00 -3.33886324e-05 
 1.84564000e-02  2.50027053e+00  3.80272419e+00  2.47315095e+00  2.47048982e+00 -3.33681512e-05 
 1.84614000e-02  2.50024016e+00  3.80559521e+00  2.47602167e+00  2.47333460e+00 -3.33474779e-05 
 1.84664000e-02  2.50020955e+00  3.80849005e+00  2.47891589e+00  2.47620556e+00 -3.33266329e-05 
 1.84714000e-02  2.50017873e+00  3.81140583e+00  2.48183074e+00  2.47909983e+00 -3.33056370e-05 
 1.84764000e-02  2.50014774e+00  3.81433966e+00  2.48476332e+00  2.48201455e+00 -3.32845111e-05 
 1.84814000e-02  2.50011660e+00  3.81728862e+00  2.48771073e+00  2.48494683e+00 -3.32632762e-05 
 1.84864000e-02  2.50008535e+00  3.82024980e+00  2.49067004e+00  2.48789374e+00 -3.32419534e-05 
 1.84914000e-02  2.50005401e+00  3.82322025e+00  2.49363832e+00  2.49085238e+00 -3.32205637e-05 
 1.84964000e-02  2.50002262e+00  3.82619704e+00  2.49661263e+00  2.49381981e+00 -3.31991285e-05 
 1.85014000e-02  2.49999120e+00  3.82917723e+00  2.49959004e+00  2.49679309e+00 -3.31776688e-05 
 1.85064000e-02  2.49995980e+00  3.83215786e+00  2.50256758e+00  2.49976928e+00 -3.31562060e-05 
 1.85114000e-02  2.49992843e+00  3.83513599e+00  2.50554233e+00  2.50274545e+00 -3.31347613e-05 
 1.85164000e-02  2.49989714e+00  3.83810868e+00  2.50851134e+00  2.50571863e+00 -3.31133558e-05 
 1.85214000e-02  2.49986594e+00  3.84107299e+00  2.51147169e+00  2.50868591e+00 -3.30920106e-05 
 1.85264000e-02  2.49983488e+00  3.84402600e+00  2.51442045e+00  2.51164435e+00 -3.30707469e-05 
 1.85314000e-02  2.49980399e+00  3.84696481e+00  2.51735472e+00  2.51459104e+00 -3.30495854e-05 
 1.85364000e-02  2.49977328e+00  3.84988651e+00  2.52027161e+00  2.51752307e+00 -3.30285472e-05 
 1.85414000e-02  2.49974280e+00  3.85278824e+00  2.52316825e+00  2.52043756e+00 -3.30076528e-05 
 1.85464000e-02  2.49971257e+00  3.85566714e+00  2.52604179e+00  2.52333163e+00 -3.29869227e-05 
 1.85514000e-02  2.49968263e+00  3.85852037e+00  2.52888941e+00  2.52620244e+00 -3.29663774e-05 
 1.85564000e-02  2.49965300e+00  3.86134515e+00  2.53170831e+00  2.52904718e+00 -3.29460369e-05 
 1.85614000e-02  2.49962371e+00  3.86413869e+00  2.53449573e+00  2.53186304e+00 -3.29259212e-05 
 1.85664000e-02  2.49959479e+00  3.86689827e+00  2.53724893e+00  2.53464727e+00 -3.29060499e-05 
 1.85714000e-02  2.49956628e+00  3.86962117e+00  2.53996522e+00  2.53739714e+00 -3.28864425e-05 
 1.85764000e-02  2.49953819e+00  3.87230473e+00  2.54264194e+00  2.54010995e+00 -3.28671181e-05 
 1.85814000e-02  2.49951056e+00  3.87494633e+00  2.54527647e+00  2.54278304e+00 -3.28480956e-05 
 1.85864000e-02  2.49948341e+00  3.87754338e+00  2.54786624e+00  2.54541382e+00 -3.28293935e-05 
 1.85914000e-02  2.49945677e+00  3.88009336e+00  2.55040871e+00  2.54799969e+00 -3.28110300e-05 
 1.85964000e-02  2.49943066e+00  3.88259376e+00  2.55290141e+00  2.55053814e+00 -3.27930230e-05 
 1.86014000e-02  2.49940512e+00  3.88504216e+00  2.55534191e+00  2.55302670e+00 -3.27753900e-05 
 1.86064000e-02  2.49938017e+00  3.88743616e+00  2.55772783e+00  2.55546293e+00 -3.27581481e-05 
 1.86114000e-02  2.49935582e+00  3.88977345e+00  2.56005684e+00  2.55784446e+00 -3.27413140e-05 
 1.86164000e-02  2.49933212e+00  3.89205173e+00  2.56232668e+00  2.56016897e+00 -3.27249040e-05 
 1.86214000e-02  2.49930907e+00  3.89426880e+00  2.56453514e+00  2.56243421e+00 -3.27089341e-05 
 1.86264000e-02  2.49928670e+00  3.89642251e+00  2.56668009e+00  2.56463796e+00 -3.26934196e-05 
 1.86314000e-02  2.49926504e+00  3.89851076e+00  2.56875942e+00  2.56677810e+00 -3.26783756e-05 
 1.86364000e-02  2.49924410e+00  3.90053153e+00  2.57077114e+00  2.56885253e+00 -3.26638166e-05 
 1.86414000e-02  2.49922391e+00  3.90248286e+00  2.57271329e+00  2.57085926e+00 -3.26497566e-05 
 1.86464000e-02  2.49920448e+00  3.90436286e+00  2.57458399e+00  2.57279633e+00 -3.26362092e-05 
 1.86514000e-02  2.49918584e+00  3.90616970e+00  2.57638142e+00  2.57466186e+00 -3.26231875e-05 
 1.86564000e-02  2.49916801e+00  3.90790165e+00  2.57810385e+00  2.57645406e+00 -3.26107039e-05 
 1.86614000e-02  2.49915099e+00  3.90955702e+00  2.57974961e+00  2.57817119e+00 -3.25987705e-05 
 1.86664000e-02  2.49913481e+00  3.91113422e+00  2.58131712e+00  2.57981159e+00 -3.25873988e-05 
 1.86714000e-02  2.49911949e+00  3.91263173e+00  2.58280485e+00  2.58137367e+00 -3.25765996e-05 
 1.86764000e-02  2.49910503e+00  3.91404809e+00  2.58421138e+00  2.58285592e+00 -3.25663834e-05 
 1.86814000e-02  2.49909146e+00  3.91538194e+00  2.58553534e+00  2.58425692e+00 -3.25567598e-05 
 1.86864000e-02  2.49907879e+00  3.91663199e+00  2.58677547e+00  2.58557531e+00 -3.25477383e-05 
 1.86914000e-02  2.49906702e+00  3.91779705e+00  2.58793055e+00  2.58680982e+00 -3.25393273e-05 
 1.86964000e-02  2.49905618e+00  3.91887599e+00  2.58899949e+00  2.58795927e+00 -3.25315349e-05 
 1.87014000e-02  2.49904626e+00  3.91986776e+00  2.58998125e+00  2.58902253e+00 -3.25243687e-05 
 1.87064000e-02  2.49903729e+00  3.92077142e+00  2.59087489e+00  2.58999860e+00 -3.25178354e-05 
 1.87114000e-02  2.49902927e+00  3.92158609e+00  2.59167955e+00  2.59088653e+00 -3.25119413e-05 
 1.87164000e-02  2.49902220e+00  3.92231099e+00  2.59239445e+00  2.59168547e+00 -3.25066921e-05 
 1.87214000e-02  2.49901610e+00  3.92294543e+00  2.59301890e+00  2.59239464e+00 -3.25020927e-05 
 1.87264000e-02  2.49901097e+00  3.92348878e+00  2.59355231e+00  2.59301337e+00 -3.24981476e-05 
 1.87314000e-02  2.49900682e+00  3.92394054e+00  2.59399417e+00  2.59354106e+00 -3.24948605e-05 
 1.87364000e-02  2.49900365e+00  3.92430027e+00  2.59434404e+00  2.59397720e+00 -3.24922345e-05 
 1.87414000e-02  2.49900146e+00  3.92456761e+00  2.59460159e+00  2.59432138e+00 -3.24902723e-05 
 1.87464000e-02  2.49900026e+00  3.92474232e+00  2.59476658e+00  2.59457326e+00 -3.24889755e-05 
 1.87514000e-02  2.49900004e+00  3.92482422e+00  2.59483884e+00  2.59473260e+00 -3.24883456e-05 
 1.87564000e-02  2.49900081e+00  3.92481324e+00  2.59481831e+00  2.59479925e+00 -3.24883830e-05 
 1.87614000e-02  2.49900256e+00  3.92470938e+00  2.59470500e+00  2.59477314e+00 -3.24890879e-05 
 1.87664000e-02  2.49900530e+00  3.92451275e+00  2.59449903e+00  2.59465430e+00 -3.24904594e-05 
 1.87714000e-02  2.49900903e+00  3.92422354e+00  2.59420059e+00  2.59444285e+00 -3.24924963e-05 
 1.87764000e-02  2.49901373e+00  3.92384201e+00  2.59380997e+00  2.59413898e+00 -3.24951966e-05 
 1.87814000e-02  2.49901940e+00  3.92336854e+00  2.59332754e+00  2.59374299e+00 -3.24985579e-05 
 1.87864000e-02  2.49902604e+00  3.92280359e+00  2.59275377e+00  2.59325526e+00 -3.25025768e-05 
 1.87914000e-02  2.49903364e+00  3.92214769e+00  2.59208920e+00  2.59267625e+00 -3.25072496e-05 
 1.87964000e-02  2.49904220e+00  3.92140147e+00  2.59133449e+00  2.59200652e+00 -3.25125717e-05 
 1.88014000e-02  2.49905170e+00  3.92056566e+00  2.59049034e+00  2.59124673e+00 -3.25185382e-05 
 1.88064000e-02  2.49906214e+00  3.91964105e+00  2.58955758e+00  2.59039758e+00 -3.25251433e-05 
 1.88114000e-02  2.49907350e+00  3.91862854e+00  2.58853710e+00  2.58945992e+00 -3.25323807e-05 
 1.88164000e-02  2.49908577e+00  3.91752909e+00  2.58742988e+00  2.58843462e+00 -3.25402436e-05 
 1.88214000e-02  2.49909895e+00  3.91634378e+00  2.58623700e+00  2.58732269e+00 -3.25487243e-05 
 1.88264000e-02  2.49911302e+00  3.91507373e+00  2.58495959e+00  2.58612519e+00 -3.25578147e-05 
 1.88314000e-02  2.49912796e+00  3.91372018e+00  2.58359889e+00  2.58484328e+00 -3.25675063e-05 
 1.88364000e-02  2.49914377e+00  3.91228442e+00  2.58215621e+00  2.58347819e+00 -3.25777896e-05 
 1.88414000e-02  2.49916042e+00  3.91076785e+00  2.58063294e+00  2.58203124e+00 -3.25886548e-05 
 1.88464000e-02  2.49917790e+00  3.90917192e+00  2.57903056e+00  2.58050382e+00 -3.26000915e-05 
 1.88514000e-02  2.49919618e+00  3.90749818e+00  2.57735061e+00  2.57889741e+00 -3.26120888e-05 
 1.88564000e-02  2.49921527e+00  3.90574824e+00  2.57559471e+00  2.57721355e+00 -3.26246350e-05 
 1.88614000e-02  2.49923512e+00  3.90392381e+00  2.57376456e+00  2.57545389e+00 -3.26377182e-05 
 1.88664000e-02  2.49925574e+00  3.90202663e+00  2.57186194e+00  2.57362011e+00 -3.26513258e-05 
 1.88714000e-02  2.49927708e+00  3.90005855e+00  2.56988867e+00  2.57171400e+00 -3.26654445e-05 
 1.88764000e-02  2.49929914e+00  3.89802147e+00  2.56784669e+00  2.56973739e+00 -3.26800610e-05 
 1.88814000e-02  2.49932189e+00  3.89591737e+00  2.56573796e+00  2.56769220e+00 -3.26951609e-05 
 1.88864000e-02  2.49934531e+00  3.89374830e+00  2.56356453e+00  2.56558043e+00 -3.27107298e-05 
 1.88914000e-02  2.49936938e+00  3.89151635e+00  2.56132851e+00  2.56340410e+00 -3.27267526e-05 
 1.88964000e-02  2.49939407e+00  3.88922369e+00  2.55903207e+00  2.56116534e+00 -3.27432138e-05 
 1.89014000e-02  2.49941935e+00  3.88687256e+00  2.55667745e+00  2.55886633e+00 -3.27600975e-05 
 1.89064000e-02  2.49944521e+00  3.88446524e+00  2.55426694e+00  2.55650929e+00 -3.27773873e-05 
 1.89114000e-02  2.49947162e+00  3.88200407e+00  2.55180288e+00  2.55409653e+00 -3.27950664e-05 
 1.89164000e-02  2.49949855e+00  3.87949145e+00  2.54928768e+00  2.55163038e+00 -3.28131177e-05 
 1.89214000e-02  2.49952597e+00  3.87692984e+00  2.54672378e+00  2.54911326e+00 -3.28315236e-05 
 1.89264000e-02  2.49955386e+00  3.87432173e+00  2.54411370e+00  2.54654762e+00 -3.28502662e-05 
 1.89314000e-02  2.49958220e+00  3.87166967e+00  2.54145997e+00  2.54393597e+00 -3.28693273e-05 
 1.89364000e-02  2.49961094e+00  3.86897626e+00  2.53876520e+00  2.54128084e+00 -3.28886883e-05 
 1.89414000e-02  2.49964007e+00  3.86624412e+00  2.53603202e+00  2.53858485e+00 -3.29083302e-05 
 1.89464000e-02  2.49966955e+00  3.86347593e+00  2.53326310e+00  2.53585062e+00 -3.29282340e-05 
 1.89514000e-02  2.49969936e+00  3.86067441e+00  2.53046116e+00  2.53308084e+00 -3.29483801e-05 
 1.89564000e-02  2.49972947e+00  3.85784230e+00  2.52762895e+00  2.53027821e+00 -3.29687488e-05 
 1.89614000e-02  2.49975984e+00  3.85498237e+00  2.52476924e+00  2.52744549e+00 -3.29893202e-05 
 1.89664000e-02  2.49979045e+00  3.85209745e+00  2.52188484e+00  2.52458546e+00 -3.30100741e-05 
 1.89714000e-02  2.49982127e+00  3.84919036e+00  2.51897859e+00  2.52170091e+00 -3.30309901e-05 
 1.89764000e-02  2.49985226e+00  3.84626396e+00  2.51605335e+00  2.51879470e+00 -3.30520477e-05 
 1.89814000e-02  2.49988340e+00  3.84332113e+00  2.51311199e+00  2.51586968e+00 -3.30732261e-05 
 1.89864000e-02  2.49991465e+00  3.84036478e+00  2.51015741e+00  2.51292872e+00 -3.30945046e-05 
 1.89914000e-02  2.49994599e+00  3.83739781e+00  2.50719253e+00  2.50997473e+00 -3.31158622e-05 
 1.89964000e-02  2.49997738e+00  3.83442315e+00  2.50422026e+00  2.50701061e+00 -3.31372777e-05 
 1.90014000e-02  2.50000880e+00  3.83144374e+00  2.50124355e+00  2.50403929e+00 -3.31587301e-05 
 1.90064000e-02  2.50004020e+00  3.82846252e+00  2.49826533e+00  2.50106370e+00 -3.31801982e-05 
 1.90114000e-02  2.50007157e+00  3.82548243e+00  2.49528854e+00  2.49808678e+00 -3.32016608e-05 
 1.90164000e-02  2.50010286e+00  3.82250643e+00  2.49231613e+00  2.49511147e+00 -3.32230965e-05 
 1.90214000e-02  2.50013406e+00  3.81953746e+00  2.48935105e+00  2.49214072e+00 -3.32444842e-05 
 1.90264000e-02  2.50016512e+00  3.81657846e+00  2.48639623e+00  2.48917747e+00 -3.32658027e-05 
 1.90314000e-02  2.50019601e+00  3.81363236e+00  2.48345459e+00  2.48622465e+00 -3.32870309e-05 
 1.90364000e-02  2.50022672e+00  3.81070208e+00  2.48052905e+00  2.48328518e+00 -3.33081476e-05 
 1.90414000e-02  2.50025720e+00  3.80779054e+00  2.47762252e+00  2.48036199e+00 -3.33291318e-05 
 1.90464000e-02  2.50028743e+00  3.80490062e+00  2.47473788e+00  2.47745797e+00 -3.33499628e-05 
 1.90514000e-02  2.50031737e+00  3.80203518e+00  2.47187800e+00  2.47457601e+00 -3.33706198e-05 
 1.90564000e-02  2.50034700e+00  3.79919709e+00  2.46904572e+00  2.47171896e+00 -3.33910821e-05 
 1.90614000e-02  2.50037629e+00  3.79638916e+00  2.46624386e+00  2.46888968e+00 -3.34113296e-05 
 1.90664000e-02  2.50040521e+00  3.79361419e+00  2.46347520e+00  2.46609096e+00 -3.34313418e-05 
 1.90714000e-02  2.50043372e+00  3.79087493e+00  2.46074250e+00  2.46332560e+00 -3.34510989e-05 
 1.90764000e-02  2.50046181e+00  3.78817412e+00  2.45804848e+00  2.46059635e+00 -3.34705812e-05 
 1.90814000e-02  2.50048944e+00  3.78551445e+00  2.45539582e+00  2.45790593e+00 -3.34897691e-05 
 1.90864000e-02  2.50051659e+00  3.78289857e+00  2.45278718e+00  2.45525702e+00 -3.35086436e-05 
 1.90914000e-02  2.50054323e+00  3.78032908e+00  2.45022514e+00  2.45265226e+00 -3.35271856e-05 
 1.90964000e-02  2.50056934e+00  3.77780855e+00  2.44771228e+00  2.45009424e+00 -3.35453768e-05 
 1.91014000e-02  2.50059488e+00  3.77533951e+00  2.44525109e+00  2.44758552e+00 -3.35631988e-05 
 1.91064000e-02  2.50061983e+00  3.77292440e+00  2.44284404e+00  2.44512861e+00 -3.35806338e-05 
 1.91114000e-02  2.50064418e+00  3.77056565e+00  2.44049352e+00  2.44272595e+00 -3.35976643e-05 
 1.91164000e-02  2.50066788e+00  3.76826561e+00  2.43820190e+00  2.44037995e+00 -3.36142733e-05 
 1.91214000e-02  2.50069093e+00  3.76602659e+00  2.43597145e+00  2.43809295e+00 -3.36304440e-05 
 1.91264000e-02  2.50071330e+00  3.76385081e+00  2.43380441e+00  2.43586724e+00 -3.36461604e-05 
 1.91314000e-02  2.50073496e+00  3.76174046e+00  2.43170295e+00  2.43370505e+00 -3.36614065e-05 
 1.91364000e-02  2.50075590e+00  3.75969765e+00  2.42966917e+00  2.43160853e+00 -3.36761670e-05 
 1.91414000e-02  2.50077609e+00  3.75772443e+00  2.42770510e+00  2.42957978e+00 -3.36904272e-05 
 1.91464000e-02  2.50079552e+00  3.75582276e+00  2.42581272e+00  2.42762084e+00 -3.37041727e-05 
 1.91514000e-02  2.50081416e+00  3.75399456e+00  2.42399392e+00  2.42573367e+00 -3.37173896e-05 
 1.91564000e-02  2.50083199e+00  3.75224165e+00  2.42225051e+00  2.42392016e+00 -3.37300647e-05 
 1.91614000e-02  2.50084901e+00  3.75056580e+00  2.42058425e+00  2.42218212e+00 -3.37421853e-05 
 1.91664000e-02  2.50086519e+00  3.74896867e+00  2.41899681e+00  2.42052129e+00 -3.37537390e-05 
 1.91714000e-02  2.50088051e+00  3.74745188e+00  2.41748978e+00  2.41893935e+00 -3.37647144e-05 
 1.91764000e-02  2.50089497e+00  3.74601695e+00  2.41606466e+00  2.41743787e+00 -3.37751002e-05 
 1.91814000e-02  2.50090854e+00  3.74466530e+00  2.41472290e+00  2.41601836e+00 -3.37848862e-05 
 1.91864000e-02  2.50092121e+00  3.74339830e+00  2.41346582e+00  2.41468225e+00 -3.37940623e-05 
 1.91914000e-02  2.50093298e+00  3.74221722e+00  2.41229471e+00  2.41343087e+00 -3.38026195e-05 
 1.91964000e-02  2.50094382e+00  3.74112325e+00  2.41121072e+00  2.41226549e+00 -3.38105490e-05 
 1.92014000e-02  2.50095374e+00  3.74011747e+00  2.41021495e+00  2.41118726e+00 -3.38178428e-05 
 1.92064000e-02  2.50096271e+00  3.73920091e+00  2.40930840e+00  2.41019727e+00 -3.38244936e-05 
 1.92114000e-02  2.50097073e+00  3.73837447e+00  2.40849198e+00  2.40929652e+00 -3.38304947e-05 
 1.92164000e-02  2.50097780e+00  3.73763900e+00  2.40776650e+00  2.40848591e+00 -3.38358401e-05 
 1.92214000e-02  2.50098390e+00  3.73699522e+00  2.40713270e+00  2.40776625e+00 -3.38405243e-05 
 1.92264000e-02  2.50098903e+00  3.73644379e+00  2.40659121e+00  2.40713827e+00 -3.38445426e-05 
 1.92314000e-02  2.50099318e+00  3.73598525e+00  2.40614257e+00  2.40660259e+00 -3.38478910e-05 
 1.92364000e-02  2.50099635e+00  3.73562007e+00  2.40578724e+00  2.40615975e+00 -3.38505661e-05 
 1.92414000e-02  2.50099854e+00  3.73534862e+00  2.40552557e+00  2.40581021e+00 -3.38525652e-05 
 1.92464000e-02  2.50099974e+00  3.73517116e+00  2.40535782e+00  2.40555430e+00 -3.38538863e-05 
 1.92514000e-02  2.50099996e+00  3.73508788e+00  2.40528417e+00  2.40539228e+00 -3.38545281e-05 
 1.92564000e-02  2.50099919e+00  3.73509885e+00  2.40530468e+00  2.40532433e+00 -3.38544899e-05 
 1.92614000e-02  2.50099744e+00  3.73520407e+00  2.40541934e+00  2.40535050e+00 -3.38537717e-05 
 1.92664000e-02  2.50099470e+00  3.73540344e+00  2.40562803e+00  2.40547077e+00 -3.38523743e-05 
 1.92714000e-02  2.50099097e+00  3.73569674e+00  2.40593054e+00  2.40568502e+00 -3.38502991e-05 
 1.92764000e-02  2.50098627e+00  3.73608368e+00  2.40632657e+00  2.40599303e+00 -3.38475483e-05 
 1.92814000e-02  2.50098060e+00  3.73656388e+00  2.40681571e+00  2.40639449e+00 -3.38441245e-05 
 1.92864000e-02  2.50097396e+00  3.73713686e+00  2.40739748e+00  2.40688901e+00 -3.38400312e-05 
 1.92914000e-02  2.50096636e+00  3.73780203e+00  2.40807129e+00  2.40747607e+00 -3.38352727e-05 
 1.92964000e-02  2.50095780e+00  3.73855873e+00  2.40883647e+00  2.40815511e+00 -3.38298536e-05 
 1.93014000e-02  2.50094830e+00  3.73940620e+00  2.40969224e+00  2.40892542e+00 -3.38237795e-05 
 1.93064000e-02  2.50093786e+00  3.74034359e+00  2.41063775e+00  2.40978624e+00 -3.38170564e-05 
 1.93114000e-02  2.50092650e+00  3.74136996e+00  2.41167205e+00  2.41073670e+00 -3.38096912e-05 
 1.93164000e-02  2.50091423e+00  3.74248427e+00  2.41279411e+00  2.41177585e+00 -3.38016914e-05 
 1.93214000e-02  2.50090105e+00  3.74368541e+00  2.41400278e+00  2.41290265e+00 -3.37930649e-05 
 1.93264000e-02  2.50088698e+00  3.74497218e+00  2.41529686e+00  2.41411596e+00 -3.37838205e-05 
 1.93314000e-02  2.50087204e+00  3.74634327e+00  2.41667506e+00  2.41541457e+00 -3.37739675e-05 
 1.93364000e-02  2.50085623e+00  3.74779732e+00  2.41813599e+00  2.41679718e+00 -3.37635158e-05 
 1.93414000e-02  2.50083958e+00  3.74933287e+00  2.41967818e+00  2.41826239e+00 -3.37524760e-05 
 1.93464000e-02  2.50082210e+00  3.75094837e+00  2.42130009e+00  2.41980874e+00 -3.37408592e-05 
 1.93514000e-02  2.50080382e+00  3.75264221e+00  2.42300009e+00  2.42143467e+00 -3.37286770e-05 
 1.93564000e-02  2.50078473e+00  3.75441269e+00  2.42477647e+00  2.42313857e+00 -3.37159418e-05 
 1.93614000e-02  2.50076488e+00  3.75625804e+00  2.42662747e+00  2.42491871e+00 -3.37026664e-05 
 1.93664000e-02  2.50074426e+00  3.75817640e+00  2.42855121e+00  2.42677331e+00 -3.36888641e-05 
 1.93714000e-02  2.50072292e+00  3.76016585e+00  2.43054579e+00  2.42870053e+00 -3.36745489e-05 
 1.93764000e-02  2.50070086e+00  3.76222441e+00  2.43260919e+00  2.43069842e+00 -3.36597350e-05 
 1.93814000e-02  2.50067811e+00  3.76435001e+00  2.43473936e+00  2.43276498e+00 -3.36444375e-05 
 1.93864000e-02  2.50065469e+00  3.76654052e+00  2.43693415e+00  2.43489816e+00 -3.36286716e-05 
 1.93914000e-02  2.50063062e+00  3.76879376e+00  2.43919139e+00  2.43709581e+00 -3.36124531e-05 
 1.93964000e-02  2.50060593e+00  3.77110747e+00  2.44150880e+00  2.43935573e+00 -3.35957985e-05 
 1.94014000e-02  2.50058065e+00  3.77347933e+00  2.44388408e+00  2.44167567e+00 -3.35787244e-05 
 1.94064000e-02  2.50055479e+00  3.77590699e+00  2.44631484e+00  2.44405330e+00 -3.35612478e-05 
 1.94114000e-02  2.50052838e+00  3.77838800e+00  2.44879866e+00  2.44648625e+00 -3.35433864e-05 
 1.94164000e-02  2.50050145e+00  3.78091990e+00  2.45133307e+00  2.44897210e+00 -3.35251580e-05 
 1.94214000e-02  2.50047403e+00  3.78350015e+00  2.45391552e+00  2.45150835e+00 -3.35065809e-05 
 1.94264000e-02  2.50044614e+00  3.78612619e+00  2.45654345e+00  2.45409247e+00 -3.34876736e-05 
 1.94314000e-02  2.50041780e+00  3.78879539e+00  2.45921424e+00  2.45672190e+00 -3.34684550e-05 
 1.94364000e-02  2.50038906e+00  3.79150509e+00  2.46192521e+00  2.45939400e+00 -3.34489445e-05 
 1.94414000e-02  2.50035993e+00  3.79425260e+00  2.46467368e+00  2.46210611e+00 -3.34291614e-05 
 1.94464000e-02  2.50033045e+00  3.79703517e+00  2.46745689e+00  2.46485554e+00 -3.34091255e-05 
 1.94514000e-02  2.50030064e+00  3.79985004e+00  2.47027210e+00  2.46763954e+00 -3.33888568e-05 
 1.94564000e-02  2.50027053e+00  3.80269441e+00  2.47311648e+00  2.47045534e+00 -3.33683755e-05 
 1.94614000e-02  2.50024016e+00  3.80556545e+00  2.47598722e+00  2.47330014e+00 -3.33477020e-05 
 1.94664000e-02  2.50020955e+00  3.80846031e+00  2.47888146e+00  2.47617111e+00 -3.33268569e-05 
 1.94714000e-02  2.50017873e+00  3.81137610e+00  2.48179633e+00  2.47906540e+00 -3.33058609e-05 
 1.94764000e-02  2.50014774e+00  3.81430995e+00  2.48472893e+00  2.48198014e+00 -3.32847349e-05 
 1.94814000e-02  2.50011660e+00  3.81725893e+00  2.48767636e+00  2.48491244e+00 -3.32634999e-05 
 1.94864000e-02  2.50008535e+00  3.82022012e+00  2.49063569e+00  2.48785937e+00 -3.32421769e-05 
 1.94914000e-02  2.50005401e+00  3.82319059e+00  2.49360399e+00  2.49081803e+00 -3.32207871e-05 
 1.94964000e-02  2.50002262e+00  3.82616740e+00  2.49657832e+00  2.49378548e+00 -3.31993517e-05 
 1.95014000e-02  2.49999120e+00  3.82914760e+00  2.49955574e+00  2.49675878e+00 -3.31778919e-05 
 1.95064000e-02  2.49995980e+00  3.83212825e+00  2.50253331e+00  2.49973499e+00 -3.31564290e-05 
 1.95114000e-02  2.49992843e+00  3.83510639e+00  2.50550807e+00  2.50271117e+00 -3.31349841e-05 
 1.95164000e-02  2.49989714e+00  3.83807910e+00  2.50847711e+00  2.50568438e+00 -3.31135784e-05 
 1.95214000e-02  2.49986594e+00  3.84104342e+00  2.51143747e+00  2.50865168e+00 -3.30922332e-05 
 1.95264000e-02  2.49983488e+00  3.84399646e+00  2.51438625e+00  2.51161014e+00 -3.30709693e-05 
 1.95314000e-02  2.49980399e+00  3.84693528e+00  2.51732054e+00  2.51455685e+00 -3.30498077e-05 
 1.95364000e-02  2.49977328e+00  3.84985700e+00  2.52023745e+00  2.51748890e+00 -3.30287693e-05 
 1.95414000e-02  2.49974280e+00  3.85275874e+00  2.52313411e+00  2.52040340e+00 -3.30078748e-05 
 1.95464000e-02  2.49971257e+00  3.85563765e+00  2.52600767e+00  2.52329749e+00 -3.29871446e-05 
 1.95514000e-02  2.49968263e+00  3.85849090e+00  2.52885531e+00  2.52616832e+00 -3.29665991e-05 
 1.95564000e-02  2.49965300e+00  3.86131570e+00  2.53167423e+00  2.52901308e+00 -3.29462585e-05 
 1.95614000e-02  2.49962371e+00  3.86410926e+00  2.53446167e+00  2.53182896e+00 -3.29261427e-05 
 1.95664000e-02  2.49959479e+00  3.86686885e+00  2.53721489e+00  2.53461321e+00 -3.29062712e-05 
 1.95714000e-02  2.49956628e+00  3.86959176e+00  2.53993120e+00  2.53736310e+00 -3.28866637e-05 
 1.95764000e-02  2.49953819e+00  3.87227534e+00  2.54260794e+00  2.54007593e+00 -3.28673392e-05 
 1.95814000e-02  2.49951056e+00  3.87491696e+00  2.54524249e+00  2.54274904e+00 -3.28483165e-05 
 1.95864000e-02  2.49948341e+00  3.87751403e+00  2.54783227e+00  2.54537983e+00 -3.28296143e-05 
 1.95914000e-02  2.49945677e+00  3.88006402e+00  2.55037477e+00  2.54796573e+00 -3.28112507e-05 
 1.95964000e-02  2.49943066e+00  3.88256444e+00  2.55286749e+00  2.55050420e+00 -3.27932436e-05 
 1.96014000e-02  2.49940512e+00  3.88501285e+00  2.55530800e+00  2.55299277e+00 -3.27756104e-05 
 1.96064000e-02  2.49938017e+00  3.88740687e+00  2.55769394e+00  2.55542902e+00 -3.27583684e-05 
 1.96114000e-02  2.49935582e+00  3.88974417e+00  2.56002297e+00  2.55781057e+00 -3.27415341e-05 
 1.96164000e-02  2.49933212e+00  3.89202247e+00  2.56229282e+00  2.56013510e+00 -3.27251240e-05 
 1.96214000e-02  2.49930907e+00  3.89423955e+00  2.56450131e+00  2.56240035e+00 -3.27091540e-05 
 1.96264000e-02  2.49928670e+00  3.89639327e+00  2.56664627e+00  2.56460413e+00 -3.26936394e-05 
 1.96314000e-02  2.49926504e+00  3.89848154e+00  2.56872563e+00  2.56674428e+00 -3.26785953e-05 
 1.96364000e-02  2.49924410e+00  3.90050232e+00  2.57073736e+00  2.56881873e+00 -3.26640362e-05 
 1.96414000e-02  2.49922391e+00  3.90245367e+00  2.57267953e+00  2.57082548e+00 -3.26499761e-05 
 1.96464000e-02  2.49920448e+00  3.90433368e+00  2.57455024e+00  2.57276256e+00 -3.26364286e-05 
 1.96514000e-02  2.49918584e+00  3.90614054e+00  2.57634769e+00  2.57462812e+00 -3.26234067e-05 
 1.96564000e-02  2.49916801e+00  3.90787250e+00  2.57807014e+00  2.57642034e+00 -3.26109230e-05 
 1.96614000e-02  2.49915099e+00  3.90952789e+00  2.57971592e+00  2.57813748e+00 -3.25989895e-05 
 1.96664000e-02  2.49913481e+00  3.91110510e+00  2.58128344e+00  2.57977790e+00 -3.25876177e-05 
 1.96714000e-02  2.49911949e+00  3.91260261e+00  2.58277119e+00  2.58133999e+00 -3.25768184e-05 
 1.96764000e-02  2.49910503e+00  3.91401899e+00  2.58417773e+00  2.58282226e+00 -3.25666020e-05 
 1.96814000e-02  2.49909146e+00  3.91535285e+00  2.58550171e+00  2.58422328e+00 -3.25569784e-05 
 1.96864000e-02  2.49907879e+00  3.91660292e+00  2.58674185e+00  2.58554168e+00 -3.25479567e-05 
 1.96914000e-02  2.49906702e+00  3.91776799e+00  2.58789695e+00  2.58677621e+00 -3.25395456e-05 
 1.96964000e-02  2.49905618e+00  3.91884694e+00  2.58896591e+00  2.58792567e+00 -3.25317532e-05 
 1.97014000e-02  2.49904626e+00  3.91983872e+00  2.58994768e+00  2.58898895e+00 -3.25245869e-05 
 1.97064000e-02  2.49903729e+00  3.92074239e+00  2.59084134e+00  2.58996503e+00 -3.25180535e-05 
 1.97114000e-02  2.49902927e+00  3.92155707e+00  2.59164601e+00  2.59085298e+00 -3.25121593e-05 
 1.97164000e-02  2.49902220e+00  3.92228199e+00  2.59236092e+00  2.59165193e+00 -3.25069100e-05 
 1.97214000e-02  2.49901610e+00  3.92291643e+00  2.59298539e+00  2.59236111e+00 -3.25023105e-05 
 1.97264000e-02  2.49901097e+00  3.92345980e+00  2.59351881e+00  2.59297986e+00 -3.24983653e-05 
 1.97314000e-02  2.49900682e+00  3.92391157e+00  2.59396068e+00  2.59350756e+00 -3.24950781e-05 
 1.97364000e-02  2.49900365e+00  3.92427130e+00  2.59431057e+00  2.59394372e+00 -3.24924521e-05 
 1.97414000e-02  2.49900146e+00  3.92453866e+00  2.59456813e+00  2.59428791e+00 -3.24904898e-05 
 1.97464000e-02  2.49900026e+00  3.92471337e+00  2.59473313e+00  2.59453980e+00 -3.24891930e-05 
 1.97514000e-02  2.49900004e+00  3.92479528e+00  2.59480541e+00  2.59469915e+00 -3.24885629e-05 
 1.97564000e-02  2.49900081e+00  3.92478431e+00  2.59478489e+00  2.59476582e+00 -3.24886003e-05 
 1.97614000e-02  2.49900256e+00  3.92468046e+00  2.59467159e+00  2.59473972e+00 -3.24893051e-05 
 1.97664000e-02  2.49900530e+00  3.92448384e+00  2.59446563e+00  2.59462090e+00 -3.24906765e-05 
 1.97714000e-02  2.49900903e+00  3.92419463e+00  2.59416720e+00  2.59440945e+00 -3.24927134e-05 
 1.97764000e-02  2.49901373e+00  3.92381312e+00  2.59377659e+00  2.59410560e+00 -3.24954137e-05 
 1.97814000e-02  2.49901940e+00  3.92333966e+00  2.59329418e+00  2.59370962e+00 -3.24987748e-05 
 1.97864000e-02  2.49902604e+00  3.92277471e+00  2.59272041e+00  2.59322189e+00 -3.25027937e-05 
 1.97914000e-02  2.49903364e+00  3.92211881e+00  2.59205586e+00  2.59264290e+00 -3.25074664e-05 
 1.97964000e-02  2.49904220e+00  3.92137260e+00  2.59130115e+00  2.59197318e+00 -3.25127886e-05 
 1.98014000e-02  2.49905170e+00  3.92053680e+00  2.59045702e+00  2.59121339e+00 -3.25187550e-05 
 1.98064000e-02  2.49906214e+00  3.91961220e+00  2.58952427e+00  2.59036426e+00 -3.25253601e-05 
 1.98114000e-02  2.49907350e+00  3.91859969e+00  2.58850380e+00  2.58942660e+00 -3.25325974e-05 
 1.98164000e-02  2.49908577e+00  3.91750025e+00  2.58739659e+00  2.58840132e+00 -3.25404602e-05 
 1.98214000e-02  2.49909895e+00  3.91631494e+00  2.58620371e+00  2.58728940e+00 -3.25489409e-05 
 1.98264000e-02  2.49911302e+00  3.91504490e+00  2.58492631e+00  2.58609191e+00 -3.25580313e-05 
 1.98314000e-02  2.49912796e+00  3.91369135e+00  2.58356562e+00  2.58481000e+00 -3.25677228e-05 
 1.98364000e-02  2.49914377e+00  3.91225560e+00  2.58212295e+00  2.58344492e+00 -3.25780061e-05 
 1.98414000e-02  2.49916042e+00  3.91073903e+00  2.58059969e+00  2.58199798e+00 -3.25888713e-05 
 1.98464000e-02  2.49917790e+00  3.90914311e+00  2.57899732e+00  2.58047056e+00 -3.26003080e-05 
 1.98514000e-02  2.49919618e+00  3.90746937e+00  2.57731737e+00  2.57886416e+00 -3.26123052e-05 
 1.98564000e-02  2.49921527e+00  3.90571944e+00  2.57556148e+00  2.57718032e+00 -3.26248514e-05 
 1.98614000e-02  2.49923512e+00  3.90389501e+00  2.57373134e+00  2.57542066e+00 -3.26379346e-05 
 1.98664000e-02  2.49925574e+00  3.90199783e+00  2.57182872e+00  2.57358689e+00 -3.26515421e-05 
 1.98714000e-02  2.49927708e+00  3.90002975e+00  2.56985546e+00  2.57168078e+00 -3.26656609e-05 
 1.98764000e-02  2.49929914e+00  3.89799268e+00  2.56781349e+00  2.56970418e+00 -3.26802773e-05 
 1.98814000e-02  2.49932189e+00  3.89588859e+00  2.56570476e+00  2.56765900e+00 -3.26953772e-05 
 1.98864000e-02  2.49934531e+00  3.89371952e+00  2.56353134e+00  2.56554723e+00 -3.27109461e-05 
 1.98914000e-02  2.49936938e+00  3.89148757e+00  2.56129533e+00  2.56337091e+00 -3.27269688e-05 
 1.98964000e-02  2.49939407e+00  3.88919491e+00  2.55899890e+00  2.56113216e+00 -3.27434300e-05 
 1.99014000e-02  2.49941935e+00  3.88684378e+00  2.55664428e+00  2.55883315e+00 -3.27603137e-05 
 1.99064000e-02  2.49944521e+00  3.88443646e+00  2.55423378e+00  2.55647612e+00 -3.27776035e-05 
 1.99114000e-02  2.49947162e+00  3.88197530e+00  2.55176972e+00  2.55406336e+00 -3.27952826e-05 
 1.99164000e-02  2.49949855e+00  3.87946269e+00  2.54925453e+00  2.55159723e+00 -3.28133339e-05 
 1.99214000e-02  2.49952597e+00  3.87690108e+00  2.54669064e+00  2.54908011e+00 -3.28317398e-05 
 1.99264000e-02  2.49955386e+00  3.87429297e+00  2.54408056e+00  2.54651448e+00 -3.28504824e-05 
 1.99314000e-02  2.49958220e+00  3.87164091e+00  2.54142684e+00  2.54390282e+00 -3.28695435e-05 
 1.99364000e-02  2.49961094e+00  3.86894750e+00  2.53873207e+00  2.54124770e+00 -3.28889044e-05 
 1.99414000e-02  2.49964007e+00  3.86621536e+00  2.53599889e+00  2.53855172e+00 -3.29085464e-05 
 1.99464000e-02  2.49966955e+00  3.86344718e+00  2.53322998e+00  2.53581749e+00 -3.29284501e-05 
 1.99514000e-02  2.49969936e+00  3.86064566e+00  2.53042805e+00  2.53304772e+00 -3.29485962e-05 
 1.99564000e-02  2.49972947e+00  3.85781355e+00  2.52759584e+00  2.53024509e+00 -3.29689649e-05 
 1.99614000e-02  2.49975984e+00  3.85495363e+00  2.52473613e+00  2.52741238e+00 -3.29895363e-05 
 1.99664000e-02  2.49979045e+00  3.85206870e+00  2.52185174e+00  2.52455235e+00 -3.30102902e-05 
 1.99714000e-02  2.49982127e+00  3.84916162e+00  2.51894550e+00  2.52166781e+00 -3.30312062e-05 
 1.99764000e-02  2.49985226e+00  3.84623522e+00  2.51602026e+00  2.51876161e+00 -3.30522637e-05 
 1.99814000e-02  2.49988340e+00  3.84329239e+00  2.51307890e+00  2.51583659e+00 -3.30734422e-05 
 1.99864000e-02  2.49991465e+00  3.84033604e+00  2.51012433e+00  2.51289564e+00 -3.30947207e-05 
 1.99914000e-02  2.49994599e+00  3.83736907e+00  2.50715945e+00  2.50994165e+00 -3.31160782e-05 
 1.99964000e-02  2.49997738e+00  3.83439442e+00  2.50418719e+00  2.50697753e+00 -3.31374938e-05 
 2.00014000e-02  2.50000880e+00  3.83141501e+00  2.50121048e+00  2.50400622e+00 -3.31589462e-05 
 2.00064000e-02  2.50004020e+00  3.82843379e+00  2.49823227e+00  2.50103063e+00 -3.31804143e-05 
 2.00114000e-02  2.50007157e+00  3.82545370e+00  2.49525549e+00  2.49805372e+00 -3.32018768e-05 
 2.00164000e-02  2.50010286e+00  3.82247770e+00  2.49228309e+00  2.49507842e+00 -3.32233125e-05 
 2.00214000e-02  2.50013406e+00  3.81950874e+00  2.48931801e+00  2.49210767e+00 -3.32447003e-05 
 2.00264000e-02  2.50016512e+00  3.81654974e+00  2.48636319e+00  2.48914443e+00 -3.32660187e-05 
 2.00314000e-02  2.50019601e+00  3.81360364e+00  2.48342156e+00  2.48619161e+00 -3.32872469e-05 
 2.00364000e-02  2.50022672e+00  3.81067337e+00  2.48049603e+00  2.48325215e+00 -3.33083635e-05 
 2.00414000e-02  2.50025720e+00  3.80776182e+00  2.47758950e+00  2.48032897e+00 -3.33293478e-05 
 2.00464000e-02  2.50028743e+00  3.80487190e+00  2.47470487e+00  2.47742495e+00 -3.33501788e-05 
 2.00514000e-02  2.50031737e+00  3.80200647e+00  2.47184500e+00  2.47454300e+00 -3.33708357e-05 
 2.00564000e-02  2.50034700e+00  3.79916839e+00  2.46901272e+00  2.47168596e+00 -3.33912981e-05 
 2.00614000e-02  2.50037629e+00  3.79636046e+00  2.46621086e+00  2.46885668e+00 -3.34115455e-05 
 2.00664000e-02  2.50040521e+00  3.79358549e+00  2.46344221e+00  2.46605797e+00 -3.34315577e-05 
 2.00714000e-02  2.50043372e+00  3.79084623e+00  2.46070951e+00  2.46329261e+00 -3.34513148e-05 
 2.00764000e-02  2.50046181e+00  3.78814543e+00  2.45801550e+00  2.46056337e+00 -3.34707970e-05 
 2.00814000e-02  2.50048944e+00  3.78548576e+00  2.45536285e+00  2.45787296e+00 -3.34899850e-05 
 2.00864000e-02  2.50051659e+00  3.78286988e+00  2.45275421e+00  2.45522405e+00 -3.35088594e-05 
 2.00914000e-02  2.50054323e+00  3.78030039e+00  2.45019219e+00  2.45261929e+00 -3.35274015e-05 
 2.00964000e-02  2.50056934e+00  3.77777987e+00  2.44767933e+00  2.45006128e+00 -3.35455926e-05 
 2.01014000e-02  2.50059488e+00  3.77531083e+00  2.44521815e+00  2.44755257e+00 -3.35634145e-05 
 2.01064000e-02  2.50061983e+00  3.77289573e+00  2.44281110e+00  2.44509567e+00 -3.35808495e-05 
 2.01114000e-02  2.50064418e+00  3.77053698e+00  2.44046060e+00  2.44269302e+00 -3.35978800e-05 
 2.01164000e-02  2.50066788e+00  3.76823695e+00  2.43816898e+00  2.44034702e+00 -3.36144890e-05 
 2.01214000e-02  2.50069093e+00  3.76599792e+00  2.43593854e+00  2.43806003e+00 -3.36306597e-05 
 2.01264000e-02  2.50071330e+00  3.76382215e+00  2.43377151e+00  2.43583433e+00 -3.36463760e-05 
 2.01314000e-02  2.50073496e+00  3.76171181e+00  2.43167005e+00  2.43367214e+00 -3.36616221e-05 
 2.01364000e-02  2.50075590e+00  3.75966901e+00  2.42963628e+00  2.43157563e+00 -3.36763826e-05 
 2.01414000e-02  2.50077609e+00  3.75769579e+00  2.42767222e+00  2.42954689e+00 -3.36906427e-05 
 2.01464000e-02  2.50079552e+00  3.75579412e+00  2.42577985e+00  2.42758796e+00 -3.37043882e-05 
 2.01514000e-02  2.50081416e+00  3.75396593e+00  2.42396105e+00  2.42570080e+00 -3.37176051e-05 
 2.01564000e-02  2.50083199e+00  3.75221303e+00  2.42221765e+00  2.42388730e+00 -3.37302801e-05 
 2.01614000e-02  2.50084901e+00  3.75053718e+00  2.42055141e+00  2.42214926e+00 -3.37424006e-05 
 2.01664000e-02  2.50086519e+00  3.74894006e+00  2.41896397e+00  2.42048845e+00 -3.37539543e-05 
 2.01714000e-02  2.50088051e+00  3.74742328e+00  2.41745695e+00  2.41890651e+00 -3.37649296e-05 
 2.01764000e-02  2.50089497e+00  3.74598834e+00  2.41603184e+00  2.41740504e+00 -3.37753155e-05 
 2.01814000e-02  2.50090854e+00  3.74463670e+00  2.41469009e+00  2.41598554e+00 -3.37851014e-05 
 2.01864000e-02  2.50092121e+00  3.74336971e+00  2.41343303e+00  2.41464944e+00 -3.37942775e-05 
 2.01914000e-02  2.50093298e+00  3.74218864e+00  2.41226192e+00  2.41339807e+00 -3.38028346e-05 
 2.01964000e-02  2.50094382e+00  3.74109467e+00  2.41117794e+00  2.41223270e+00 -3.38107640e-05 
 2.02014000e-02  2.50095374e+00  3.74008890e+00  2.41018218e+00  2.41115448e+00 -3.38180578e-05 
 2.02064000e-02  2.50096271e+00  3.73917234e+00  2.40927564e+00  2.41016450e+00 -3.38247086e-05 
 2.02114000e-02  2.50097073e+00  3.73834592e+00  2.40845923e+00  2.40926376e+00 -3.38307096e-05 
 2.02164000e-02  2.50097780e+00  3.73761045e+00  2.40773376e+00  2.40845316e+00 -3.38360549e-05 
 2.02214000e-02  2.50098390e+00  3.73696668e+00  2.40709997e+00  2.40773351e+00 -3.38407391e-05 
 2.02264000e-02  2.50098903e+00  3.73641525e+00  2.40655849e+00  2.40710554e+00 -3.38447573e-05 
 2.02314000e-02  2.50099318e+00  3.73595673e+00  2.40610987e+00  2.40656987e+00 -3.38481057e-05 
 2.02364000e-02  2.50099635e+00  3.73559156e+00  2.40575455e+00  2.40612705e+00 -3.38507807e-05 
 2.02414000e-02  2.50099854e+00  3.73532011e+00  2.40549289e+00  2.40577751e+00 -3.38527798e-05 
 2.02464000e-02  2.50099974e+00  3.73514266e+00  2.40532516e+00  2.40552162e+00 -3.38541008e-05 
 2.02514000e-02  2.50099996e+00  3.73505939e+00  2.40525151e+00  2.40535962e+00 -3.38547425e-05 
 2.02564000e-02  2.50099919e+00  3.73507037e+00  2.40527204e+00  2.40529167e+00 -3.38547042e-05 
 2.02614000e-02  2.50099744e+00  3.73517560e+00  2.40538671e+00  2.40531785e+00 -3.38539860e-05 
 2.02664000e-02  2.50099470e+00  3.73537497e+00  2.40559541e+00  2.40543814e+00 -3.38525885e-05 
 2.02714000e-02  2.50099097e+00  3.73566828e+00  2.40589793e+00  2.40565240e+00 -3.38505133e-05 
 2.02764000e-02  2.50098627e+00  3.73605524e+00  2.40629397e+00  2.40596042e+00 -3.38477623e-05 
 2.02814000e-02  2.50098060e+00  3.73653545e+00  2.40678313e+00  2.40636190e+00 -3.38443384e-05 
 2.02864000e-02  2.50097396e+00  3.73710843e+00  2.40736491e+00  2.40685643e+00 -3.38402451e-05 
 2.02914000e-02  2.50096636e+00  3.73777362e+00  2.40803873e+00  2.40744351e+00 -3.38354865e-05 
 2.02964000e-02  2.50095780e+00  3.73853033e+00  2.40880392e+00  2.40812255e+00 -3.38300673e-05 
 2.03014000e-02  2.50094830e+00  3.73937781e+00  2.40965971e+00  2.40889288e+00 -3.38239931e-05 
 2.03064000e-02  2.50093786e+00  3.74031521e+00  2.41060524e+00  2.40975371e+00 -3.38172700e-05 
 2.03114000e-02  2.50092650e+00  3.74134159e+00  2.41163955e+00  2.41070419e+00 -3.38099047e-05 
 2.03164000e-02  2.50091423e+00  3.74245591e+00  2.41276162e+00  2.41174335e+00 -3.38019048e-05 
 2.03214000e-02  2.50090105e+00  3.74365706e+00  2.41397031e+00  2.41287016e+00 -3.37932782e-05 
 2.03264000e-02  2.50088698e+00  3.74494384e+00  2.41526440e+00  2.41408349e+00 -3.37840337e-05 
 2.03314000e-02  2.50087204e+00  3.74631494e+00  2.41664262e+00  2.41538212e+00 -3.37741806e-05 
 2.03364000e-02  2.50085623e+00  3.74776900e+00  2.41810356e+00  2.41676473e+00 -3.37637288e-05 
 2.03414000e-02  2.50083958e+00  3.74930456e+00  2.41964576e+00  2.41822996e+00 -3.37526889e-05 
 2.03464000e-02  2.50082210e+00  3.75092008e+00  2.42126769e+00  2.41977632e+00 -3.37410720e-05 
 2.03514000e-02  2.50080382e+00  3.75261393e+00  2.42296770e+00  2.42140228e+00 -3.37288897e-05 
 2.03564000e-02  2.50078473e+00  3.75438442e+00  2.42474410e+00  2.42310618e+00 -3.37161545e-05 
 2.03614000e-02  2.50076488e+00  3.75622978e+00  2.42659511e+00  2.42488634e+00 -3.37028789e-05 
 2.03664000e-02  2.50074426e+00  3.75814815e+00  2.42851888e+00  2.42674096e+00 -3.36890766e-05 
 2.03714000e-02  2.50072292e+00  3.76013762e+00  2.43051347e+00  2.42866819e+00 -3.36747612e-05 
 2.03764000e-02  2.50070086e+00  3.76219619e+00  2.43257688e+00  2.43066610e+00 -3.36599472e-05 
 2.03814000e-02  2.50067811e+00  3.76432180e+00  2.43470707e+00  2.43273268e+00 -3.36446496e-05 
 2.03864000e-02  2.50065469e+00  3.76651233e+00  2.43690188e+00  2.43486587e+00 -3.36288835e-05 
 2.03914000e-02  2.50063062e+00  3.76876558e+00  2.43915913e+00  2.43706353e+00 -3.36126650e-05 
 2.03964000e-02  2.50060593e+00  3.77107930e+00  2.44147656e+00  2.43932347e+00 -3.35960103e-05 
 2.04014000e-02  2.50058065e+00  3.77345118e+00  2.44385185e+00  2.44164343e+00 -3.35789360e-05 
 2.04064000e-02  2.50055479e+00  3.77587884e+00  2.44628263e+00  2.44402108e+00 -3.35614594e-05 
 2.04114000e-02  2.50052838e+00  3.77835987e+00  2.44876647e+00  2.44645405e+00 -3.35435978e-05 
 2.04164000e-02  2.50050145e+00  3.78089178e+00  2.45130089e+00  2.44893991e+00 -3.35253693e-05 
 2.04214000e-02  2.50047403e+00  3.78347205e+00  2.45388337e+00  2.45147617e+00 -3.35067921e-05 
 2.04264000e-02  2.50044614e+00  3.78609810e+00  2.45651131e+00  2.45406032e+00 -3.34878847e-05 
 2.04314000e-02  2.50041780e+00  3.78876731e+00  2.45918211e+00  2.45668976e+00 -3.34686660e-05 
 2.04364000e-02  2.50038906e+00  3.79147703e+00  2.46189311e+00  2.45936188e+00 -3.34491553e-05 
 2.04414000e-02  2.50035993e+00  3.79422455e+00  2.46464159e+00  2.46207401e+00 -3.34293721e-05 
 2.04464000e-02  2.50033045e+00  3.79700714e+00  2.46742482e+00  2.46482345e+00 -3.34093361e-05 
 2.04514000e-02  2.50030064e+00  3.79982203e+00  2.47024004e+00  2.46760747e+00 -3.33890673e-05 
 2.04564000e-02  2.50027053e+00  3.80266641e+00  2.47308445e+00  2.47042328e+00 -3.33685859e-05 
 2.04614000e-02  2.50024016e+00  3.80553747e+00  2.47595520e+00  2.47326810e+00 -3.33479123e-05 
 2.04664000e-02  2.50020955e+00  3.80843234e+00  2.47884946e+00  2.47613910e+00 -3.33270670e-05 
 2.04714000e-02  2.50017873e+00  3.81134815e+00  2.48176435e+00  2.47903341e+00 -3.33060709e-05 
 2.04764000e-02  2.50014774e+00  3.81428201e+00  2.48469697e+00  2.48194816e+00 -3.32849448e-05 
 2.04814000e-02  2.50011660e+00  3.81723100e+00  2.48764441e+00  2.48488047e+00 -3.32637096e-05 
 2.04864000e-02  2.50008535e+00  3.82019221e+00  2.49060376e+00  2.48782743e+00 -3.32423865e-05 
 2.04914000e-02  2.50005401e+00  3.82316269e+00  2.49357208e+00  2.49078610e+00 -3.32209966e-05 
 2.04964000e-02  2.50002262e+00  3.82613952e+00  2.49654643e+00  2.49375357e+00 -3.31995611e-05 
 2.05014000e-02  2.49999120e+00  3.82911973e+00  2.49952387e+00  2.49672689e+00 -3.31781012e-05 
 2.05064000e-02  2.49995980e+00  3.83210040e+00  2.50250145e+00  2.49970312e+00 -3.31566381e-05 
 2.05114000e-02  2.49992843e+00  3.83507856e+00  2.50547624e+00  2.50267932e+00 -3.31351931e-05 
 2.05164000e-02  2.49989714e+00  3.83805128e+00  2.50844529e+00  2.50565254e+00 -3.31137873e-05 
 2.05214000e-02  2.49986594e+00  3.84101562e+00  2.51140567e+00  2.50861986e+00 -3.30924419e-05 
 2.05264000e-02  2.49983488e+00  3.84396867e+00  2.51435447e+00  2.51157834e+00 -3.30711779e-05 
 2.05314000e-02  2.49980399e+00  3.84690750e+00  2.51728878e+00  2.51452507e+00 -3.30500162e-05 
 2.05364000e-02  2.49977328e+00  3.84982924e+00  2.52020571e+00  2.51745714e+00 -3.30289777e-05 
 2.05414000e-02  2.49974280e+00  3.85273100e+00  2.52310239e+00  2.52037166e+00 -3.30080830e-05 
 2.05464000e-02  2.49971257e+00  3.85560992e+00  2.52597597e+00  2.52326577e+00 -3.29873527e-05 
 2.05514000e-02  2.49968263e+00  3.85846319e+00  2.52882362e+00  2.52613662e+00 -3.29668071e-05 
 2.05564000e-02  2.49965300e+00  3.86128800e+00  2.53164256e+00  2.52898139e+00 -3.29464664e-05 
 2.05614000e-02  2.49962371e+00  3.86408157e+00  2.53443002e+00  2.53179729e+00 -3.29263504e-05 
 2.05664000e-02  2.49959479e+00  3.86684118e+00  2.53718326e+00  2.53458156e+00 -3.29064788e-05 
 2.05714000e-02  2.49956628e+00  3.86956411e+00  2.53989959e+00  2.53733146e+00 -3.28868712e-05 
 2.05764000e-02  2.49953819e+00  3.87224770e+00  2.54257634e+00  2.54004431e+00 -3.28675465e-05 
 2.05814000e-02  2.49951056e+00  3.87488933e+00  2.54521091e+00  2.54271745e+00 -3.28485238e-05 
 2.05864000e-02  2.49948341e+00  3.87748642e+00  2.54780071e+00  2.54534826e+00 -3.28298214e-05 
 2.05914000e-02  2.49945677e+00  3.88003642e+00  2.55034322e+00  2.54793417e+00 -3.28114577e-05 
 2.05964000e-02  2.49943066e+00  3.88253686e+00  2.55283596e+00  2.55047266e+00 -3.27934504e-05 
 2.06014000e-02  2.49940512e+00  3.88498528e+00  2.55527649e+00  2.55296125e+00 -3.27758171e-05 
 2.06064000e-02  2.49938017e+00  3.88737932e+00  2.55766245e+00  2.55539751e+00 -3.27585750e-05 
 2.06114000e-02  2.49935582e+00  3.88971663e+00  2.55999149e+00  2.55777908e+00 -3.27417406e-05 
 2.06164000e-02  2.49933212e+00  3.89199494e+00  2.56226137e+00  2.56010363e+00 -3.27253304e-05 
 2.06214000e-02  2.49930907e+00  3.89421205e+00  2.56446987e+00  2.56236890e+00 -3.27093602e-05 
 2.06264000e-02  2.49928670e+00  3.89636578e+00  2.56661485e+00  2.56457269e+00 -3.26938455e-05 
 2.06314000e-02  2.49926504e+00  3.89845406e+00  2.56869422e+00  2.56671286e+00 -3.26788013e-05 
 2.06364000e-02  2.49924410e+00  3.90047486e+00  2.57070597e+00  2.56878733e+00 -3.26642421e-05 
 2.06414000e-02  2.49922391e+00  3.90242621e+00  2.57264816e+00  2.57079409e+00 -3.26501819e-05 
 2.06464000e-02  2.49920448e+00  3.90430624e+00  2.57451888e+00  2.57273119e+00 -3.26366343e-05 
 2.06514000e-02  2.49918584e+00  3.90611311e+00  2.57631635e+00  2.57459677e+00 -3.26236123e-05 
 2.06564000e-02  2.49916801e+00  3.90784509e+00  2.57803881e+00  2.57638900e+00 -3.26111285e-05 
 2.06614000e-02  2.49915099e+00  3.90950048e+00  2.57968461e+00  2.57810616e+00 -3.25991949e-05 
 2.06664000e-02  2.49913481e+00  3.91107771e+00  2.58125215e+00  2.57974659e+00 -3.25878230e-05 
 2.06714000e-02  2.49911949e+00  3.91257524e+00  2.58273991e+00  2.58130870e+00 -3.25770236e-05 
 2.06764000e-02  2.49910503e+00  3.91399162e+00  2.58414647e+00  2.58279099e+00 -3.25668071e-05 
 2.06814000e-02  2.49909146e+00  3.91532550e+00  2.58547047e+00  2.58419202e+00 -3.25571834e-05 
 2.06864000e-02  2.49907879e+00  3.91657558e+00  2.58671062e+00  2.58551044e+00 -3.25481616e-05 
 2.06914000e-02  2.49906702e+00  3.91774066e+00  2.58786574e+00  2.58674498e+00 -3.25397504e-05 
 2.06964000e-02  2.49905618e+00  3.91881962e+00  2.58893471e+00  2.58789445e+00 -3.25319579e-05 
 2.07014000e-02  2.49904626e+00  3.91981142e+00  2.58991650e+00  2.58895775e+00 -3.25247915e-05 
 2.07064000e-02  2.49903729e+00  3.92071509e+00  2.59081016e+00  2.58993385e+00 -3.25182580e-05 
 2.07114000e-02  2.49902927e+00  3.92152979e+00  2.59161485e+00  2.59082180e+00 -3.25123638e-05 
 2.07164000e-02  2.49902220e+00  3.92225471e+00  2.59232977e+00  2.59162077e+00 -3.25071144e-05 
 2.07214000e-02  2.49901610e+00  3.92288917e+00  2.59295426e+00  2.59232997e+00 -3.25025148e-05 
 2.07264000e-02  2.49901097e+00  3.92343255e+00  2.59348769e+00  2.59294872e+00 -3.24985695e-05 
 2.07314000e-02  2.49900682e+00  3.92388432e+00  2.59392957e+00  2.59347644e+00 -3.24952823e-05 
 2.07364000e-02  2.49900365e+00  3.92424407e+00  2.59427947e+00  2.59391261e+00 -3.24926562e-05 
 2.07414000e-02  2.49900146e+00  3.92451143e+00  2.59453705e+00  2.59425681e+00 -3.24906937e-05 
 2.07464000e-02  2.49900026e+00  3.92468616e+00  2.59470206e+00  2.59450872e+00 -3.24893969e-05 
 2.07514000e-02  2.49900004e+00  3.92476808e+00  2.59477435e+00  2.59466808e+00 -3.24887668e-05 
 2.07564000e-02  2.49900081e+00  3.92475711e+00  2.59475384e+00  2.59473476e+00 -3.24888041e-05 
 2.07614000e-02  2.49900256e+00  3.92465327e+00  2.59464056e+00  2.59470867e+00 -3.24895088e-05 
 2.07664000e-02  2.49900530e+00  3.92445666e+00  2.59443461e+00  2.59458986e+00 -3.24908802e-05 
 2.07714000e-02  2.49900903e+00  3.92416746e+00  2.59413619e+00  2.59437843e+00 -3.24929170e-05 
 2.07764000e-02  2.49901373e+00  3.92378595e+00  2.59374559e+00  2.59407458e+00 -3.24956172e-05 
 2.07814000e-02  2.49901940e+00  3.92331249e+00  2.59326318e+00  2.59367861e+00 -3.24989783e-05 
 2.07864000e-02  2.49902604e+00  3.92274755e+00  2.59268943e+00  2.59319090e+00 -3.25029971e-05 
 2.07914000e-02  2.49903364e+00  3.92209166e+00  2.59202489e+00  2.59261191e+00 -3.25076698e-05 
 2.07964000e-02  2.49904220e+00  3.92134546e+00  2.59127019e+00  2.59194221e+00 -3.25129919e-05 
 2.08014000e-02  2.49905170e+00  3.92050966e+00  2.59042606e+00  2.59118243e+00 -3.25189583e-05 
 2.08064000e-02  2.49906214e+00  3.91958507e+00  2.58949332e+00  2.59033331e+00 -3.25255633e-05 
 2.08114000e-02  2.49907350e+00  3.91857256e+00  2.58847286e+00  2.58939566e+00 -3.25328006e-05 
 2.08164000e-02  2.49908577e+00  3.91747313e+00  2.58736566e+00  2.58837038e+00 -3.25406634e-05 
 2.08214000e-02  2.49909895e+00  3.91628783e+00  2.58617279e+00  2.58725847e+00 -3.25491440e-05 
 2.08264000e-02  2.49911302e+00  3.91501779e+00  2.58489540e+00  2.58606099e+00 -3.25582344e-05 
 2.08314000e-02  2.49912796e+00  3.91366425e+00  2.58353471e+00  2.58477909e+00 -3.25679258e-05 
 2.08364000e-02  2.49914377e+00  3.91222850e+00  2.58209205e+00  2.58341402e+00 -3.25782091e-05 
 2.08414000e-02  2.49916042e+00  3.91071194e+00  2.58056880e+00  2.58196708e+00 -3.25890742e-05 
 2.08464000e-02  2.49917790e+00  3.90911602e+00  2.57896643e+00  2.58043967e+00 -3.26005109e-05 
 2.08514000e-02  2.49919618e+00  3.90744229e+00  2.57728649e+00  2.57883328e+00 -3.26125081e-05 
 2.08564000e-02  2.49921527e+00  3.90569236e+00  2.57553061e+00  2.57714944e+00 -3.26250543e-05 
 2.08614000e-02  2.49923512e+00  3.90386793e+00  2.57370048e+00  2.57538979e+00 -3.26381375e-05 
 2.08664000e-02  2.49925574e+00  3.90197076e+00  2.57179786e+00  2.57355603e+00 -3.26517450e-05 
 2.08714000e-02  2.49927708e+00  3.90000268e+00  2.56982462e+00  2.57164993e+00 -3.26658637e-05 
 2.08764000e-02  2.49929914e+00  3.89796561e+00  2.56778264e+00  2.56967333e+00 -3.26804801e-05 
 2.08814000e-02  2.49932189e+00  3.89586152e+00  2.56567393e+00  2.56762816e+00 -3.26955800e-05 
 2.08864000e-02  2.49934531e+00  3.89369245e+00  2.56350051e+00  2.56551639e+00 -3.27111488e-05 
 2.08914000e-02  2.49936938e+00  3.89146051e+00  2.56126450e+00  2.56334008e+00 -3.27271716e-05 
 2.08964000e-02  2.49939407e+00  3.88916786e+00  2.55896808e+00  2.56110134e+00 -3.27436328e-05 
 2.09014000e-02  2.49941935e+00  3.88681673e+00  2.55661347e+00  2.55880234e+00 -3.27605165e-05 
 2.09064000e-02  2.49944521e+00  3.88440941e+00  2.55420297e+00  2.55644531e+00 -3.27778062e-05 
 2.09114000e-02  2.49947162e+00  3.88194825e+00  2.55173892e+00  2.55403256e+00 -3.27954853e-05 
 2.09164000e-02  2.49949855e+00  3.87943564e+00  2.54922373e+00  2.55156642e+00 -3.28135366e-05 
 2.09214000e-02  2.49952597e+00  3.87687403e+00  2.54665985e+00  2.54904932e+00 -3.28319425e-05 
 2.09264000e-02  2.49955386e+00  3.87426593e+00  2.54404977e+00  2.54648369e+00 -3.28506851e-05 
 2.09314000e-02  2.49958220e+00  3.87161387e+00  2.54139606e+00  2.54387204e+00 -3.28697461e-05 
 2.09364000e-02  2.49961094e+00  3.86892046e+00  2.53870130e+00  2.54121693e+00 -3.28891071e-05 
 2.09414000e-02  2.49964007e+00  3.86618833e+00  2.53596812e+00  2.53852094e+00 -3.29087490e-05 
 2.09464000e-02  2.49966955e+00  3.86342014e+00  2.53319922e+00  2.53578672e+00 -3.29286528e-05 
 2.09514000e-02  2.49969936e+00  3.86061863e+00  2.53039729e+00  2.53301695e+00 -3.29487988e-05 
 2.09564000e-02  2.49972947e+00  3.85778652e+00  2.52756508e+00  2.53021434e+00 -3.29691675e-05 
 2.09614000e-02  2.49975984e+00  3.85492660e+00  2.52470538e+00  2.52738163e+00 -3.29897389e-05 
 2.09664000e-02  2.49979045e+00  3.85204168e+00  2.52182100e+00  2.52452160e+00 -3.30104928e-05 
 2.09714000e-02  2.49982127e+00  3.84913459e+00  2.51891476e+00  2.52163707e+00 -3.30314088e-05 
 2.09764000e-02  2.49985226e+00  3.84620820e+00  2.51598952e+00  2.51873087e+00 -3.30524664e-05 
 2.09814000e-02  2.49988340e+00  3.84326537e+00  2.51304817e+00  2.51580585e+00 -3.30736448e-05 
 2.09864000e-02  2.49991465e+00  3.84030902e+00  2.51009361e+00  2.51286491e+00 -3.30949233e-05 
 2.09914000e-02  2.49994599e+00  3.83734206e+00  2.50712873e+00  2.50991092e+00 -3.31162808e-05 
 2.09964000e-02  2.49997738e+00  3.83436740e+00  2.50415648e+00  2.50694681e+00 -3.31376964e-05 
 2.10014000e-02  2.50000880e+00  3.83138799e+00  2.50117977e+00  2.50397550e+00 -3.31591488e-05 
 2.10064000e-02  2.50004020e+00  3.82840677e+00  2.49820156e+00  2.50099992e+00 -3.31806168e-05 
 2.10114000e-02  2.50007157e+00  3.82542669e+00  2.49522479e+00  2.49802301e+00 -3.32020794e-05 
 2.10164000e-02  2.50010286e+00  3.82245070e+00  2.49225239e+00  2.49504772e+00 -3.32235151e-05 
 2.10214000e-02  2.50013406e+00  3.81948173e+00  2.48928732e+00  2.49207698e+00 -3.32449028e-05 
 2.10264000e-02  2.50016512e+00  3.81652273e+00  2.48633250e+00  2.48911374e+00 -3.32662213e-05 
 2.10314000e-02  2.50019601e+00  3.81357664e+00  2.48339088e+00  2.48616093e+00 -3.32874494e-05 
 2.10364000e-02  2.50022672e+00  3.81064637e+00  2.48046535e+00  2.48322147e+00 -3.33085661e-05 
 2.10414000e-02  2.50025720e+00  3.80773483e+00  2.47755884e+00  2.48029829e+00 -3.33295503e-05 
 2.10464000e-02  2.50028743e+00  3.80484491e+00  2.47467421e+00  2.47739429e+00 -3.33503813e-05 
 2.10514000e-02  2.50031737e+00  3.80197948e+00  2.47181434e+00  2.47451233e+00 -3.33710382e-05 
 2.10564000e-02  2.50034700e+00  3.79914140e+00  2.46898207e+00  2.47165530e+00 -3.33915005e-05 
 2.10614000e-02  2.50037629e+00  3.79633347e+00  2.46618022e+00  2.46882603e+00 -3.34117479e-05 
 2.10664000e-02  2.50040521e+00  3.79355850e+00  2.46341157e+00  2.46602732e+00 -3.34317601e-05 
 2.10714000e-02  2.50043372e+00  3.79081925e+00  2.46067888e+00  2.46326198e+00 -3.34515172e-05 
 2.10764000e-02  2.50046181e+00  3.78811845e+00  2.45798487e+00  2.46053274e+00 -3.34709994e-05 
 2.10814000e-02  2.50048944e+00  3.78545878e+00  2.45533223e+00  2.45784233e+00 -3.34901873e-05 
 2.10864000e-02  2.50051659e+00  3.78284291e+00  2.45272360e+00  2.45519343e+00 -3.35090618e-05 
 2.10914000e-02  2.50054323e+00  3.78027343e+00  2.45016158e+00  2.45258868e+00 -3.35276038e-05 
 2.10964000e-02  2.50056934e+00  3.77775291e+00  2.44764873e+00  2.45003068e+00 -3.35457949e-05 
 2.11014000e-02  2.50059488e+00  3.77528387e+00  2.44518756e+00  2.44752197e+00 -3.35636168e-05 
 2.11064000e-02  2.50061983e+00  3.77286877e+00  2.44278052e+00  2.44506507e+00 -3.35810518e-05 
 2.11114000e-02  2.50064418e+00  3.77051003e+00  2.44043002e+00  2.44266243e+00 -3.35980823e-05 
 2.11164000e-02  2.50066788e+00  3.76821000e+00  2.43813840e+00  2.44031644e+00 -3.36146912e-05 
 2.11214000e-02  2.50069093e+00  3.76597098e+00  2.43590797e+00  2.43802946e+00 -3.36308619e-05 
 2.11264000e-02  2.50071330e+00  3.76379521e+00  2.43374095e+00  2.43580377e+00 -3.36465782e-05 
 2.11314000e-02  2.50073496e+00  3.76168488e+00  2.43163950e+00  2.43364158e+00 -3.36618242e-05 
 2.11364000e-02  2.50075590e+00  3.75964208e+00  2.42960574e+00  2.43154508e+00 -3.36765847e-05 
 2.11414000e-02  2.50077609e+00  3.75766886e+00  2.42764169e+00  2.42951635e+00 -3.36908448e-05 
 2.11464000e-02  2.50079552e+00  3.75576720e+00  2.42574932e+00  2.42755743e+00 -3.37045902e-05 
 2.11514000e-02  2.50081416e+00  3.75393901e+00  2.42393053e+00  2.42567027e+00 -3.37178071e-05 
 2.11564000e-02  2.50083199e+00  3.75218612e+00  2.42218714e+00  2.42385678e+00 -3.37304821e-05 
 2.11614000e-02  2.50084901e+00  3.75051027e+00  2.42052090e+00  2.42211875e+00 -3.37426026e-05 
 2.11664000e-02  2.50086519e+00  3.74891316e+00  2.41893348e+00  2.42045795e+00 -3.37541562e-05 
 2.11714000e-02  2.50088051e+00  3.74739638e+00  2.41742646e+00  2.41887602e+00 -3.37651315e-05 
 2.11764000e-02  2.50089497e+00  3.74596146e+00  2.41600137e+00  2.41737456e+00 -3.37755173e-05 
 2.11814000e-02  2.50090854e+00  3.74460982e+00  2.41465962e+00  2.41595507e+00 -3.37853031e-05 
 2.11864000e-02  2.50092121e+00  3.74334284e+00  2.41340257e+00  2.41461897e+00 -3.37944792e-05 
 2.11914000e-02  2.50093298e+00  3.74216177e+00  2.41223147e+00  2.41336762e+00 -3.38030363e-05 
 2.11964000e-02  2.50094382e+00  3.74106781e+00  2.41114750e+00  2.41220225e+00 -3.38109656e-05 
 2.12014000e-02  2.50095374e+00  3.74006204e+00  2.41015175e+00  2.41112404e+00 -3.38182594e-05 
 2.12064000e-02  2.50096271e+00  3.73914549e+00  2.40924522e+00  2.41013407e+00 -3.38249101e-05 
 2.12114000e-02  2.50097073e+00  3.73831907e+00  2.40842882e+00  2.40923334e+00 -3.38309111e-05 
 2.12164000e-02  2.50097780e+00  3.73758361e+00  2.40770336e+00  2.40842275e+00 -3.38362563e-05 
 2.12214000e-02  2.50098390e+00  3.73693985e+00  2.40706958e+00  2.40770311e+00 -3.38409404e-05 
 2.12264000e-02  2.50098903e+00  3.73638843e+00  2.40652811e+00  2.40707515e+00 -3.38449586e-05 
 2.12314000e-02  2.50099318e+00  3.73592991e+00  2.40607950e+00  2.40653950e+00 -3.38483069e-05 
 2.12364000e-02  2.50099635e+00  3.73556475e+00  2.40572419e+00  2.40609668e+00 -3.38509819e-05 
 2.12414000e-02  2.50099854e+00  3.73529331e+00  2.40546254e+00  2.40574716e+00 -3.38529809e-05 
 2.12464000e-02  2.50099974e+00  3.73511587e+00  2.40529482e+00  2.40549127e+00 -3.38543019e-05 
 2.12514000e-02  2.50099996e+00  3.73503261e+00  2.40522119e+00  2.40532928e+00 -3.38549435e-05 
 2.12564000e-02  2.50099919e+00  3.73504360e+00  2.40524173e+00  2.40526135e+00 -3.38549051e-05 
 2.12614000e-02  2.50099744e+00  3.73514884e+00  2.40535641e+00  2.40528754e+00 -3.38541868e-05 
 2.12664000e-02  2.50099470e+00  3.73534822e+00  2.40556512e+00  2.40540784e+00 -3.38527893e-05 
 2.12714000e-02  2.50099097e+00  3.73564154e+00  2.40586765e+00  2.40562211e+00 -3.38507140e-05 
 2.12764000e-02  2.50098627e+00  3.73602850e+00  2.40626370e+00  2.40593014e+00 -3.38479630e-05 
 2.12814000e-02  2.50098060e+00  3.73650872e+00  2.40675287e+00  2.40633163e+00 -3.38445390e-05 
 2.12864000e-02  2.50097396e+00  3.73708171e+00  2.40733467e+00  2.40682617e+00 -3.38404456e-05 
 2.12914000e-02  2.50096636e+00  3.73774691e+00  2.40800850e+00  2.40741327e+00 -3.38356869e-05 
 2.12964000e-02  2.50095780e+00  3.73850363e+00  2.40877371e+00  2.40809232e+00 -3.38302677e-05 
 2.13014000e-02  2.50094830e+00  3.73935112e+00  2.40962951e+00  2.40886266e+00 -3.38241934e-05 
 2.13064000e-02  2.50093786e+00  3.74028853e+00  2.41057505e+00  2.40972351e+00 -3.38174702e-05 
 2.13114000e-02  2.50092650e+00  3.74131492e+00  2.41160938e+00  2.41067400e+00 -3.38101048e-05 
 2.13164000e-02  2.50091423e+00  3.74242925e+00  2.41273145e+00  2.41171318e+00 -3.38021048e-05 
 2.13214000e-02  2.50090105e+00  3.74363041e+00  2.41394016e+00  2.41284000e+00 -3.37934781e-05 
 2.13264000e-02  2.50088698e+00  3.74491720e+00  2.41523427e+00  2.41405334e+00 -3.37842335e-05 
 2.13314000e-02  2.50087204e+00  3.74628831e+00  2.41661249e+00  2.41535198e+00 -3.37743804e-05 
 2.13364000e-02  2.50085623e+00  3.74774239e+00  2.41807345e+00  2.41673461e+00 -3.37639285e-05 
 2.13414000e-02  2.50083958e+00  3.74927795e+00  2.41961567e+00  2.41819985e+00 -3.37528885e-05 
 2.13464000e-02  2.50082210e+00  3.75089348e+00  2.42123760e+00  2.41974623e+00 -3.37412715e-05 
 2.13514000e-02  2.50080382e+00  3.75258734e+00  2.42293763e+00  2.42137219e+00 -3.37290891e-05 
 2.13564000e-02  2.50078473e+00  3.75435785e+00  2.42471405e+00  2.42307612e+00 -3.37163538e-05 
 2.13614000e-02  2.50076488e+00  3.75620322e+00  2.42656508e+00  2.42485629e+00 -3.37030782e-05 
 2.13664000e-02  2.50074426e+00  3.75812160e+00  2.42848885e+00  2.42671092e+00 -3.36892757e-05 
 2.13714000e-02  2.50072292e+00  3.76011108e+00  2.43048346e+00  2.42863817e+00 -3.36749602e-05 
 2.13764000e-02  2.50070086e+00  3.76216966e+00  2.43254689e+00  2.43063609e+00 -3.36601461e-05 
 2.13814000e-02  2.50067811e+00  3.76429529e+00  2.43467709e+00  2.43270269e+00 -3.36448484e-05 
 2.13864000e-02  2.50065469e+00  3.76648583e+00  2.43687192e+00  2.43483589e+00 -3.36290823e-05 
 2.13914000e-02  2.50063062e+00  3.76873909e+00  2.43912918e+00  2.43703357e+00 -3.36128636e-05 
 2.13964000e-02  2.50060593e+00  3.77105283e+00  2.44144663e+00  2.43929353e+00 -3.35962088e-05 
 2.14014000e-02  2.50058065e+00  3.77342472e+00  2.44382193e+00  2.44161349e+00 -3.35791344e-05 
 2.14064000e-02  2.50055479e+00  3.77585239e+00  2.44625273e+00  2.44399116e+00 -3.35616577e-05 
 2.14114000e-02  2.50052838e+00  3.77833343e+00  2.44873659e+00  2.44642415e+00 -3.35437960e-05 
 2.14164000e-02  2.50050145e+00  3.78086536e+00  2.45127103e+00  2.44891002e+00 -3.35255674e-05 
 2.14214000e-02  2.50047403e+00  3.78344564e+00  2.45385351e+00  2.45144630e+00 -3.35069900e-05 
 2.14264000e-02  2.50044614e+00  3.78607170e+00  2.45648148e+00  2.45403046e+00 -3.34880825e-05 
 2.14314000e-02  2.50041780e+00  3.78874093e+00  2.45915229e+00  2.45665992e+00 -3.34688638e-05 
 2.14364000e-02  2.50038906e+00  3.79145066e+00  2.46186330e+00  2.45933206e+00 -3.34493530e-05 
 2.14414000e-02  2.50035993e+00  3.79419820e+00  2.46461180e+00  2.46204421e+00 -3.34295697e-05 
 2.14464000e-02  2.50033045e+00  3.79698080e+00  2.46739505e+00  2.46479367e+00 -3.34095335e-05 
 2.14514000e-02  2.50030064e+00  3.79979570e+00  2.47021029e+00  2.46757770e+00 -3.33892646e-05 
 2.14564000e-02  2.50027053e+00  3.80264010e+00  2.47305471e+00  2.47039353e+00 -3.33687831e-05 
 2.14614000e-02  2.50024016e+00  3.80551116e+00  2.47592548e+00  2.47323837e+00 -3.33481093e-05 
 2.14664000e-02  2.50020955e+00  3.80840605e+00  2.47881976e+00  2.47610938e+00 -3.33272640e-05 
 2.14714000e-02  2.50017873e+00  3.81132187e+00  2.48173466e+00  2.47900370e+00 -3.33062677e-05 
 2.14764000e-02  2.50014774e+00  3.81425575e+00  2.48466730e+00  2.48191848e+00 -3.32851415e-05 
 2.14814000e-02  2.50011660e+00  3.81720475e+00  2.48761476e+00  2.48485080e+00 -3.32639062e-05 
 2.14864000e-02  2.50008535e+00  3.82016598e+00  2.49057412e+00  2.48779778e+00 -3.32425830e-05 
 2.14914000e-02  2.50005401e+00  3.82313648e+00  2.49354246e+00  2.49075647e+00 -3.32211930e-05 
 2.14964000e-02  2.50002262e+00  3.82611332e+00  2.49651683e+00  2.49372395e+00 -3.31997573e-05 
 2.15014000e-02  2.49999120e+00  3.82909355e+00  2.49949429e+00  2.49669729e+00 -3.31782973e-05 
 2.15064000e-02  2.49995980e+00  3.83207422e+00  2.50247189e+00  2.49967354e+00 -3.31568341e-05 
 2.15114000e-02  2.49992843e+00  3.83505240e+00  2.50544669e+00  2.50264975e+00 -3.31353890e-05 
 2.15164000e-02  2.49989714e+00  3.83802513e+00  2.50841576e+00  2.50562300e+00 -3.31139831e-05 
 2.15214000e-02  2.49986594e+00  3.84098949e+00  2.51137616e+00  2.50859033e+00 -3.30926375e-05 
 2.15264000e-02  2.49983488e+00  3.84394255e+00  2.51432498e+00  2.51154883e+00 -3.30713734e-05 
 2.15314000e-02  2.49980399e+00  3.84688140e+00  2.51725930e+00  2.51449557e+00 -3.30502116e-05 
 2.15364000e-02  2.49977328e+00  3.84980315e+00  2.52017625e+00  2.51742766e+00 -3.30291730e-05 
 2.15414000e-02  2.49974280e+00  3.85270492e+00  2.52307294e+00  2.52034220e+00 -3.30082782e-05 
 2.15464000e-02  2.49971257e+00  3.85558386e+00  2.52594654e+00  2.52323632e+00 -3.29875478e-05 
 2.15514000e-02  2.49968263e+00  3.85843715e+00  2.52879421e+00  2.52610719e+00 -3.29670020e-05 
 2.15564000e-02  2.49965300e+00  3.86126197e+00  2.53161317e+00  2.52895198e+00 -3.29466612e-05 
 2.15614000e-02  2.49962371e+00  3.86405556e+00  2.53440064e+00  2.53176790e+00 -3.29265451e-05 
 2.15664000e-02  2.49959479e+00  3.86681518e+00  2.53715390e+00  2.53455219e+00 -3.29066734e-05 
 2.15714000e-02  2.49956628e+00  3.86953812e+00  2.53987024e+00  2.53730211e+00 -3.28870656e-05 
 2.15764000e-02  2.49953819e+00  3.87222173e+00  2.54254702e+00  2.54001497e+00 -3.28677409e-05 
 2.15814000e-02  2.49951056e+00  3.87486337e+00  2.54518160e+00  2.54268812e+00 -3.28487180e-05 
 2.15864000e-02  2.49948341e+00  3.87746047e+00  2.54777142e+00  2.54531895e+00 -3.28300155e-05 
 2.15914000e-02  2.49945677e+00  3.88001049e+00  2.55031395e+00  2.54790488e+00 -3.28116517e-05 
 2.15964000e-02  2.49943066e+00  3.88251094e+00  2.55280670e+00  2.55044338e+00 -3.27936443e-05 
 2.16014000e-02  2.49940512e+00  3.88495938e+00  2.55524725e+00  2.55293199e+00 -3.27760109e-05 
 2.16064000e-02  2.49938017e+00  3.88735343e+00  2.55763322e+00  2.55536827e+00 -3.27587686e-05 
 2.16114000e-02  2.49935582e+00  3.88969075e+00  2.55996228e+00  2.55774986e+00 -3.27419342e-05 
 2.16164000e-02  2.49933212e+00  3.89196908e+00  2.56223218e+00  2.56007442e+00 -3.27255238e-05 
 2.16214000e-02  2.49930907e+00  3.89418619e+00  2.56444069e+00  2.56233971e+00 -3.27095536e-05 
 2.16264000e-02  2.49928670e+00  3.89633994e+00  2.56658569e+00  2.56454352e+00 -3.26940387e-05 
 2.16314000e-02  2.49926504e+00  3.89842824e+00  2.56866508e+00  2.56668370e+00 -3.26789944e-05 
 2.16364000e-02  2.49924410e+00  3.90044905e+00  2.57067685e+00  2.56875819e+00 -3.26644351e-05 
 2.16414000e-02  2.49922391e+00  3.90240041e+00  2.57261904e+00  2.57076496e+00 -3.26503748e-05 
 2.16464000e-02  2.49920448e+00  3.90428045e+00  2.57448979e+00  2.57270208e+00 -3.26368270e-05 
 2.16514000e-02  2.49918584e+00  3.90608734e+00  2.57628727e+00  2.57456767e+00 -3.26238050e-05 
 2.16564000e-02  2.49916801e+00  3.90781932e+00  2.57800975e+00  2.57635992e+00 -3.26113211e-05 
 2.16614000e-02  2.49915099e+00  3.90947473e+00  2.57965556e+00  2.57807710e+00 -3.25993874e-05 
 2.16664000e-02  2.49913481e+00  3.91105197e+00  2.58122311e+00  2.57971754e+00 -3.25880153e-05 
 2.16714000e-02  2.49911949e+00  3.91254951e+00  2.58271089e+00  2.58127967e+00 -3.25772158e-05 
 2.16764000e-02  2.49910503e+00  3.91396591e+00  2.58411746e+00  2.58276197e+00 -3.25669993e-05 
 2.16814000e-02  2.49909146e+00  3.91529980e+00  2.58544147e+00  2.58416301e+00 -3.25573755e-05 
 2.16864000e-02  2.49907879e+00  3.91654989e+00  2.58668164e+00  2.58548145e+00 -3.25483536e-05 
 2.16914000e-02  2.49906702e+00  3.91771498e+00  2.58783677e+00  2.58671600e+00 -3.25399423e-05 
 2.16964000e-02  2.49905618e+00  3.91879395e+00  2.58890575e+00  2.58786549e+00 -3.25321497e-05 
 2.17014000e-02  2.49904626e+00  3.91978575e+00  2.58988756e+00  2.58892880e+00 -3.25249832e-05 
 2.17064000e-02  2.49903729e+00  3.92068944e+00  2.59078124e+00  2.58990491e+00 -3.25184497e-05 
 2.17114000e-02  2.49902927e+00  3.92150415e+00  2.59158593e+00  2.59079288e+00 -3.25125553e-05 
 2.17164000e-02  2.49902220e+00  3.92222908e+00  2.59230087e+00  2.59159185e+00 -3.25073059e-05 
 2.17214000e-02  2.49901610e+00  3.92286355e+00  2.59292537e+00  2.59230107e+00 -3.25027062e-05 
 2.17264000e-02  2.49901097e+00  3.92340693e+00  2.59345882e+00  2.59291984e+00 -3.24987609e-05 
 2.17314000e-02  2.49900682e+00  3.92385872e+00  2.59390071e+00  2.59344756e+00 -3.24954735e-05 
 2.17364000e-02  2.49900365e+00  3.92421847e+00  2.59425062e+00  2.59388374e+00 -3.24928474e-05 
 2.17414000e-02  2.49900146e+00  3.92448584e+00  2.59450821e+00  2.59422796e+00 -3.24908849e-05 
 2.17464000e-02  2.49900026e+00  3.92466058e+00  2.59467323e+00  2.59447988e+00 -3.24895879e-05 
 2.17514000e-02  2.49900004e+00  3.92474251e+00  2.59474553e+00  2.59463925e+00 -3.24889578e-05 
 2.17564000e-02  2.49900081e+00  3.92473155e+00  2.59472503e+00  2.59470594e+00 -3.24889951e-05 
 2.17614000e-02  2.49900256e+00  3.92462772e+00  2.59461176e+00  2.59467987e+00 -3.24896997e-05 
 2.17664000e-02  2.49900530e+00  3.92443111e+00  2.59440582e+00  2.59456106e+00 -3.24910710e-05 
 2.17714000e-02  2.49900903e+00  3.92414192e+00  2.59410741e+00  2.59434964e+00 -3.24931077e-05 
 2.17764000e-02  2.49901373e+00  3.92376041e+00  2.59371682e+00  2.59404581e+00 -3.24958079e-05 
 2.17814000e-02  2.49901940e+00  3.92328697e+00  2.59323442e+00  2.59364985e+00 -3.24991690e-05 
 2.17864000e-02  2.49902604e+00  3.92272203e+00  2.59266068e+00  2.59316214e+00 -3.25031878e-05 
 2.17914000e-02  2.49903364e+00  3.92206615e+00  2.59199615e+00  2.59258316e+00 -3.25078604e-05 
 2.17964000e-02  2.49904220e+00  3.92131996e+00  2.59124146e+00  2.59191347e+00 -3.25131824e-05 
 2.18014000e-02  2.49905170e+00  3.92048416e+00  2.59039734e+00  2.59115370e+00 -3.25191488e-05 
 2.18064000e-02  2.49906214e+00  3.91955957e+00  2.58946461e+00  2.59030459e+00 -3.25257537e-05 
 2.18114000e-02  2.49907350e+00  3.91854708e+00  2.58844415e+00  2.58936694e+00 -3.25329910e-05 
 2.18164000e-02  2.49908577e+00  3.91744765e+00  2.58733696e+00  2.58834168e+00 -3.25408537e-05 
 2.18214000e-02  2.49909895e+00  3.91626235e+00  2.58614410e+00  2.58722977e+00 -3.25493343e-05 
 2.18264000e-02  2.49911302e+00  3.91499232e+00  2.58486672e+00  2.58603230e+00 -3.25584247e-05 
 2.18314000e-02  2.49912796e+00  3.91363878e+00  2.58350604e+00  2.58475041e+00 -3.25681161e-05 
 2.18364000e-02  2.49914377e+00  3.91220304e+00  2.58206339e+00  2.58338534e+00 -3.25783993e-05 
 2.18414000e-02  2.49916042e+00  3.91068648e+00  2.58054014e+00  2.58193841e+00 -3.25892645e-05 
 2.18464000e-02  2.49917790e+00  3.90909056e+00  2.57893778e+00  2.58041102e+00 -3.26007011e-05 
 2.18514000e-02  2.49919618e+00  3.90741683e+00  2.57725785e+00  2.57880463e+00 -3.26126983e-05 
 2.18564000e-02  2.49921527e+00  3.90566691e+00  2.57550197e+00  2.57712080e+00 -3.26252445e-05 
 2.18614000e-02  2.49923512e+00  3.90384248e+00  2.57367185e+00  2.57536115e+00 -3.26383276e-05 
 2.18664000e-02  2.49925574e+00  3.90194531e+00  2.57176924e+00  2.57352740e+00 -3.26519351e-05 
 2.18714000e-02  2.49927708e+00  3.89997724e+00  2.56979600e+00  2.57162130e+00 -3.26660538e-05 
 2.18764000e-02  2.49929914e+00  3.89794018e+00  2.56775403e+00  2.56964471e+00 -3.26806701e-05 
 2.18814000e-02  2.49932189e+00  3.89583609e+00  2.56564532e+00  2.56759955e+00 -3.26957700e-05 
 2.18864000e-02  2.49934531e+00  3.89366702e+00  2.56347191e+00  2.56548779e+00 -3.27113389e-05 
 2.18914000e-02  2.49936938e+00  3.89143508e+00  2.56123591e+00  2.56331148e+00 -3.27273616e-05 
 2.18964000e-02  2.49939407e+00  3.88914243e+00  2.55893949e+00  2.56107274e+00 -3.27438228e-05 
 2.19014000e-02  2.49941935e+00  3.88679131e+00  2.55658489e+00  2.55877375e+00 -3.27607064e-05 
 2.19064000e-02  2.49944521e+00  3.88438399e+00  2.55417439e+00  2.55641673e+00 -3.27779962e-05 
 2.19114000e-02  2.49947162e+00  3.88192283e+00  2.55171035e+00  2.55400398e+00 -3.27956753e-05 
 2.19164000e-02  2.49949855e+00  3.87941023e+00  2.54919516e+00  2.55153785e+00 -3.28137265e-05 
 2.19214000e-02  2.49952597e+00  3.87684862e+00  2.54663128e+00  2.54902075e+00 -3.28321324e-05 
 2.19264000e-02  2.49955386e+00  3.87424052e+00  2.54402121e+00  2.54645512e+00 -3.28508750e-05 
 2.19314000e-02  2.49958220e+00  3.87158847e+00  2.54136750e+00  2.54384348e+00 -3.28699360e-05 
 2.19364000e-02  2.49961094e+00  3.86889506e+00  2.53867275e+00  2.54118837e+00 -3.28892970e-05 
 2.19414000e-02  2.49964007e+00  3.86616292e+00  2.53593958e+00  2.53849239e+00 -3.29089389e-05 
 2.19464000e-02  2.49966955e+00  3.86339474e+00  2.53317068e+00  2.53575818e+00 -3.29288426e-05 
 2.19514000e-02  2.49969936e+00  3.86059323e+00  2.53036875e+00  2.53298841e+00 -3.29489887e-05 
 2.19564000e-02  2.49972947e+00  3.85776112e+00  2.52753655e+00  2.53018580e+00 -3.29693574e-05 
 2.19614000e-02  2.49975984e+00  3.85490120e+00  2.52467686e+00  2.52735310e+00 -3.29899288e-05 
 2.19664000e-02  2.49979045e+00  3.85201628e+00  2.52179248e+00  2.52449308e+00 -3.30106826e-05 
 2.19714000e-02  2.49982127e+00  3.84910920e+00  2.51888624e+00  2.52160855e+00 -3.30315986e-05 
 2.19764000e-02  2.49985226e+00  3.84618281e+00  2.51596101e+00  2.51870235e+00 -3.30526562e-05 
 2.19814000e-02  2.49988340e+00  3.84323999e+00  2.51301967e+00  2.51577734e+00 -3.30738346e-05 
 2.19864000e-02  2.49991465e+00  3.84028364e+00  2.51006510e+00  2.51283640e+00 -3.30951131e-05 
 2.19914000e-02  2.49994599e+00  3.83731667e+00  2.50710024e+00  2.50988242e+00 -3.31164706e-05 
 2.19964000e-02  2.49997738e+00  3.83434202e+00  2.50412799e+00  2.50691832e+00 -3.31378862e-05 
 2.20014000e-02  2.50000880e+00  3.83136261e+00  2.50115129e+00  2.50394701e+00 -3.31593386e-05 
 2.20064000e-02  2.50004020e+00  3.82838140e+00  2.49817308e+00  2.50097144e+00 -3.31808066e-05 
 2.20114000e-02  2.50007157e+00  3.82540132e+00  2.49519631e+00  2.49799453e+00 -3.32022691e-05 
 2.20164000e-02  2.50010286e+00  3.82242532e+00  2.49222392e+00  2.49501924e+00 -3.32237049e-05 
 2.20214000e-02  2.50013406e+00  3.81945636e+00  2.48925885e+00  2.49204851e+00 -3.32450926e-05 
 2.20264000e-02  2.50016512e+00  3.81649736e+00  2.48630404e+00  2.48908527e+00 -3.32664110e-05 
 2.20314000e-02  2.50019601e+00  3.81355127e+00  2.48336242e+00  2.48613247e+00 -3.32876391e-05 
 2.20364000e-02  2.50022672e+00  3.81062100e+00  2.48043690e+00  2.48319302e+00 -3.33087558e-05 
 2.20414000e-02  2.50025720e+00  3.80770947e+00  2.47753039e+00  2.48026984e+00 -3.33297400e-05 
 2.20464000e-02  2.50028743e+00  3.80481955e+00  2.47464577e+00  2.47736584e+00 -3.33505710e-05 
 2.20514000e-02  2.50031737e+00  3.80195413e+00  2.47178590e+00  2.47448389e+00 -3.33712279e-05 
 2.20564000e-02  2.50034700e+00  3.79911604e+00  2.46895364e+00  2.47162686e+00 -3.33916902e-05 
 2.20614000e-02  2.50037629e+00  3.79630812e+00  2.46615179e+00  2.46879759e+00 -3.34119376e-05 
 2.20664000e-02  2.50040521e+00  3.79353315e+00  2.46338315e+00  2.46599890e+00 -3.34319498e-05 
 2.20714000e-02  2.50043372e+00  3.79079391e+00  2.46065047e+00  2.46323356e+00 -3.34517069e-05 
 2.20764000e-02  2.50046181e+00  3.78809311e+00  2.45795646e+00  2.46050433e+00 -3.34711891e-05 
 2.20814000e-02  2.50048944e+00  3.78543344e+00  2.45530383e+00  2.45781392e+00 -3.34903770e-05 
 2.20864000e-02  2.50051659e+00  3.78281757e+00  2.45269520e+00  2.45516503e+00 -3.35092513e-05 
 2.20914000e-02  2.50054323e+00  3.78024809e+00  2.45013319e+00  2.45256028e+00 -3.35277934e-05 
 2.20964000e-02  2.50056934e+00  3.77772758e+00  2.44762035e+00  2.45000229e+00 -3.35459844e-05 
 2.21014000e-02  2.50059488e+00  3.77525854e+00  2.44515918e+00  2.44749359e+00 -3.35638064e-05 
 2.21064000e-02  2.50061983e+00  3.77284345e+00  2.44275215e+00  2.44503669e+00 -3.35812413e-05 
 2.21114000e-02  2.50064418e+00  3.77048471e+00  2.44040165e+00  2.44263406e+00 -3.35982717e-05 
 2.21164000e-02  2.50066788e+00  3.76818468e+00  2.43811005e+00  2.44028808e+00 -3.36148806e-05 
 2.21214000e-02  2.50069093e+00  3.76594567e+00  2.43587962e+00  2.43800110e+00 -3.36310513e-05 
 2.21264000e-02  2.50071330e+00  3.76376991e+00  2.43371260e+00  2.43577541e+00 -3.36467675e-05 
 2.21314000e-02  2.50073496e+00  3.76165957e+00  2.43161117e+00  2.43361324e+00 -3.36620136e-05 
 2.21364000e-02  2.50075590e+00  3.75961678e+00  2.42957741e+00  2.43151674e+00 -3.36767740e-05 
 2.21414000e-02  2.50077609e+00  3.75764357e+00  2.42761337e+00  2.42948802e+00 -3.36910341e-05 
 2.21464000e-02  2.50079552e+00  3.75574192e+00  2.42572101e+00  2.42752911e+00 -3.37047795e-05 
 2.21514000e-02  2.50081416e+00  3.75391373e+00  2.42390223e+00  2.42564196e+00 -3.37179963e-05 
 2.21564000e-02  2.50083199e+00  3.75216084e+00  2.42215885e+00  2.42382847e+00 -3.37306713e-05 
 2.21614000e-02  2.50084901e+00  3.75048500e+00  2.42049261e+00  2.42209046e+00 -3.37427917e-05 
 2.21664000e-02  2.50086519e+00  3.74888789e+00  2.41890520e+00  2.42042966e+00 -3.37543454e-05 
 2.21714000e-02  2.50088051e+00  3.74737112e+00  2.41739819e+00  2.41884774e+00 -3.37653206e-05 
 2.21764000e-02  2.50089497e+00  3.74593620e+00  2.41597310e+00  2.41734628e+00 -3.37757063e-05 
 2.21814000e-02  2.50090854e+00  3.74458457e+00  2.41463136e+00  2.41592680e+00 -3.37854922e-05 
 2.21864000e-02  2.50092121e+00  3.74331759e+00  2.41337432e+00  2.41459072e+00 -3.37946682e-05 
 2.21914000e-02  2.50093298e+00  3.74213653e+00  2.41220323e+00  2.41333937e+00 -3.38032252e-05 
 2.21964000e-02  2.50094382e+00  3.74104257e+00  2.41111927e+00  2.41217401e+00 -3.38111545e-05 
 2.22014000e-02  2.50095374e+00  3.74003682e+00  2.41012353e+00  2.41109581e+00 -3.38184482e-05 
 2.22064000e-02  2.50096271e+00  3.73912027e+00  2.40921701e+00  2.41010585e+00 -3.38250989e-05 
 2.22114000e-02  2.50097073e+00  3.73829386e+00  2.40840062e+00  2.40920513e+00 -3.38310998e-05 
 2.22164000e-02  2.50097780e+00  3.73755840e+00  2.40767517e+00  2.40839455e+00 -3.38364450e-05 
 2.22214000e-02  2.50098390e+00  3.73691465e+00  2.40704140e+00  2.40767492e+00 -3.38411290e-05 
 2.22264000e-02  2.50098903e+00  3.73636324e+00  2.40649994e+00  2.40704697e+00 -3.38451472e-05 
 2.22314000e-02  2.50099318e+00  3.73590473e+00  2.40605133e+00  2.40651132e+00 -3.38484954e-05 
 2.22364000e-02  2.50099635e+00  3.73553957e+00  2.40569604e+00  2.40606852e+00 -3.38511704e-05 
 2.22414000e-02  2.50099854e+00  3.73526814e+00  2.40543440e+00  2.40571900e+00 -3.38531693e-05 
 2.22464000e-02  2.50099974e+00  3.73509071e+00  2.40526669e+00  2.40546313e+00 -3.38544902e-05 
 2.22514000e-02  2.50099996e+00  3.73500745e+00  2.40519307e+00  2.40530115e+00 -3.38551318e-05 
 2.22564000e-02  2.50099919e+00  3.73501845e+00  2.40521361e+00  2.40523323e+00 -3.38550933e-05 
 2.22614000e-02  2.50099744e+00  3.73512370e+00  2.40532831e+00  2.40525943e+00 -3.38543750e-05 
 2.22664000e-02  2.50099470e+00  3.73532308e+00  2.40553703e+00  2.40537973e+00 -3.38529774e-05 
 2.22714000e-02  2.50099097e+00  3.73561641e+00  2.40583958e+00  2.40559402e+00 -3.38509020e-05 
 2.22764000e-02  2.50098627e+00  3.73600338e+00  2.40623564e+00  2.40590207e+00 -3.38481509e-05 
 2.22814000e-02  2.50098060e+00  3.73648361e+00  2.40672482e+00  2.40630357e+00 -3.38447269e-05 
 2.22864000e-02  2.50097396e+00  3.73705662e+00  2.40730662e+00  2.40679812e+00 -3.38406334e-05 
 2.22914000e-02  2.50096636e+00  3.73772182e+00  2.40798047e+00  2.40738522e+00 -3.38358746e-05 
 2.22964000e-02  2.50095780e+00  3.73847855e+00  2.40874569e+00  2.40806429e+00 -3.38304553e-05 
 2.23014000e-02  2.50094830e+00  3.73932605e+00  2.40960150e+00  2.40883464e+00 -3.38243810e-05 
 2.23064000e-02  2.50093786e+00  3.74026347e+00  2.41054705e+00  2.40969550e+00 -3.38176577e-05 
 2.23114000e-02  2.50092650e+00  3.74128986e+00  2.41158139e+00  2.41064600e+00 -3.38102923e-05 
 2.23164000e-02  2.50091423e+00  3.74240421e+00  2.41270348e+00  2.41168519e+00 -3.38022921e-05 
 2.23214000e-02  2.50090105e+00  3.74360538e+00  2.41391220e+00  2.41281203e+00 -3.37936654e-05 
 2.23264000e-02  2.50088698e+00  3.74489217e+00  2.41520632e+00  2.41402538e+00 -3.37844207e-05 
 2.23314000e-02  2.50087204e+00  3.74626330e+00  2.41658456e+00  2.41532403e+00 -3.37745675e-05 
 2.23364000e-02  2.50085623e+00  3.74771738e+00  2.41804553e+00  2.41670668e+00 -3.37641155e-05 
 2.23414000e-02  2.50083958e+00  3.74925296e+00  2.41958776e+00  2.41817193e+00 -3.37530754e-05 
 2.23464000e-02  2.50082210e+00  3.75086850e+00  2.42120971e+00  2.41971832e+00 -3.37414583e-05 
 2.23514000e-02  2.50080382e+00  3.75256237e+00  2.42290975e+00  2.42134430e+00 -3.37292759e-05 
 2.23564000e-02  2.50078473e+00  3.75433289e+00  2.42468618e+00  2.42304824e+00 -3.37165405e-05 
 2.23614000e-02  2.50076488e+00  3.75617827e+00  2.42653722e+00  2.42482842e+00 -3.37032648e-05 
 2.23664000e-02  2.50074426e+00  3.75809666e+00  2.42846101e+00  2.42668307e+00 -3.36894622e-05 
 2.23714000e-02  2.50072292e+00  3.76008616e+00  2.43045563e+00  2.42861033e+00 -3.36751466e-05 
 2.23764000e-02  2.50070086e+00  3.76214475e+00  2.43251908e+00  2.43060827e+00 -3.36603325e-05 
 2.23814000e-02  2.50067811e+00  3.76427039e+00  2.43464929e+00  2.43267488e+00 -3.36450346e-05 
 2.23864000e-02  2.50065469e+00  3.76646094e+00  2.43684414e+00  2.43480810e+00 -3.36292684e-05 
 2.23914000e-02  2.50063062e+00  3.76871421e+00  2.43910142e+00  2.43700579e+00 -3.36130497e-05 
 2.23964000e-02  2.50060593e+00  3.77102796e+00  2.44141887e+00  2.43926576e+00 -3.35963947e-05 
 2.24014000e-02  2.50058065e+00  3.77339986e+00  2.44379420e+00  2.44158574e+00 -3.35793203e-05 
 2.24064000e-02  2.50055479e+00  3.77582755e+00  2.44622501e+00  2.44396342e+00 -3.35618434e-05 
 2.24114000e-02  2.50052838e+00  3.77830860e+00  2.44870888e+00  2.44639642e+00 -3.35439817e-05 
 2.24164000e-02  2.50050145e+00  3.78084054e+00  2.45124333e+00  2.44888231e+00 -3.35257529e-05 
 2.24214000e-02  2.50047403e+00  3.78342083e+00  2.45382584e+00  2.45141861e+00 -3.35071755e-05 
 2.24264000e-02  2.50044614e+00  3.78604691e+00  2.45645381e+00  2.45400279e+00 -3.34882678e-05 
 2.24314000e-02  2.50041780e+00  3.78871615e+00  2.45912465e+00  2.45663226e+00 -3.34690490e-05 
 2.24364000e-02  2.50038906e+00  3.79142589e+00  2.46183567e+00  2.45930441e+00 -3.34495381e-05 
 2.24414000e-02  2.50035993e+00  3.79417344e+00  2.46458418e+00  2.46201657e+00 -3.34297547e-05 
 2.24464000e-02  2.50033045e+00  3.79695605e+00  2.46736745e+00  2.46476605e+00 -3.34097184e-05 
 2.24514000e-02  2.50030064e+00  3.79977097e+00  2.47018270e+00  2.46755010e+00 -3.33894494e-05 
 2.24564000e-02  2.50027053e+00  3.80261538e+00  2.47302714e+00  2.47036595e+00 -3.33689677e-05 
 2.24614000e-02  2.50024016e+00  3.80548646e+00  2.47589793e+00  2.47321080e+00 -3.33482939e-05 
 2.24664000e-02  2.50020955e+00  3.80838136e+00  2.47879222e+00  2.47608182e+00 -3.33274484e-05 
 2.24714000e-02  2.50017873e+00  3.81129719e+00  2.48170714e+00  2.47897617e+00 -3.33064521e-05 
 2.24764000e-02  2.50014774e+00  3.81423108e+00  2.48463979e+00  2.48189096e+00 -3.32853257e-05 
 2.24814000e-02  2.50011660e+00  3.81718010e+00  2.48758727e+00  2.48482330e+00 -3.32640903e-05 
 2.24864000e-02  2.50008535e+00  3.82014134e+00  2.49054665e+00  2.48777029e+00 -3.32427670e-05 
 2.24914000e-02  2.50005401e+00  3.82311185e+00  2.49351500e+00  2.49072900e+00 -3.32213769e-05 
 2.24964000e-02  2.50002262e+00  3.82608870e+00  2.49648939e+00  2.49369650e+00 -3.31999411e-05 
 2.25014000e-02  2.49999120e+00  3.82906895e+00  2.49946686e+00  2.49666985e+00 -3.31784810e-05 
 2.25064000e-02  2.49995980e+00  3.83204964e+00  2.50244448e+00  2.49964611e+00 -3.31570177e-05 
 2.25114000e-02  2.49992843e+00  3.83502783e+00  2.50541930e+00  2.50262235e+00 -3.31355724e-05 
 2.25164000e-02  2.49989714e+00  3.83800057e+00  2.50838838e+00  2.50559560e+00 -3.31141664e-05 
 2.25214000e-02  2.49986594e+00  3.84096494e+00  2.51134880e+00  2.50856296e+00 -3.30928208e-05 
 2.25264000e-02  2.49983488e+00  3.84391802e+00  2.51429763e+00  2.51152147e+00 -3.30715565e-05 
 2.25314000e-02  2.49980399e+00  3.84685688e+00  2.51723197e+00  2.51446823e+00 -3.30503946e-05 
 2.25364000e-02  2.49977328e+00  3.84977865e+00  2.52014894e+00  2.51740033e+00 -3.30293559e-05 
 2.25414000e-02  2.49974280e+00  3.85268043e+00  2.52304565e+00  2.52031489e+00 -3.30084610e-05 
 2.25464000e-02  2.49971257e+00  3.85555939e+00  2.52591926e+00  2.52320903e+00 -3.29877304e-05 
 2.25514000e-02  2.49968263e+00  3.85841268e+00  2.52876695e+00  2.52607992e+00 -3.29671846e-05 
 2.25564000e-02  2.49965300e+00  3.86123752e+00  2.53158592e+00  2.52892472e+00 -3.29468436e-05 
 2.25614000e-02  2.49962371e+00  3.86403112e+00  2.53437341e+00  2.53174066e+00 -3.29267274e-05 
 2.25664000e-02  2.49959479e+00  3.86679075e+00  2.53712669e+00  2.53452496e+00 -3.29068556e-05 
 2.25714000e-02  2.49956628e+00  3.86951371e+00  2.53984305e+00  2.53727489e+00 -3.28872477e-05 
 2.25764000e-02  2.49953819e+00  3.87219733e+00  2.54251984e+00  2.53998777e+00 -3.28679229e-05 
 2.25814000e-02  2.49951056e+00  3.87483899e+00  2.54515444e+00  2.54266094e+00 -3.28488999e-05 
 2.25864000e-02  2.49948341e+00  3.87743610e+00  2.54774427e+00  2.54529178e+00 -3.28301973e-05 
 2.25914000e-02  2.49945677e+00  3.87998613e+00  2.55028682e+00  2.54787773e+00 -3.28118333e-05 
 2.25964000e-02  2.49943066e+00  3.88248660e+00  2.55277959e+00  2.55041625e+00 -3.27938258e-05 
 2.26014000e-02  2.49940512e+00  3.88493505e+00  2.55522015e+00  2.55290487e+00 -3.27761923e-05 
 2.26064000e-02  2.49938017e+00  3.88732911e+00  2.55760613e+00  2.55534117e+00 -3.27589499e-05 
 2.26114000e-02  2.49935582e+00  3.88966645e+00  2.55993521e+00  2.55772277e+00 -3.27421154e-05 
 2.26164000e-02  2.49933212e+00  3.89194479e+00  2.56220512e+00  2.56004735e+00 -3.27257050e-05 
 2.26214000e-02  2.49930907e+00  3.89416192e+00  2.56441365e+00  2.56231265e+00 -3.27097346e-05 
 2.26264000e-02  2.49928670e+00  3.89631568e+00  2.56655866e+00  2.56451648e+00 -3.26942197e-05 
 2.26314000e-02  2.49926504e+00  3.89840398e+00  2.56863807e+00  2.56665668e+00 -3.26791752e-05 
 2.26364000e-02  2.49924410e+00  3.90042480e+00  2.57064985e+00  2.56873118e+00 -3.26646158e-05 
 2.26414000e-02  2.49922391e+00  3.90237618e+00  2.57259206e+00  2.57073797e+00 -3.26505554e-05 
 2.26464000e-02  2.49920448e+00  3.90425623e+00  2.57446282e+00  2.57267510e+00 -3.26370076e-05 
 2.26514000e-02  2.49918584e+00  3.90606313e+00  2.57626032e+00  2.57454070e+00 -3.26239854e-05 
 2.26564000e-02  2.49916801e+00  3.90779513e+00  2.57798281e+00  2.57633297e+00 -3.26115014e-05 
 2.26614000e-02  2.49915099e+00  3.90945055e+00  2.57962863e+00  2.57805016e+00 -3.25995676e-05 
 2.26664000e-02  2.49913481e+00  3.91102780e+00  2.58119620e+00  2.57969062e+00 -3.25881955e-05 
 2.26714000e-02  2.49911949e+00  3.91252535e+00  2.58268399e+00  2.58125276e+00 -3.25773959e-05 
 2.26764000e-02  2.49910503e+00  3.91394176e+00  2.58409058e+00  2.58273507e+00 -3.25671793e-05 
 2.26814000e-02  2.49909146e+00  3.91527566e+00  2.58541460e+00  2.58413613e+00 -3.25575554e-05 
 2.26864000e-02  2.49907879e+00  3.91652576e+00  2.58665478e+00  2.58545458e+00 -3.25485334e-05 
 2.26914000e-02  2.49906702e+00  3.91769086e+00  2.58780993e+00  2.58668915e+00 -3.25401221e-05 
 2.26964000e-02  2.49905618e+00  3.91876984e+00  2.58887892e+00  2.58783865e+00 -3.25323294e-05 
 2.27014000e-02  2.49904626e+00  3.91976165e+00  2.58986074e+00  2.58890197e+00 -3.25251628e-05 
 2.27064000e-02  2.49903729e+00  3.92066535e+00  2.59075443e+00  2.58987809e+00 -3.25186292e-05 
 2.27114000e-02  2.49902927e+00  3.92148007e+00  2.59155914e+00  2.59076607e+00 -3.25127347e-05 
 2.27164000e-02  2.49902220e+00  3.92220501e+00  2.59227409e+00  2.59156506e+00 -3.25074852e-05 
 2.27214000e-02  2.49901610e+00  3.92283948e+00  2.59289860e+00  2.59227429e+00 -3.25028855e-05 
 2.27264000e-02  2.49901097e+00  3.92338288e+00  2.59343206e+00  2.59289307e+00 -3.24989401e-05 
 2.27314000e-02  2.49900682e+00  3.92383468e+00  2.59387396e+00  2.59342081e+00 -3.24956527e-05 
 2.27364000e-02  2.49900365e+00  3.92419444e+00  2.59422388e+00  2.59385700e+00 -3.24930264e-05 
 2.27414000e-02  2.49900146e+00  3.92446182e+00  2.59448148e+00  2.59420122e+00 -3.24910639e-05 
 2.27464000e-02  2.49900026e+00  3.92463656e+00  2.59464652e+00  2.59445315e+00 -3.24897669e-05 
 2.27514000e-02  2.49900004e+00  3.92471849e+00  2.59471882e+00  2.59461254e+00 -3.24891367e-05 
 2.27564000e-02  2.49900081e+00  3.92470754e+00  2.59469834e+00  2.59467923e+00 -3.24891739e-05 
 2.27614000e-02  2.49900256e+00  3.92460372e+00  2.59458507e+00  2.59465317e+00 -3.24898784e-05 
 2.27664000e-02  2.49900530e+00  3.92440712e+00  2.59437915e+00  2.59453438e+00 -3.24912497e-05 
 2.27714000e-02  2.49900903e+00  3.92411793e+00  2.59408075e+00  2.59432297e+00 -3.24932864e-05 
 2.27764000e-02  2.49901373e+00  3.92373644e+00  2.59369017e+00  2.59401914e+00 -3.24959865e-05 
 2.27814000e-02  2.49901940e+00  3.92326300e+00  2.59320778e+00  2.59362319e+00 -3.24993475e-05 
 2.27864000e-02  2.49902604e+00  3.92269807e+00  2.59263404e+00  2.59313550e+00 -3.25033663e-05 
 2.27914000e-02  2.49903364e+00  3.92204219e+00  2.59196952e+00  2.59255653e+00 -3.25080388e-05 
 2.27964000e-02  2.49904220e+00  3.92129600e+00  2.59121484e+00  2.59188684e+00 -3.25133608e-05 
 2.28014000e-02  2.49905170e+00  3.92046021e+00  2.59037073e+00  2.59112708e+00 -3.25193271e-05 
 2.28064000e-02  2.49906214e+00  3.91953563e+00  2.58943800e+00  2.59027797e+00 -3.25259321e-05 
 2.28114000e-02  2.49907350e+00  3.91852314e+00  2.58841756e+00  2.58934034e+00 -3.25331693e-05 
 2.28164000e-02  2.49908577e+00  3.91742372e+00  2.58731037e+00  2.58831508e+00 -3.25410320e-05 
 2.28214000e-02  2.49909895e+00  3.91623842e+00  2.58611752e+00  2.58720318e+00 -3.25495125e-05 
 2.28264000e-02  2.49911302e+00  3.91496840e+00  2.58484014e+00  2.58600572e+00 -3.25586029e-05 
 2.28314000e-02  2.49912796e+00  3.91361486e+00  2.58347947e+00  2.58472384e+00 -3.25682943e-05 
 2.28364000e-02  2.49914377e+00  3.91217912e+00  2.58203683e+00  2.58335878e+00 -3.25785774e-05 
 2.28414000e-02  2.49916042e+00  3.91066257e+00  2.58051359e+00  2.58191185e+00 -3.25894425e-05 
 2.28464000e-02  2.49917790e+00  3.90906666e+00  2.57891123e+00  2.58038446e+00 -3.26008792e-05 
 2.28514000e-02  2.49919618e+00  3.90739293e+00  2.57723131e+00  2.57877808e+00 -3.26128763e-05 
 2.28564000e-02  2.49921527e+00  3.90564301e+00  2.57547544e+00  2.57709426e+00 -3.26254225e-05 
 2.28614000e-02  2.49923512e+00  3.90381859e+00  2.57364532e+00  2.57533462e+00 -3.26385056e-05 
 2.28664000e-02  2.49925574e+00  3.90192142e+00  2.57174272e+00  2.57350087e+00 -3.26521130e-05 
 2.28714000e-02  2.49927708e+00  3.89995336e+00  2.56976948e+00  2.57159478e+00 -3.26662317e-05 
 2.28764000e-02  2.49929914e+00  3.89791629e+00  2.56772752e+00  2.56961820e+00 -3.26808481e-05 
 2.28814000e-02  2.49932189e+00  3.89581221e+00  2.56561881e+00  2.56757304e+00 -3.26959479e-05 
 2.28864000e-02  2.49934531e+00  3.89364315e+00  2.56344541e+00  2.56546128e+00 -3.27115168e-05 
 2.28914000e-02  2.49936938e+00  3.89141121e+00  2.56120941e+00  2.56328498e+00 -3.27275395e-05 
 2.28964000e-02  2.49939407e+00  3.88911856e+00  2.55891300e+00  2.56104625e+00 -3.27440007e-05 
 2.29014000e-02  2.49941935e+00  3.88676744e+00  2.55655840e+00  2.55874726e+00 -3.27608843e-05 
 2.29064000e-02  2.49944521e+00  3.88436013e+00  2.55414791e+00  2.55639024e+00 -3.27781740e-05 
 2.29114000e-02  2.49947162e+00  3.88189897e+00  2.55168387e+00  2.55397750e+00 -3.27958531e-05 
 2.29164000e-02  2.49949855e+00  3.87938636e+00  2.54916869e+00  2.55151138e+00 -3.28139043e-05 
 2.29214000e-02  2.49952597e+00  3.87682476e+00  2.54660482e+00  2.54899428e+00 -3.28323102e-05 
 2.29264000e-02  2.49955386e+00  3.87421666e+00  2.54399475e+00  2.54642866e+00 -3.28510528e-05 
 2.29314000e-02  2.49958220e+00  3.87156461e+00  2.54134105e+00  2.54381702e+00 -3.28701138e-05 
 2.29364000e-02  2.49961094e+00  3.86887120e+00  2.53864630e+00  2.54116192e+00 -3.28894748e-05 
 2.29414000e-02  2.49964007e+00  3.86613907e+00  2.53591313e+00  2.53846594e+00 -3.29091167e-05 
 2.29464000e-02  2.49966955e+00  3.86337089e+00  2.53314424e+00  2.53573174e+00 -3.29290204e-05 
 2.29514000e-02  2.49969936e+00  3.86056938e+00  2.53034232e+00  2.53296197e+00 -3.29491665e-05 
 2.29564000e-02  2.49972947e+00  3.85773727e+00  2.52751012e+00  2.53015937e+00 -3.29695351e-05 
 2.29614000e-02  2.49975984e+00  3.85487736e+00  2.52465043e+00  2.52732667e+00 -3.29901065e-05 
 2.29664000e-02  2.49979045e+00  3.85199244e+00  2.52176605e+00  2.52446665e+00 -3.30108604e-05 
 2.29714000e-02  2.49982127e+00  3.84908536e+00  2.51885982e+00  2.52158213e+00 -3.30317763e-05 
 2.29764000e-02  2.49985226e+00  3.84615897e+00  2.51593460e+00  2.51867594e+00 -3.30528339e-05 
 2.29814000e-02  2.49988340e+00  3.84321615e+00  2.51299326e+00  2.51575093e+00 -3.30740123e-05 
 2.29864000e-02  2.49991465e+00  3.84025980e+00  2.51003870e+00  2.51280999e+00 -3.30952908e-05 
 2.29914000e-02  2.49994599e+00  3.83729284e+00  2.50707384e+00  2.50985602e+00 -3.31166483e-05 
 2.29964000e-02  2.49997738e+00  3.83431818e+00  2.50410159e+00  2.50689192e+00 -3.31380639e-05 
 2.30014000e-02  2.50000880e+00  3.83133878e+00  2.50112490e+00  2.50392062e+00 -3.31595162e-05 
 2.30064000e-02  2.50004020e+00  3.82835757e+00  2.49814669e+00  2.50094505e+00 -3.31809843e-05 
 2.30114000e-02  2.50007157e+00  3.82537749e+00  2.49516993e+00  2.49796815e+00 -3.32024468e-05 
 2.30164000e-02  2.50010286e+00  3.82240150e+00  2.49219754e+00  2.49499286e+00 -3.32238825e-05 
 2.30214000e-02  2.50013406e+00  3.81943254e+00  2.48923248e+00  2.49202213e+00 -3.32452702e-05 
 2.30264000e-02  2.50016512e+00  3.81647354e+00  2.48627767e+00  2.48905890e+00 -3.32665887e-05 
 2.30314000e-02  2.50019601e+00  3.81352745e+00  2.48333606e+00  2.48610610e+00 -3.32878168e-05 
 2.30364000e-02  2.50022672e+00  3.81059719e+00  2.48041054e+00  2.48316666e+00 -3.33089334e-05 
 2.30414000e-02  2.50025720e+00  3.80768565e+00  2.47750404e+00  2.48024348e+00 -3.33299176e-05 
 2.30464000e-02  2.50028743e+00  3.80479574e+00  2.47461942e+00  2.47733949e+00 -3.33507486e-05 
 2.30514000e-02  2.50031737e+00  3.80193032e+00  2.47175956e+00  2.47445754e+00 -3.33714055e-05 
 2.30564000e-02  2.50034700e+00  3.79909224e+00  2.46892730e+00  2.47160052e+00 -3.33918678e-05 
 2.30614000e-02  2.50037629e+00  3.79628432e+00  2.46612546e+00  2.46877126e+00 -3.34121151e-05 
 2.30664000e-02  2.50040521e+00  3.79350935e+00  2.46335682e+00  2.46597257e+00 -3.34321273e-05 
 2.30714000e-02  2.50043372e+00  3.79077011e+00  2.46062414e+00  2.46320723e+00 -3.34518844e-05 
 2.30764000e-02  2.50046181e+00  3.78806931e+00  2.45793015e+00  2.46047801e+00 -3.34713666e-05 
 2.30814000e-02  2.50048944e+00  3.78540965e+00  2.45527752e+00  2.45778761e+00 -3.34905544e-05 
 2.30864000e-02  2.50051659e+00  3.78279378e+00  2.45266890e+00  2.45513872e+00 -3.35094288e-05 
 2.30914000e-02  2.50054323e+00  3.78022431e+00  2.45010689e+00  2.45253398e+00 -3.35279708e-05 
 2.30964000e-02  2.50056934e+00  3.77770380e+00  2.44759405e+00  2.44997599e+00 -3.35461619e-05 
 2.31014000e-02  2.50059488e+00  3.77523476e+00  2.44513289e+00  2.44746730e+00 -3.35639838e-05 
 2.31064000e-02  2.50061983e+00  3.77281967e+00  2.44272586e+00  2.44501041e+00 -3.35814187e-05 
 2.31114000e-02  2.50064418e+00  3.77046094e+00  2.44037538e+00  2.44260778e+00 -3.35984491e-05 
 2.31164000e-02  2.50066788e+00  3.76816092e+00  2.43808378e+00  2.44026181e+00 -3.36150580e-05 
 2.31214000e-02  2.50069093e+00  3.76592191e+00  2.43585336e+00  2.43797484e+00 -3.36312286e-05 
 2.31264000e-02  2.50071330e+00  3.76374615e+00  2.43368635e+00  2.43574915e+00 -3.36469448e-05 
 2.31314000e-02  2.50073496e+00  3.76163582e+00  2.43158492e+00  2.43358699e+00 -3.36621908e-05 
 2.31364000e-02  2.50075590e+00  3.75959303e+00  2.42955117e+00  2.43149050e+00 -3.36769512e-05 
 2.31414000e-02  2.50077609e+00  3.75761982e+00  2.42758713e+00  2.42946178e+00 -3.36912113e-05 
 2.31464000e-02  2.50079552e+00  3.75571817e+00  2.42569478e+00  2.42750288e+00 -3.37049566e-05 
 2.31514000e-02  2.50081416e+00  3.75388999e+00  2.42387601e+00  2.42561573e+00 -3.37181734e-05 
 2.31564000e-02  2.50083199e+00  3.75213710e+00  2.42213263e+00  2.42380225e+00 -3.37308484e-05 
 2.31614000e-02  2.50084901e+00  3.75046127e+00  2.42046641e+00  2.42206424e+00 -3.37429688e-05 
 2.31664000e-02  2.50086519e+00  3.74886417e+00  2.41887900e+00  2.42040345e+00 -3.37545224e-05 
 2.31714000e-02  2.50088051e+00  3.74734740e+00  2.41737200e+00  2.41882154e+00 -3.37654976e-05 
 2.31764000e-02  2.50089497e+00  3.74591248e+00  2.41594692e+00  2.41732010e+00 -3.37758833e-05 
 2.31814000e-02  2.50090854e+00  3.74456086e+00  2.41460519e+00  2.41590062e+00 -3.37856691e-05 
 2.31864000e-02  2.50092121e+00  3.74329389e+00  2.41334815e+00  2.41456455e+00 -3.37948451e-05 
 2.31914000e-02  2.50093298e+00  3.74211283e+00  2.41217707e+00  2.41331320e+00 -3.38034020e-05 
 2.31964000e-02  2.50094382e+00  3.74101888e+00  2.41109312e+00  2.41214785e+00 -3.38113313e-05 
 2.32014000e-02  2.50095374e+00  3.74001313e+00  2.41009739e+00  2.41106966e+00 -3.38186249e-05 
 2.32064000e-02  2.50096271e+00  3.73909659e+00  2.40919088e+00  2.41007971e+00 -3.38252756e-05 
 2.32114000e-02  2.50097073e+00  3.73827019e+00  2.40837450e+00  2.40917900e+00 -3.38312765e-05 
 2.32164000e-02  2.50097780e+00  3.73753474e+00  2.40764906e+00  2.40836843e+00 -3.38366216e-05 
 2.32214000e-02  2.50098390e+00  3.73689099e+00  2.40701530e+00  2.40764881e+00 -3.38413056e-05 
 2.32264000e-02  2.50098903e+00  3.73633959e+00  2.40647385e+00  2.40702087e+00 -3.38453237e-05 
 2.32314000e-02  2.50099318e+00  3.73588108e+00  2.40602525e+00  2.40648523e+00 -3.38486719e-05 
 2.32364000e-02  2.50099635e+00  3.73551593e+00  2.40566996e+00  2.40604243e+00 -3.38513468e-05 
 2.32414000e-02  2.50099854e+00  3.73524451e+00  2.40540833e+00  2.40569293e+00 -3.38533456e-05 
 2.32464000e-02  2.50099974e+00  3.73506708e+00  2.40524063e+00  2.40543706e+00 -3.38546665e-05 
 2.32514000e-02  2.50099996e+00  3.73498383e+00  2.40516702e+00  2.40527509e+00 -3.38553080e-05 
 2.32564000e-02  2.50099919e+00  3.73499484e+00  2.40518758e+00  2.40520718e+00 -3.38552695e-05 
 2.32614000e-02  2.50099744e+00  3.73510009e+00  2.40530228e+00  2.40523340e+00 -3.38545511e-05 
 2.32664000e-02  2.50099470e+00  3.73529949e+00  2.40551102e+00  2.40535371e+00 -3.38531534e-05 
 2.32714000e-02  2.50099097e+00  3.73559283e+00  2.40581357e+00  2.40556800e+00 -3.38510780e-05 
 2.32764000e-02  2.50098627e+00  3.73597981e+00  2.40620964e+00  2.40587606e+00 -3.38483268e-05 
 2.32814000e-02  2.50098060e+00  3.73646004e+00  2.40669883e+00  2.40627757e+00 -3.38449028e-05 
 2.32864000e-02  2.50097396e+00  3.73703305e+00  2.40728065e+00  2.40677213e+00 -3.38408092e-05 
 2.32914000e-02  2.50096636e+00  3.73769826e+00  2.40795451e+00  2.40735925e+00 -3.38360504e-05 
 2.32964000e-02  2.50095780e+00  3.73845500e+00  2.40871974e+00  2.40803833e+00 -3.38306310e-05 
 2.33014000e-02  2.50094830e+00  3.73930251e+00  2.40957556e+00  2.40880869e+00 -3.38245565e-05 
 2.33064000e-02  2.50093786e+00  3.74023994e+00  2.41052113e+00  2.40966956e+00 -3.38178332e-05 
 2.33114000e-02  2.50092650e+00  3.74126635e+00  2.41155548e+00  2.41062007e+00 -3.38104677e-05 
 2.33164000e-02  2.50091423e+00  3.74238070e+00  2.41267758e+00  2.41165928e+00 -3.38024675e-05 
 2.33214000e-02  2.50090105e+00  3.74358188e+00  2.41388631e+00  2.41278613e+00 -3.37938407e-05 
 2.33264000e-02  2.50088698e+00  3.74486869e+00  2.41518044e+00  2.41399949e+00 -3.37845959e-05 
 2.33314000e-02  2.50087204e+00  3.74623982e+00  2.41655869e+00  2.41529816e+00 -3.37747426e-05 
 2.33364000e-02  2.50085623e+00  3.74769391e+00  2.41801967e+00  2.41668081e+00 -3.37642906e-05 
 2.33414000e-02  2.50083958e+00  3.74922950e+00  2.41956192e+00  2.41814608e+00 -3.37532504e-05 
 2.33464000e-02  2.50082210e+00  3.75084505e+00  2.42118388e+00  2.41969248e+00 -3.37416332e-05 
 2.33514000e-02  2.50080382e+00  3.75253894e+00  2.42288394e+00  2.42131847e+00 -3.37294507e-05 
 2.33564000e-02  2.50078473e+00  3.75430946e+00  2.42466038e+00  2.42302242e+00 -3.37167152e-05 
 2.33614000e-02  2.50076488e+00  3.75615485e+00  2.42651143e+00  2.42480262e+00 -3.37034394e-05 
 2.33664000e-02  2.50074426e+00  3.75807326e+00  2.42843524e+00  2.42665728e+00 -3.36896367e-05 
 2.33714000e-02  2.50072292e+00  3.76006276e+00  2.43042987e+00  2.42858455e+00 -3.36753211e-05 
 2.33764000e-02  2.50070086e+00  3.76212136e+00  2.43249333e+00  2.43058250e+00 -3.36605068e-05 
 2.33814000e-02  2.50067811e+00  3.76424701e+00  2.43462355e+00  2.43264913e+00 -3.36452089e-05 
 2.33864000e-02  2.50065469e+00  3.76643757e+00  2.43681841e+00  2.43478236e+00 -3.36294426e-05 
 2.33914000e-02  2.50063062e+00  3.76869086e+00  2.43907570e+00  2.43698007e+00 -3.36132238e-05 
 2.33964000e-02  2.50060593e+00  3.77100462e+00  2.44139318e+00  2.43924005e+00 -3.35965687e-05 
 2.34014000e-02  2.50058065e+00  3.77337653e+00  2.44376851e+00  2.44156005e+00 -3.35794942e-05 
 2.34064000e-02  2.50055479e+00  3.77580423e+00  2.44619934e+00  2.44393774e+00 -3.35620172e-05 
 2.34114000e-02  2.50052838e+00  3.77828529e+00  2.44868322e+00  2.44637075e+00 -3.35441554e-05 
 2.34164000e-02  2.50050145e+00  3.78081724e+00  2.45121769e+00  2.44885666e+00 -3.35259266e-05 
 2.34214000e-02  2.50047403e+00  3.78339755e+00  2.45380021e+00  2.45139297e+00 -3.35073490e-05 
 2.34264000e-02  2.50044614e+00  3.78602363e+00  2.45642820e+00  2.45397716e+00 -3.34884413e-05 
 2.34314000e-02  2.50041780e+00  3.78869289e+00  2.45909905e+00  2.45660665e+00 -3.34692223e-05 
 2.34364000e-02  2.50038906e+00  3.79140264e+00  2.46181009e+00  2.45927881e+00 -3.34497113e-05 
 2.34414000e-02  2.50035993e+00  3.79415020e+00  2.46455861e+00  2.46199099e+00 -3.34299278e-05 
 2.34464000e-02  2.50033045e+00  3.79693283e+00  2.46734190e+00  2.46474048e+00 -3.34098915e-05 
 2.34514000e-02  2.50030064e+00  3.79974775e+00  2.47015716e+00  2.46752454e+00 -3.33896223e-05 
 2.34564000e-02  2.50027053e+00  3.80259218e+00  2.47300161e+00  2.47034041e+00 -3.33691406e-05 
 2.34614000e-02  2.50024016e+00  3.80546327e+00  2.47587242e+00  2.47318527e+00 -3.33484666e-05 
 2.34664000e-02  2.50020955e+00  3.80835818e+00  2.47876672e+00  2.47605631e+00 -3.33276211e-05 
 2.34714000e-02  2.50017873e+00  3.81127403e+00  2.48168166e+00  2.47895067e+00 -3.33066246e-05 
 2.34764000e-02  2.50014774e+00  3.81420793e+00  2.48461433e+00  2.48186548e+00 -3.32854981e-05 
 2.34814000e-02  2.50011660e+00  3.81715696e+00  2.48756182e+00  2.48479784e+00 -3.32642627e-05 
 2.34864000e-02  2.50008535e+00  3.82011821e+00  2.49052122e+00  2.48774484e+00 -3.32429392e-05 
 2.34914000e-02  2.50005401e+00  3.82308874e+00  2.49348958e+00  2.49070356e+00 -3.32215490e-05 
 2.34964000e-02  2.50002262e+00  3.82606560e+00  2.49646398e+00  2.49367108e+00 -3.32001131e-05 
 2.35014000e-02  2.49999120e+00  3.82904586e+00  2.49944147e+00  2.49664445e+00 -3.31786529e-05 
 2.35064000e-02  2.49995980e+00  3.83202656e+00  2.50241910e+00  2.49962072e+00 -3.31571895e-05 
 2.35114000e-02  2.49992843e+00  3.83500476e+00  2.50539394e+00  2.50259697e+00 -3.31357441e-05 
 2.35164000e-02  2.49989714e+00  3.83797752e+00  2.50836304e+00  2.50557025e+00 -3.31143380e-05 
 2.35214000e-02  2.49986594e+00  3.84094191e+00  2.51132347e+00  2.50853761e+00 -3.30929922e-05 
 2.35264000e-02  2.49983488e+00  3.84389499e+00  2.51427232e+00  2.51149614e+00 -3.30717279e-05 
 2.35314000e-02  2.49980399e+00  3.84683387e+00  2.51720668e+00  2.51444292e+00 -3.30505658e-05 
 2.35364000e-02  2.49977328e+00  3.84975565e+00  2.52012365e+00  2.51737503e+00 -3.30295270e-05 
 2.35414000e-02  2.49974280e+00  3.85265745e+00  2.52302038e+00  2.52028961e+00 -3.30086320e-05 
 2.35464000e-02  2.49971257e+00  3.85553642e+00  2.52589401e+00  2.52318376e+00 -3.29879013e-05 
 2.35514000e-02  2.49968263e+00  3.85838972e+00  2.52874171e+00  2.52605467e+00 -3.29673554e-05 
 2.35564000e-02  2.49965300e+00  3.86121457e+00  2.53156070e+00  2.52889949e+00 -3.29470143e-05 
 2.35614000e-02  2.49962371e+00  3.86400819e+00  2.53434821e+00  2.53171544e+00 -3.29268980e-05 
 2.35664000e-02  2.49959479e+00  3.86676783e+00  2.53710150e+00  2.53449975e+00 -3.29070261e-05 
 2.35714000e-02  2.49956628e+00  3.86949080e+00  2.53981787e+00  2.53724970e+00 -3.28874181e-05 
 2.35764000e-02  2.49953819e+00  3.87217444e+00  2.54249468e+00  2.53996260e+00 -3.28680931e-05 
 2.35814000e-02  2.49951056e+00  3.87481611e+00  2.54512929e+00  2.54263578e+00 -3.28490700e-05 
 2.35864000e-02  2.49948341e+00  3.87741323e+00  2.54771914e+00  2.54526664e+00 -3.28303674e-05 
 2.35914000e-02  2.49945677e+00  3.87996328e+00  2.55026170e+00  2.54785260e+00 -3.28120033e-05 
 2.35964000e-02  2.49943066e+00  3.88246375e+00  2.55275449e+00  2.55039114e+00 -3.27939957e-05 
 2.36014000e-02  2.49940512e+00  3.88491222e+00  2.55519507e+00  2.55287977e+00 -3.27763621e-05 
 2.36064000e-02  2.49938017e+00  3.88730629e+00  2.55758106e+00  2.55531609e+00 -3.27591196e-05 
 2.36114000e-02  2.49935582e+00  3.88964364e+00  2.55991016e+00  2.55769770e+00 -3.27422850e-05 
 2.36164000e-02  2.49933212e+00  3.89192199e+00  2.56218008e+00  2.56002230e+00 -3.27258744e-05 
 2.36214000e-02  2.49930907e+00  3.89413913e+00  2.56438862e+00  2.56228761e+00 -3.27099040e-05 
 2.36264000e-02  2.49928670e+00  3.89629290e+00  2.56653365e+00  2.56449145e+00 -3.26943889e-05 
 2.36314000e-02  2.49926504e+00  3.89838122e+00  2.56861307e+00  2.56663166e+00 -3.26793444e-05 
 2.36364000e-02  2.49924410e+00  3.90040205e+00  2.57062486e+00  2.56870618e+00 -3.26647849e-05 
 2.36414000e-02  2.49922391e+00  3.90235344e+00  2.57256709e+00  2.57071298e+00 -3.26507244e-05 
 2.36464000e-02  2.49920448e+00  3.90423350e+00  2.57443786e+00  2.57265013e+00 -3.26371765e-05 
 2.36514000e-02  2.49918584e+00  3.90604041e+00  2.57623537e+00  2.57451575e+00 -3.26241542e-05 
 2.36564000e-02  2.49916801e+00  3.90777242e+00  2.57795788e+00  2.57630802e+00 -3.26116702e-05 
 2.36614000e-02  2.49915099e+00  3.90942785e+00  2.57960372e+00  2.57802523e+00 -3.25997363e-05 
 2.36664000e-02  2.49913481e+00  3.91100511e+00  2.58117130e+00  2.57966570e+00 -3.25883640e-05 
 2.36714000e-02  2.49911949e+00  3.91250267e+00  2.58265910e+00  2.58122785e+00 -3.25775644e-05 
 2.36764000e-02  2.49910503e+00  3.91391909e+00  2.58406570e+00  2.58271018e+00 -3.25673476e-05 
 2.36814000e-02  2.49909146e+00  3.91525300e+00  2.58538974e+00  2.58411125e+00 -3.25577237e-05 
 2.36864000e-02  2.49907879e+00  3.91650311e+00  2.58662993e+00  2.58542971e+00 -3.25487016e-05 
 2.36914000e-02  2.49906702e+00  3.91766822e+00  2.58778509e+00  2.58666429e+00 -3.25402902e-05 
 2.36964000e-02  2.49905618e+00  3.91874721e+00  2.58885409e+00  2.58781380e+00 -3.25324974e-05 
 2.37014000e-02  2.49904626e+00  3.91973904e+00  2.58983592e+00  2.58887714e+00 -3.25253308e-05 
 2.37064000e-02  2.49903729e+00  3.92064275e+00  2.59072962e+00  2.58985327e+00 -3.25187971e-05 
 2.37114000e-02  2.49902927e+00  3.92145747e+00  2.59153434e+00  2.59074127e+00 -3.25129026e-05 
 2.37164000e-02  2.49902220e+00  3.92218242e+00  2.59224931e+00  2.59154027e+00 -3.25076530e-05 
 2.37214000e-02  2.49901610e+00  3.92281690e+00  2.59287382e+00  2.59224950e+00 -3.25030532e-05 
 2.37264000e-02  2.49901097e+00  3.92336031e+00  2.59340730e+00  2.59286829e+00 -3.24991077e-05 
 2.37314000e-02  2.49900682e+00  3.92381211e+00  2.59384921e+00  2.59339604e+00 -3.24958202e-05 
 2.37364000e-02  2.49900365e+00  3.92417188e+00  2.59419914e+00  2.59383225e+00 -3.24931939e-05 
 2.37414000e-02  2.49900146e+00  3.92443927e+00  2.59445675e+00  2.59417648e+00 -3.24912313e-05 
 2.37464000e-02  2.49900026e+00  3.92461402e+00  2.59462179e+00  2.59442842e+00 -3.24899343e-05 
 2.37514000e-02  2.49900004e+00  3.92469596e+00  2.59469411e+00  2.59458782e+00 -3.24893040e-05 
 2.37564000e-02  2.49900081e+00  3.92468502e+00  2.59467364e+00  2.59465452e+00 -3.24893411e-05 
 2.37614000e-02  2.49900256e+00  3.92458120e+00  2.59456038e+00  2.59462847e+00 -3.24900456e-05 
 2.37664000e-02  2.49900530e+00  3.92438461e+00  2.59435446e+00  2.59450969e+00 -3.24914169e-05 
 2.37714000e-02  2.49900903e+00  3.92409543e+00  2.59405607e+00  2.59429828e+00 -3.24934535e-05 
 2.37764000e-02  2.49901373e+00  3.92371394e+00  2.59366550e+00  2.59399447e+00 -3.24961536e-05 
 2.37814000e-02  2.49901940e+00  3.92324050e+00  2.59318312e+00  2.59359852e+00 -3.24995146e-05 
 2.37864000e-02  2.49902604e+00  3.92267558e+00  2.59260940e+00  2.59311084e+00 -3.25035332e-05 
 2.37914000e-02  2.49903364e+00  3.92201971e+00  2.59194488e+00  2.59253188e+00 -3.25082058e-05 
 2.37964000e-02  2.49904220e+00  3.92127353e+00  2.59119021e+00  2.59186220e+00 -3.25135277e-05 
 2.38014000e-02  2.49905170e+00  3.92043774e+00  2.59034610e+00  2.59110245e+00 -3.25194940e-05 
 2.38064000e-02  2.49906214e+00  3.91951316e+00  2.58941339e+00  2.59025335e+00 -3.25260989e-05 
 2.38114000e-02  2.49907350e+00  3.91850068e+00  2.58839295e+00  2.58931572e+00 -3.25333361e-05 
 2.38164000e-02  2.49908577e+00  3.91740126e+00  2.58728577e+00  2.58829047e+00 -3.25411987e-05 
 2.38214000e-02  2.49909895e+00  3.91621597e+00  2.58609293e+00  2.58717858e+00 -3.25496792e-05 
 2.38264000e-02  2.49911302e+00  3.91494595e+00  2.58481555e+00  2.58598112e+00 -3.25587695e-05 
 2.38314000e-02  2.49912796e+00  3.91359242e+00  2.58345489e+00  2.58469925e+00 -3.25684609e-05 
 2.38364000e-02  2.49914377e+00  3.91215668e+00  2.58201225e+00  2.58333420e+00 -3.25787441e-05 
 2.38414000e-02  2.49916042e+00  3.91064013e+00  2.58048902e+00  2.58188728e+00 -3.25896091e-05 
 2.38464000e-02  2.49917790e+00  3.90904422e+00  2.57888667e+00  2.58035990e+00 -3.26010457e-05 
 2.38514000e-02  2.49919618e+00  3.90737050e+00  2.57720675e+00  2.57875352e+00 -3.26130429e-05 
 2.38564000e-02  2.49921527e+00  3.90562059e+00  2.57545089e+00  2.57706970e+00 -3.26255890e-05 
 2.38614000e-02  2.49923512e+00  3.90379617e+00  2.57362077e+00  2.57531007e+00 -3.26386721e-05 
 2.38664000e-02  2.49925574e+00  3.90189901e+00  2.57171818e+00  2.57347632e+00 -3.26522795e-05 
 2.38714000e-02  2.49927708e+00  3.89993094e+00  2.56974495e+00  2.57157024e+00 -3.26663982e-05 
 2.38764000e-02  2.49929914e+00  3.89789388e+00  2.56770299e+00  2.56959366e+00 -3.26810145e-05 
 2.38814000e-02  2.49932189e+00  3.89578980e+00  2.56559429e+00  2.56754851e+00 -3.26961144e-05 
 2.38864000e-02  2.49934531e+00  3.89362074e+00  2.56342089e+00  2.56543676e+00 -3.27116832e-05 
 2.38914000e-02  2.49936938e+00  3.89138880e+00  2.56118490e+00  2.56326047e+00 -3.27277059e-05 
 2.38964000e-02  2.49939407e+00  3.88909616e+00  2.55888849e+00  2.56102174e+00 -3.27441670e-05 
 2.39014000e-02  2.49941935e+00  3.88674504e+00  2.55653390e+00  2.55872275e+00 -3.27610507e-05 
 2.39064000e-02  2.49944521e+00  3.88433773e+00  2.55412341e+00  2.55636574e+00 -3.27783404e-05 
 2.39114000e-02  2.49947162e+00  3.88187657e+00  2.55165938e+00  2.55395300e+00 -3.27960194e-05 
 2.39164000e-02  2.49949855e+00  3.87936397e+00  2.54914421e+00  2.55148689e+00 -3.28140707e-05 
 2.39214000e-02  2.49952597e+00  3.87680237e+00  2.54658034e+00  2.54896979e+00 -3.28324765e-05 
 2.39264000e-02  2.49955386e+00  3.87419427e+00  2.54397028e+00  2.54640418e+00 -3.28512191e-05 
 2.39314000e-02  2.49958220e+00  3.87154222e+00  2.54131657e+00  2.54379254e+00 -3.28702801e-05 
 2.39364000e-02  2.49961094e+00  3.86884882e+00  2.53862183e+00  2.54113744e+00 -3.28896411e-05 
 2.39414000e-02  2.49964007e+00  3.86611669e+00  2.53588867e+00  2.53844147e+00 -3.29092830e-05 
 2.39464000e-02  2.49966955e+00  3.86334851e+00  2.53311978e+00  2.53570727e+00 -3.29291867e-05 
 2.39514000e-02  2.49969936e+00  3.86054700e+00  2.53031786e+00  2.53293751e+00 -3.29493327e-05 
 2.39564000e-02  2.49972947e+00  3.85771490e+00  2.52748567e+00  2.53013491e+00 -3.29697014e-05 
 2.39614000e-02  2.49975984e+00  3.85485498e+00  2.52462598e+00  2.52730221e+00 -3.29902728e-05 
 2.39664000e-02  2.49979045e+00  3.85197007e+00  2.52174161e+00  2.52444220e+00 -3.30110266e-05 
 2.39714000e-02  2.49982127e+00  3.84906299e+00  2.51883538e+00  2.52155768e+00 -3.30319426e-05 
 2.39764000e-02  2.49985226e+00  3.84613660e+00  2.51591016e+00  2.51865150e+00 -3.30530001e-05 
 2.39814000e-02  2.49988340e+00  3.84319378e+00  2.51296883e+00  2.51572650e+00 -3.30741786e-05 
 2.39864000e-02  2.49991465e+00  3.84023743e+00  2.51001427e+00  2.51278556e+00 -3.30954570e-05 
 2.39914000e-02  2.49994599e+00  3.83727047e+00  2.50704941e+00  2.50983159e+00 -3.31168145e-05 
 2.39964000e-02  2.49997738e+00  3.83429582e+00  2.50407717e+00  2.50686749e+00 -3.31382301e-05 
 2.40014000e-02  2.50000880e+00  3.83131642e+00  2.50110048e+00  2.50389620e+00 -3.31596824e-05 
 2.40064000e-02  2.50004020e+00  3.82833521e+00  2.49812228e+00  2.50092063e+00 -3.31811505e-05 
 2.40114000e-02  2.50007157e+00  3.82535514e+00  2.49514552e+00  2.49794374e+00 -3.32026130e-05 
 2.40164000e-02  2.50010286e+00  3.82237914e+00  2.49217314e+00  2.49496846e+00 -3.32240487e-05 
 2.40214000e-02  2.50013406e+00  3.81941018e+00  2.48920808e+00  2.49199773e+00 -3.32454364e-05 
 2.40264000e-02  2.50016512e+00  3.81645119e+00  2.48625328e+00  2.48903450e+00 -3.32667548e-05 
 2.40314000e-02  2.50019601e+00  3.81350511e+00  2.48331167e+00  2.48608171e+00 -3.32879829e-05 
 2.40364000e-02  2.50022672e+00  3.81057484e+00  2.48038616e+00  2.48314227e+00 -3.33090995e-05 
 2.40414000e-02  2.50025720e+00  3.80766331e+00  2.47747966e+00  2.48021910e+00 -3.33300838e-05 
 2.40464000e-02  2.50028743e+00  3.80477340e+00  2.47459505e+00  2.47731511e+00 -3.33509147e-05 
 2.40514000e-02  2.50031737e+00  3.80190798e+00  2.47173519e+00  2.47443317e+00 -3.33715716e-05 
 2.40564000e-02  2.50034700e+00  3.79906990e+00  2.46890294e+00  2.47157615e+00 -3.33920339e-05 
 2.40614000e-02  2.50037629e+00  3.79626198e+00  2.46610110e+00  2.46874690e+00 -3.34122812e-05 
 2.40664000e-02  2.50040521e+00  3.79348702e+00  2.46333247e+00  2.46594821e+00 -3.34322934e-05 
 2.40714000e-02  2.50043372e+00  3.79074778e+00  2.46059980e+00  2.46318288e+00 -3.34520504e-05 
 2.40764000e-02  2.50046181e+00  3.78804699e+00  2.45790581e+00  2.46045366e+00 -3.34715326e-05 
 2.40814000e-02  2.50048944e+00  3.78538733e+00  2.45525318e+00  2.45776327e+00 -3.34907204e-05 
 2.40864000e-02  2.50051659e+00  3.78277146e+00  2.45264457e+00  2.45511438e+00 -3.35095948e-05 
 2.40914000e-02  2.50054323e+00  3.78020199e+00  2.45008257e+00  2.45250965e+00 -3.35281368e-05 
 2.40964000e-02  2.50056934e+00  3.77768148e+00  2.44756973e+00  2.44995166e+00 -3.35463278e-05 
 2.41014000e-02  2.50059488e+00  3.77521245e+00  2.44510858e+00  2.44744298e+00 -3.35641497e-05 
 2.41064000e-02  2.50061983e+00  3.77279737e+00  2.44270156e+00  2.44498609e+00 -3.35815846e-05 
 2.41114000e-02  2.50064418e+00  3.77043864e+00  2.44035107e+00  2.44258347e+00 -3.35986150e-05 
 2.41164000e-02  2.50066788e+00  3.76813862e+00  2.43805948e+00  2.44023750e+00 -3.36152238e-05 
 2.41214000e-02  2.50069093e+00  3.76589961e+00  2.43582907e+00  2.43795054e+00 -3.36313945e-05 
 2.41264000e-02  2.50071330e+00  3.76372386e+00  2.43366207e+00  2.43572486e+00 -3.36471106e-05 
 2.41314000e-02  2.50073496e+00  3.76161353e+00  2.43156064e+00  2.43356270e+00 -3.36623566e-05 
 2.41364000e-02  2.50075590e+00  3.75957074e+00  2.42952689e+00  2.43146622e+00 -3.36771170e-05 
 2.41414000e-02  2.50077609e+00  3.75759754e+00  2.42756287e+00  2.42943751e+00 -3.36913770e-05 
 2.41464000e-02  2.50079552e+00  3.75569590e+00  2.42567052e+00  2.42747861e+00 -3.37051223e-05 
 2.41514000e-02  2.50081416e+00  3.75386772e+00  2.42385176e+00  2.42559148e+00 -3.37183391e-05 
 2.41564000e-02  2.50083199e+00  3.75211484e+00  2.42210839e+00  2.42377800e+00 -3.37310140e-05 
 2.41614000e-02  2.50084901e+00  3.75043901e+00  2.42044217e+00  2.42204000e+00 -3.37431344e-05 
 2.41664000e-02  2.50086519e+00  3.74884191e+00  2.41885477e+00  2.42037922e+00 -3.37546880e-05 
 2.41714000e-02  2.50088051e+00  3.74732515e+00  2.41734778e+00  2.41879731e+00 -3.37656631e-05 
 2.41764000e-02  2.50089497e+00  3.74589024e+00  2.41592270e+00  2.41729587e+00 -3.37760488e-05 
 2.41814000e-02  2.50090854e+00  3.74453862e+00  2.41458098e+00  2.41587641e+00 -3.37858345e-05 
 2.41864000e-02  2.50092121e+00  3.74327165e+00  2.41332395e+00  2.41454034e+00 -3.37950105e-05 
 2.41914000e-02  2.50093298e+00  3.74209060e+00  2.41215288e+00  2.41328900e+00 -3.38035674e-05 
 2.41964000e-02  2.50094382e+00  3.74099666e+00  2.41106894e+00  2.41212366e+00 -3.38114966e-05 
 2.42014000e-02  2.50095374e+00  3.73999091e+00  2.41007322e+00  2.41104548e+00 -3.38187902e-05 
 2.42064000e-02  2.50096271e+00  3.73907438e+00  2.40916671e+00  2.41005554e+00 -3.38254408e-05 
 2.42114000e-02  2.50097073e+00  3.73824798e+00  2.40835034e+00  2.40915483e+00 -3.38314417e-05 
 2.42164000e-02  2.50097780e+00  3.73751254e+00  2.40762491e+00  2.40834427e+00 -3.38367868e-05 
 2.42214000e-02  2.50098390e+00  3.73686880e+00  2.40699115e+00  2.40762466e+00 -3.38414707e-05 
 2.42264000e-02  2.50098903e+00  3.73631740e+00  2.40644971e+00  2.40699672e+00 -3.38454888e-05 
 2.42314000e-02  2.50099318e+00  3.73585890e+00  2.40600113e+00  2.40646110e+00 -3.38488369e-05 
 2.42364000e-02  2.50099635e+00  3.73549376e+00  2.40564585e+00  2.40601831e+00 -3.38515117e-05 
 2.42414000e-02  2.50099854e+00  3.73522234e+00  2.40538423e+00  2.40566881e+00 -3.38535105e-05 
 2.42464000e-02  2.50099974e+00  3.73504492e+00  2.40521653e+00  2.40541296e+00 -3.38548313e-05 
 2.42514000e-02  2.50099996e+00  3.73496168e+00  2.40514293e+00  2.40525100e+00 -3.38554728e-05 
 2.42564000e-02  2.50099919e+00  3.73497269e+00  2.40516350e+00  2.40518309e+00 -3.38554342e-05 
 2.42614000e-02  2.50099744e+00  3.73507796e+00  2.40527821e+00  2.40520932e+00 -3.38547158e-05 
 2.42664000e-02  2.50099470e+00  3.73527736e+00  2.40548696e+00  2.40532964e+00 -3.38533181e-05 
 2.42714000e-02  2.50099097e+00  3.73557070e+00  2.40578952e+00  2.40554395e+00 -3.38512426e-05 
 2.42764000e-02  2.50098627e+00  3.73595769e+00  2.40618560e+00  2.40585201e+00 -3.38484913e-05 
 2.42814000e-02  2.50098060e+00  3.73643793e+00  2.40667481e+00  2.40625354e+00 -3.38450672e-05 
 2.42864000e-02  2.50097396e+00  3.73701095e+00  2.40725663e+00  2.40674811e+00 -3.38409736e-05 
 2.42914000e-02  2.50096636e+00  3.73767617e+00  2.40793050e+00  2.40733523e+00 -3.38362147e-05 
 2.42964000e-02  2.50095780e+00  3.73843292e+00  2.40869574e+00  2.40801432e+00 -3.38307952e-05 
 2.43014000e-02  2.50094830e+00  3.73928044e+00  2.40955158e+00  2.40878470e+00 -3.38247207e-05 
 2.43064000e-02  2.50093786e+00  3.74021787e+00  2.41049715e+00  2.40964558e+00 -3.38179973e-05 
 2.43114000e-02  2.50092650e+00  3.74124429e+00  2.41153151e+00  2.41059610e+00 -3.38106317e-05 
 2.43164000e-02  2.50091423e+00  3.74235865e+00  2.41265363e+00  2.41163532e+00 -3.38026315e-05 
 2.43214000e-02  2.50090105e+00  3.74355984e+00  2.41386236e+00  2.41276218e+00 -3.37940046e-05 
 2.43264000e-02  2.50088698e+00  3.74484665e+00  2.41515651e+00  2.41397555e+00 -3.37847598e-05 
 2.43314000e-02  2.50087204e+00  3.74621780e+00  2.41653477e+00  2.41527423e+00 -3.37749064e-05 
 2.43364000e-02  2.50085623e+00  3.74767190e+00  2.41799577e+00  2.41665690e+00 -3.37644543e-05 
 2.43414000e-02  2.50083958e+00  3.74920750e+00  2.41953802e+00  2.41812217e+00 -3.37534140e-05 
 2.43464000e-02  2.50082210e+00  3.75082305e+00  2.42116000e+00  2.41966859e+00 -3.37417968e-05 
 2.43514000e-02  2.50080382e+00  3.75251695e+00  2.42286007e+00  2.42129459e+00 -3.37296142e-05 
 2.43564000e-02  2.50078473e+00  3.75428748e+00  2.42463652e+00  2.42299855e+00 -3.37168785e-05 
 2.43614000e-02  2.50076488e+00  3.75613288e+00  2.42648758e+00  2.42477876e+00 -3.37036027e-05 
 2.43664000e-02  2.50074426e+00  3.75805130e+00  2.42841140e+00  2.42663344e+00 -3.36897999e-05 
 2.43714000e-02  2.50072292e+00  3.76004081e+00  2.43040604e+00  2.42856072e+00 -3.36754842e-05 
 2.43764000e-02  2.50070086e+00  3.76209943e+00  2.43246952e+00  2.43055868e+00 -3.36606699e-05 
 2.43814000e-02  2.50067811e+00  3.76422508e+00  2.43459976e+00  2.43262532e+00 -3.36453718e-05 
 2.43864000e-02  2.50065469e+00  3.76641566e+00  2.43679463e+00  2.43475856e+00 -3.36296055e-05 
 2.43914000e-02  2.50063062e+00  3.76866895e+00  2.43905193e+00  2.43695628e+00 -3.36133866e-05 
 2.43964000e-02  2.50060593e+00  3.77098272e+00  2.44136942e+00  2.43921628e+00 -3.35967314e-05 
 2.44014000e-02  2.50058065e+00  3.77335465e+00  2.44374477e+00  2.44153629e+00 -3.35796568e-05 
 2.44064000e-02  2.50055479e+00  3.77578236e+00  2.44617560e+00  2.44391399e+00 -3.35621798e-05 
 2.44114000e-02  2.50052838e+00  3.77826343e+00  2.44865950e+00  2.44634702e+00 -3.35443178e-05 
 2.44164000e-02  2.50050145e+00  3.78079539e+00  2.45119398e+00  2.44883294e+00 -3.35260889e-05 
 2.44214000e-02  2.50047403e+00  3.78337571e+00  2.45377652e+00  2.45136927e+00 -3.35075113e-05 
 2.44264000e-02  2.50044614e+00  3.78600180e+00  2.45640452e+00  2.45395347e+00 -3.34886034e-05 
 2.44314000e-02  2.50041780e+00  3.78867107e+00  2.45907538e+00  2.45658297e+00 -3.34693844e-05 
 2.44364000e-02  2.50038906e+00  3.79138084e+00  2.46178643e+00  2.45925515e+00 -3.34498733e-05 
 2.44414000e-02  2.50035993e+00  3.79412841e+00  2.46453498e+00  2.46196734e+00 -3.34300897e-05 
 2.44464000e-02  2.50033045e+00  3.79691105e+00  2.46731827e+00  2.46471684e+00 -3.34100532e-05 
 2.44514000e-02  2.50030064e+00  3.79972598e+00  2.47013355e+00  2.46750092e+00 -3.33897840e-05 
 2.44564000e-02  2.50027053e+00  3.80257042e+00  2.47297802e+00  2.47031680e+00 -3.33693022e-05 
 2.44614000e-02  2.50024016e+00  3.80544152e+00  2.47584883e+00  2.47316168e+00 -3.33486281e-05 
 2.44664000e-02  2.50020955e+00  3.80833644e+00  2.47874315e+00  2.47603273e+00 -3.33277825e-05 
 2.44714000e-02  2.50017873e+00  3.81125231e+00  2.48165810e+00  2.47892710e+00 -3.33067859e-05 
 2.44764000e-02  2.50014774e+00  3.81418621e+00  2.48459079e+00  2.48184192e+00 -3.32856593e-05 
 2.44814000e-02  2.50011660e+00  3.81713526e+00  2.48753829e+00  2.48477430e+00 -3.32644238e-05 
 2.44864000e-02  2.50008535e+00  3.82009652e+00  2.49049770e+00  2.48772131e+00 -3.32431002e-05 
 2.44914000e-02  2.50005401e+00  3.82306706e+00  2.49346609e+00  2.49068005e+00 -3.32217099e-05 
 2.44964000e-02  2.50002262e+00  3.82604394e+00  2.49644050e+00  2.49364758e+00 -3.32002739e-05 
 2.45014000e-02  2.49999120e+00  3.82902421e+00  2.49941800e+00  2.49662096e+00 -3.31788136e-05 
 2.45064000e-02  2.49995980e+00  3.83200492e+00  2.50239565e+00  2.49959726e+00 -3.31573501e-05 
 2.45114000e-02  2.49992843e+00  3.83498313e+00  2.50537050e+00  2.50257352e+00 -3.31359046e-05 
 2.45164000e-02  2.49989714e+00  3.83795591e+00  2.50833961e+00  2.50554681e+00 -3.31144984e-05 
 2.45214000e-02  2.49986594e+00  3.84092030e+00  2.51130006e+00  2.50851419e+00 -3.30931525e-05 
 2.45264000e-02  2.49983488e+00  3.84387340e+00  2.51424892e+00  2.51147273e+00 -3.30718881e-05 
 2.45314000e-02  2.49980399e+00  3.84681229e+00  2.51718329e+00  2.51441952e+00 -3.30507259e-05 
 2.45364000e-02  2.49977328e+00  3.84973408e+00  2.52010029e+00  2.51735165e+00 -3.30296870e-05 
 2.45414000e-02  2.49974280e+00  3.85263589e+00  2.52299703e+00  2.52026624e+00 -3.30087919e-05 
 2.45464000e-02  2.49971257e+00  3.85551487e+00  2.52587067e+00  2.52316041e+00 -3.29880611e-05 
 2.45514000e-02  2.49968263e+00  3.85836819e+00  2.52871839e+00  2.52603133e+00 -3.29675151e-05 
 2.45564000e-02  2.49965300e+00  3.86119305e+00  2.53153739e+00  2.52887616e+00 -3.29471739e-05 
 2.45614000e-02  2.49962371e+00  3.86398668e+00  2.53432491e+00  2.53169213e+00 -3.29270575e-05 
 2.45664000e-02  2.49959479e+00  3.86674634e+00  2.53707821e+00  2.53447646e+00 -3.29071855e-05 
 2.45714000e-02  2.49956628e+00  3.86946932e+00  2.53979460e+00  2.53722642e+00 -3.28875774e-05 
 2.45764000e-02  2.49953819e+00  3.87215296e+00  2.54247142e+00  2.53993933e+00 -3.28682523e-05 
 2.45814000e-02  2.49951056e+00  3.87479465e+00  2.54510605e+00  2.54261253e+00 -3.28492291e-05 
 2.45864000e-02  2.49948341e+00  3.87739178e+00  2.54769592e+00  2.54524340e+00 -3.28305264e-05 
 2.45914000e-02  2.49945677e+00  3.87994184e+00  2.55023849e+00  2.54782937e+00 -3.28121622e-05 
 2.45964000e-02  2.49943066e+00  3.88244232e+00  2.55273129e+00  2.55036793e+00 -3.27941545e-05 
 2.46014000e-02  2.49940512e+00  3.88489080e+00  2.55517188e+00  2.55285658e+00 -3.27765208e-05 
 2.46064000e-02  2.49938017e+00  3.88728488e+00  2.55755789e+00  2.55529290e+00 -3.27592782e-05 
 2.46114000e-02  2.49935582e+00  3.88962225e+00  2.55988700e+00  2.55767453e+00 -3.27424435e-05 
 2.46164000e-02  2.49933212e+00  3.89190061e+00  2.56215694e+00  2.55999914e+00 -3.27260329e-05 
 2.46214000e-02  2.49930907e+00  3.89411776e+00  2.56436549e+00  2.56226447e+00 -3.27100623e-05 
 2.46264000e-02  2.49928670e+00  3.89627154e+00  2.56651053e+00  2.56446832e+00 -3.26945472e-05 
 2.46314000e-02  2.49926504e+00  3.89835987e+00  2.56858996e+00  2.56660855e+00 -3.26795026e-05 
 2.46364000e-02  2.49924410e+00  3.90038071e+00  2.57060177e+00  2.56868308e+00 -3.26649429e-05 
 2.46414000e-02  2.49922391e+00  3.90233212e+00  2.57254401e+00  2.57068989e+00 -3.26508824e-05 
 2.46464000e-02  2.49920448e+00  3.90421219e+00  2.57441480e+00  2.57262705e+00 -3.26373344e-05 
 2.46514000e-02  2.49918584e+00  3.90601911e+00  2.57621232e+00  2.57449268e+00 -3.26243120e-05 
 2.46564000e-02  2.49916801e+00  3.90775112e+00  2.57793484e+00  2.57628497e+00 -3.26118279e-05 
 2.46614000e-02  2.49915099e+00  3.90940657e+00  2.57958069e+00  2.57800219e+00 -3.25998939e-05 
 2.46664000e-02  2.49913481e+00  3.91098384e+00  2.58114828e+00  2.57964267e+00 -3.25885216e-05 
 2.46714000e-02  2.49911949e+00  3.91248141e+00  2.58263610e+00  2.58120484e+00 -3.25777219e-05 
 2.46764000e-02  2.49910503e+00  3.91389784e+00  2.58404271e+00  2.58268718e+00 -3.25675050e-05 
 2.46814000e-02  2.49909146e+00  3.91523175e+00  2.58536676e+00  2.58408826e+00 -3.25578810e-05 
 2.46864000e-02  2.49907879e+00  3.91648188e+00  2.58660696e+00  2.58540673e+00 -3.25488589e-05 
 2.46914000e-02  2.49906702e+00  3.91764700e+00  2.58776213e+00  2.58664132e+00 -3.25404474e-05 
 2.46964000e-02  2.49905618e+00  3.91872599e+00  2.58883115e+00  2.58779085e+00 -3.25326545e-05 
 2.47014000e-02  2.49904626e+00  3.91971783e+00  2.58981299e+00  2.58885419e+00 -3.25254878e-05 
 2.47064000e-02  2.49903729e+00  3.92062154e+00  2.59070670e+00  2.58983034e+00 -3.25189540e-05 
 2.47114000e-02  2.49902927e+00  3.92143628e+00  2.59151143e+00  2.59071835e+00 -3.25130595e-05 
 2.47164000e-02  2.49902220e+00  3.92216123e+00  2.59222641e+00  2.59151736e+00 -3.25078098e-05 
 2.47214000e-02  2.49901610e+00  3.92279573e+00  2.59285093e+00  2.59222660e+00 -3.25032100e-05 
 2.47264000e-02  2.49901097e+00  3.92333914e+00  2.59338442e+00  2.59284540e+00 -3.24992644e-05 
 2.47314000e-02  2.49900682e+00  3.92379095e+00  2.59382634e+00  2.59337316e+00 -3.24959769e-05 
 2.47364000e-02  2.49900365e+00  3.92415073e+00  2.59417628e+00  2.59380938e+00 -3.24933505e-05 
 2.47414000e-02  2.49900146e+00  3.92441812e+00  2.59443390e+00  2.59415362e+00 -3.24913878e-05 
 2.47464000e-02  2.49900026e+00  3.92459288e+00  2.59459895e+00  2.59440557e+00 -3.24900907e-05 
 2.47514000e-02  2.49900004e+00  3.92467483e+00  2.59467128e+00  2.59456498e+00 -3.24894604e-05 
 2.47564000e-02  2.49900081e+00  3.92466389e+00  2.59465081e+00  2.59463169e+00 -3.24894975e-05 
 2.47614000e-02  2.49900256e+00  3.92456008e+00  2.59453757e+00  2.59460565e+00 -3.24902020e-05 
 2.47664000e-02  2.49900530e+00  3.92436349e+00  2.59433166e+00  2.59448687e+00 -3.24915731e-05 
 2.47714000e-02  2.49900903e+00  3.92407432e+00  2.59403328e+00  2.59427548e+00 -3.24936097e-05 
 2.47764000e-02  2.49901373e+00  3.92369284e+00  2.59364271e+00  2.59397167e+00 -3.24963097e-05 
 2.47814000e-02  2.49901940e+00  3.92321941e+00  2.59316034e+00  2.59357574e+00 -3.24996707e-05 
 2.47864000e-02  2.49902604e+00  3.92265449e+00  2.59258662e+00  2.59308806e+00 -3.25036893e-05 
 2.47914000e-02  2.49903364e+00  3.92199863e+00  2.59192211e+00  2.59250911e+00 -3.25083618e-05 
 2.47964000e-02  2.49904220e+00  3.92125245e+00  2.59116745e+00  2.59183944e+00 -3.25136837e-05 
 2.48014000e-02  2.49905170e+00  3.92041667e+00  2.59032335e+00  2.59107969e+00 -3.25196499e-05 
 2.48064000e-02  2.49906214e+00  3.91949210e+00  2.58939064e+00  2.59023060e+00 -3.25262548e-05 
 2.48114000e-02  2.49907350e+00  3.91847961e+00  2.58837021e+00  2.58929298e+00 -3.25334920e-05 
 2.48164000e-02  2.49908577e+00  3.91738020e+00  2.58726304e+00  2.58826774e+00 -3.25413546e-05 
 2.48214000e-02  2.49909895e+00  3.91619492e+00  2.58607020e+00  2.58715585e+00 -3.25498351e-05 
 2.48264000e-02  2.49911302e+00  3.91492490e+00  2.58479284e+00  2.58595840e+00 -3.25589253e-05 
 2.48314000e-02  2.49912796e+00  3.91357137e+00  2.58343218e+00  2.58467653e+00 -3.25686167e-05 
 2.48364000e-02  2.49914377e+00  3.91213564e+00  2.58198955e+00  2.58331149e+00 -3.25788998e-05 
 2.48414000e-02  2.49916042e+00  3.91061909e+00  2.58046632e+00  2.58186458e+00 -3.25897649e-05 
 2.48464000e-02  2.49917790e+00  3.90902319e+00  2.57886398e+00  2.58033720e+00 -3.26012014e-05 
 2.48514000e-02  2.49919618e+00  3.90734947e+00  2.57718407e+00  2.57873083e+00 -3.26131985e-05 
 2.48564000e-02  2.49921527e+00  3.90559956e+00  2.57542821e+00  2.57704702e+00 -3.26257447e-05 
 2.48614000e-02  2.49923512e+00  3.90377514e+00  2.57359810e+00  2.57528739e+00 -3.26388277e-05 
 2.48664000e-02  2.49925574e+00  3.90187799e+00  2.57169551e+00  2.57345365e+00 -3.26524351e-05 
 2.48714000e-02  2.49927708e+00  3.89990992e+00  2.56972228e+00  2.57154757e+00 -3.26665538e-05 
 2.48764000e-02  2.49929914e+00  3.89787287e+00  2.56768033e+00  2.56957100e+00 -3.26811701e-05 
 2.48814000e-02  2.49932189e+00  3.89576879e+00  2.56557164e+00  2.56752585e+00 -3.26962699e-05 
 2.48864000e-02  2.49934531e+00  3.89359973e+00  2.56339824e+00  2.56541411e+00 -3.27118387e-05 
 2.48914000e-02  2.49936938e+00  3.89136780e+00  2.56116226e+00  2.56323782e+00 -3.27278614e-05 
 2.48964000e-02  2.49939407e+00  3.88907516e+00  2.55886585e+00  2.56099909e+00 -3.27443225e-05 
 2.49014000e-02  2.49941935e+00  3.88672404e+00  2.55651127e+00  2.55870011e+00 -3.27612061e-05 
 2.49064000e-02  2.49944521e+00  3.88431673e+00  2.55410079e+00  2.55634311e+00 -3.27784959e-05 
 2.49114000e-02  2.49947162e+00  3.88185558e+00  2.55163676e+00  2.55393037e+00 -3.27961749e-05 
 2.49164000e-02  2.49949855e+00  3.87934298e+00  2.54912158e+00  2.55146426e+00 -3.28142261e-05 
 2.49214000e-02  2.49952597e+00  3.87678138e+00  2.54655772e+00  2.54894717e+00 -3.28326320e-05 
 2.49264000e-02  2.49955386e+00  3.87417328e+00  2.54394766e+00  2.54638156e+00 -3.28513745e-05 
 2.49314000e-02  2.49958220e+00  3.87152124e+00  2.54129397e+00  2.54376993e+00 -3.28704356e-05 
 2.49364000e-02  2.49961094e+00  3.86882783e+00  2.53859922e+00  2.54111484e+00 -3.28897965e-05 
 2.49414000e-02  2.49964007e+00  3.86609570e+00  2.53586607e+00  2.53841887e+00 -3.29094384e-05 
 2.49464000e-02  2.49966955e+00  3.86332753e+00  2.53309718e+00  2.53568467e+00 -3.29293421e-05 
 2.49514000e-02  2.49969936e+00  3.86052602e+00  2.53029527e+00  2.53291492e+00 -3.29494881e-05 
 2.49564000e-02  2.49972947e+00  3.85769392e+00  2.52746308e+00  2.53011232e+00 -3.29698568e-05 
 2.49614000e-02  2.49975984e+00  3.85483401e+00  2.52460340e+00  2.52727963e+00 -3.29904281e-05 
 2.49664000e-02  2.49979045e+00  3.85194909e+00  2.52171903e+00  2.52441962e+00 -3.30111820e-05 
 2.49714000e-02  2.49982127e+00  3.84904201e+00  2.51881281e+00  2.52153511e+00 -3.30320980e-05 
 2.49764000e-02  2.49985226e+00  3.84611563e+00  2.51588759e+00  2.51862892e+00 -3.30531555e-05 
 2.49814000e-02  2.49988340e+00  3.84317281e+00  2.51294626e+00  2.51570393e+00 -3.30743339e-05 
 2.49864000e-02  2.49991465e+00  3.84021647e+00  2.50999171e+00  2.51276300e+00 -3.30956124e-05 
 2.49914000e-02  2.49994599e+00  3.83724951e+00  2.50702686e+00  2.50980903e+00 -3.31169699e-05 
 2.49964000e-02  2.49997738e+00  3.83427486e+00  2.50405462e+00  2.50684494e+00 -3.31383854e-05 
 2.50014000e-02  2.50000880e+00  3.83129546e+00  2.50107793e+00  2.50387364e+00 -3.31598378e-05 
 2.50064000e-02  2.50004020e+00  3.82831425e+00  2.49809974e+00  2.50089808e+00 -3.31813058e-05 
 2.50114000e-02  2.50007157e+00  3.82533418e+00  2.49512298e+00  2.49792119e+00 -3.32027683e-05 
 2.50164000e-02  2.50010286e+00  3.82235819e+00  2.49215060e+00  2.49494591e+00 -3.32242040e-05 
 2.50214000e-02  2.50013406e+00  3.81938923e+00  2.48918555e+00  2.49197519e+00 -3.32455917e-05 
 2.50264000e-02  2.50016512e+00  3.81643024e+00  2.48623075e+00  2.48901197e+00 -3.32669101e-05 
 2.50314000e-02  2.50019601e+00  3.81348416e+00  2.48328915e+00  2.48605918e+00 -3.32881382e-05 
 2.50364000e-02  2.50022672e+00  3.81055389e+00  2.48036364e+00  2.48311974e+00 -3.33092548e-05 
 2.50414000e-02  2.50025720e+00  3.80764236e+00  2.47745714e+00  2.48019658e+00 -3.33302390e-05 
 2.50464000e-02  2.50028743e+00  3.80475245e+00  2.47457254e+00  2.47729259e+00 -3.33510699e-05 
 2.50514000e-02  2.50031737e+00  3.80188704e+00  2.47171269e+00  2.47441066e+00 -3.33717268e-05 
 2.50564000e-02  2.50034700e+00  3.79904896e+00  2.46888044e+00  2.47155365e+00 -3.33921891e-05 
 2.50614000e-02  2.50037629e+00  3.79624105e+00  2.46607861e+00  2.46872439e+00 -3.34124364e-05 
 2.50664000e-02  2.50040521e+00  3.79346609e+00  2.46330998e+00  2.46592571e+00 -3.34324486e-05 
 2.50714000e-02  2.50043372e+00  3.79072685e+00  2.46057731e+00  2.46316039e+00 -3.34522056e-05 
 2.50764000e-02  2.50046181e+00  3.78802606e+00  2.45788332e+00  2.46043117e+00 -3.34716877e-05 
 2.50814000e-02  2.50048944e+00  3.78536640e+00  2.45523070e+00  2.45774078e+00 -3.34908756e-05 
 2.50864000e-02  2.50051659e+00  3.78275054e+00  2.45262209e+00  2.45509191e+00 -3.35097499e-05 
 2.50914000e-02  2.50054323e+00  3.78018107e+00  2.45006010e+00  2.45248718e+00 -3.35282919e-05 
 2.50964000e-02  2.50056934e+00  3.77766057e+00  2.44754727e+00  2.44992920e+00 -3.35464829e-05 
 2.51014000e-02  2.50059488e+00  3.77519154e+00  2.44508612e+00  2.44742052e+00 -3.35643047e-05 
 2.51064000e-02  2.50061983e+00  3.77277646e+00  2.44267911e+00  2.44496364e+00 -3.35817396e-05 
 2.51114000e-02  2.50064418e+00  3.77041773e+00  2.44032863e+00  2.44256102e+00 -3.35987700e-05 
 2.51164000e-02  2.50066788e+00  3.76811771e+00  2.43803704e+00  2.44021506e+00 -3.36153788e-05 
 2.51214000e-02  2.50069093e+00  3.76587871e+00  2.43580664e+00  2.43792810e+00 -3.36315494e-05 
 2.51264000e-02  2.50071330e+00  3.76370296e+00  2.43363964e+00  2.43570243e+00 -3.36472656e-05 
 2.51314000e-02  2.50073496e+00  3.76159264e+00  2.43153822e+00  2.43354028e+00 -3.36625115e-05 
 2.51364000e-02  2.50075590e+00  3.75954985e+00  2.42950448e+00  2.43144380e+00 -3.36772719e-05 
 2.51414000e-02  2.50077609e+00  3.75757666e+00  2.42754046e+00  2.42941510e+00 -3.36915319e-05 
 2.51464000e-02  2.50079552e+00  3.75567502e+00  2.42564812e+00  2.42745620e+00 -3.37052772e-05 
 2.51514000e-02  2.50081416e+00  3.75384685e+00  2.42382936e+00  2.42556908e+00 -3.37184939e-05 
 2.51564000e-02  2.50083199e+00  3.75209397e+00  2.42208600e+00  2.42375561e+00 -3.37311688e-05 
 2.51614000e-02  2.50084901e+00  3.75041814e+00  2.42041979e+00  2.42201761e+00 -3.37432891e-05 
 2.51664000e-02  2.50086519e+00  3.74882105e+00  2.41883239e+00  2.42035683e+00 -3.37548427e-05 
 2.51714000e-02  2.50088051e+00  3.74730429e+00  2.41732541e+00  2.41877494e+00 -3.37658178e-05 
 2.51764000e-02  2.50089497e+00  3.74586939e+00  2.41590034e+00  2.41727351e+00 -3.37762034e-05 
 2.51814000e-02  2.50090854e+00  3.74451777e+00  2.41455863e+00  2.41585405e+00 -3.37859891e-05 
 2.51864000e-02  2.50092121e+00  3.74325081e+00  2.41330161e+00  2.41451798e+00 -3.37951650e-05 
 2.51914000e-02  2.50093298e+00  3.74206977e+00  2.41213054e+00  2.41326666e+00 -3.38037219e-05 
 2.51964000e-02  2.50094382e+00  3.74097583e+00  2.41104661e+00  2.41210132e+00 -3.38116511e-05 
 2.52014000e-02  2.50095374e+00  3.73997009e+00  2.41005089e+00  2.41102315e+00 -3.38189447e-05 
 2.52064000e-02  2.50096271e+00  3.73905356e+00  2.40914440e+00  2.41003321e+00 -3.38255952e-05 
 2.52114000e-02  2.50097073e+00  3.73822716e+00  2.40832803e+00  2.40913252e+00 -3.38315960e-05 
 2.52164000e-02  2.50097780e+00  3.73749173e+00  2.40760261e+00  2.40832196e+00 -3.38369411e-05 
 2.52214000e-02  2.50098390e+00  3.73684799e+00  2.40696886e+00  2.40760236e+00 -3.38416250e-05 
 2.52264000e-02  2.50098903e+00  3.73629660e+00  2.40642743e+00  2.40697443e+00 -3.38456430e-05 
 2.52314000e-02  2.50099318e+00  3.73583811e+00  2.40597885e+00  2.40643881e+00 -3.38489911e-05 
 2.52364000e-02  2.50099635e+00  3.73547297e+00  2.40562358e+00  2.40599604e+00 -3.38516658e-05 
 2.52414000e-02  2.50099854e+00  3.73520156e+00  2.40536197e+00  2.40564655e+00 -3.38536646e-05 
 2.52464000e-02  2.50099974e+00  3.73502415e+00  2.40519428e+00  2.40539070e+00 -3.38549854e-05 
 2.52514000e-02  2.50099996e+00  3.73494091e+00  2.40512069e+00  2.40522875e+00 -3.38556268e-05 
 2.52564000e-02  2.50099919e+00  3.73495193e+00  2.40514127e+00  2.40516085e+00 -3.38555882e-05 
 2.52614000e-02  2.50099744e+00  3.73505720e+00  2.40525599e+00  2.40518709e+00 -3.38548696e-05 
 2.52664000e-02  2.50099470e+00  3.73525661e+00  2.40546474e+00  2.40530742e+00 -3.38534719e-05 
 2.52714000e-02  2.50099097e+00  3.73554996e+00  2.40576732e+00  2.40552173e+00 -3.38513963e-05 
 2.52764000e-02  2.50098627e+00  3.73593696e+00  2.40616341e+00  2.40582981e+00 -3.38486450e-05 
 2.52814000e-02  2.50098060e+00  3.73641721e+00  2.40665262e+00  2.40623134e+00 -3.38452208e-05 
 2.52864000e-02  2.50097396e+00  3.73699024e+00  2.40723446e+00  2.40672592e+00 -3.38411272e-05 
 2.52914000e-02  2.50096636e+00  3.73765546e+00  2.40790834e+00  2.40731306e+00 -3.38363682e-05 
 2.52964000e-02  2.50095780e+00  3.73841222e+00  2.40867359e+00  2.40799216e+00 -3.38309487e-05 
 2.53014000e-02  2.50094830e+00  3.73925974e+00  2.40952943e+00  2.40876254e+00 -3.38248741e-05 
 2.53064000e-02  2.50093786e+00  3.74019719e+00  2.41047501e+00  2.40962343e+00 -3.38181506e-05 
 2.53114000e-02  2.50092650e+00  3.74122361e+00  2.41150939e+00  2.41057397e+00 -3.38107850e-05 
 2.53164000e-02  2.50091423e+00  3.74233798e+00  2.41263151e+00  2.41161319e+00 -3.38027847e-05 
 2.53214000e-02  2.50090105e+00  3.74353918e+00  2.41384026e+00  2.41274006e+00 -3.37941577e-05 
 2.53264000e-02  2.50088698e+00  3.74482600e+00  2.41513442e+00  2.41395345e+00 -3.37849128e-05 
 2.53314000e-02  2.50087204e+00  3.74619716e+00  2.41651269e+00  2.41525213e+00 -3.37750593e-05 
 2.53364000e-02  2.50085623e+00  3.74765127e+00  2.41797369e+00  2.41663481e+00 -3.37646072e-05 
 2.53414000e-02  2.50083958e+00  3.74918687e+00  2.41951596e+00  2.41810010e+00 -3.37535669e-05 
 2.53464000e-02  2.50082210e+00  3.75080244e+00  2.42113795e+00  2.41964653e+00 -3.37419495e-05 
 2.53514000e-02  2.50080382e+00  3.75249634e+00  2.42283803e+00  2.42127254e+00 -3.37297669e-05 
 2.53564000e-02  2.50078473e+00  3.75426689e+00  2.42461449e+00  2.42297651e+00 -3.37170312e-05 
 2.53614000e-02  2.50076488e+00  3.75611229e+00  2.42646557e+00  2.42475673e+00 -3.37037552e-05 
 2.53664000e-02  2.50074426e+00  3.75803072e+00  2.42838940e+00  2.42661142e+00 -3.36899524e-05 
 2.53714000e-02  2.50072292e+00  3.76002024e+00  2.43038405e+00  2.42853871e+00 -3.36756366e-05 
 2.53764000e-02  2.50070086e+00  3.76207887e+00  2.43244754e+00  2.43053669e+00 -3.36608222e-05 
 2.53814000e-02  2.50067811e+00  3.76420453e+00  2.43457779e+00  2.43260334e+00 -3.36455241e-05 
 2.53864000e-02  2.50065469e+00  3.76639512e+00  2.43677267e+00  2.43473659e+00 -3.36297576e-05 
 2.53914000e-02  2.50063062e+00  3.76864842e+00  2.43902999e+00  2.43693433e+00 -3.36135386e-05 
 2.53964000e-02  2.50060593e+00  3.77096220e+00  2.44134749e+00  2.43919433e+00 -3.35968834e-05 
 2.54014000e-02  2.50058065e+00  3.77333413e+00  2.44372285e+00  2.44151436e+00 -3.35798087e-05 
 2.54064000e-02  2.50055479e+00  3.77576186e+00  2.44615370e+00  2.44389207e+00 -3.35623316e-05 
 2.54114000e-02  2.50052838e+00  3.77824294e+00  2.44863761e+00  2.44632511e+00 -3.35444696e-05 
 2.54164000e-02  2.50050145e+00  3.78077491e+00  2.45117210e+00  2.44881105e+00 -3.35262406e-05 
 2.54214000e-02  2.50047403e+00  3.78335524e+00  2.45375464e+00  2.45134738e+00 -3.35076628e-05 
 2.54264000e-02  2.50044614e+00  3.78598135e+00  2.45638266e+00  2.45393160e+00 -3.34887549e-05 
 2.54314000e-02  2.50041780e+00  3.78865062e+00  2.45905354e+00  2.45656111e+00 -3.34695358e-05 
 2.54364000e-02  2.50038906e+00  3.79136040e+00  2.46176460e+00  2.45923330e+00 -3.34500246e-05 
 2.54414000e-02  2.50035993e+00  3.79410798e+00  2.46451316e+00  2.46194551e+00 -3.34302409e-05 
 2.54464000e-02  2.50033045e+00  3.79689063e+00  2.46729647e+00  2.46469502e+00 -3.34102044e-05 
 2.54514000e-02  2.50030064e+00  3.79970558e+00  2.47011176e+00  2.46747911e+00 -3.33899350e-05 
 2.54564000e-02  2.50027053e+00  3.80255002e+00  2.47295624e+00  2.47029500e+00 -3.33694531e-05 
 2.54614000e-02  2.50024016e+00  3.80542114e+00  2.47582707e+00  2.47313990e+00 -3.33487790e-05 
 2.54664000e-02  2.50020955e+00  3.80831607e+00  2.47872140e+00  2.47601096e+00 -3.33279332e-05 
 2.54714000e-02  2.50017873e+00  3.81123194e+00  2.48163636e+00  2.47890535e+00 -3.33069366e-05 
 2.54764000e-02  2.50014774e+00  3.81416586e+00  2.48456906e+00  2.48182018e+00 -3.32858099e-05 
 2.54814000e-02  2.50011660e+00  3.81711492e+00  2.48751658e+00  2.48475257e+00 -3.32645742e-05 
 2.54864000e-02  2.50008535e+00  3.82007619e+00  2.49047600e+00  2.48769960e+00 -3.32432506e-05 
 2.54914000e-02  2.50005401e+00  3.82304674e+00  2.49344440e+00  2.49065835e+00 -3.32218602e-05 
 2.54964000e-02  2.50002262e+00  3.82602363e+00  2.49641883e+00  2.49362589e+00 -3.32004241e-05 
 2.55014000e-02  2.49999120e+00  3.82900391e+00  2.49939634e+00  2.49659929e+00 -3.31789637e-05 
 2.55064000e-02  2.49995980e+00  3.83198464e+00  2.50237400e+00  2.49957560e+00 -3.31575001e-05 
 2.55114000e-02  2.49992843e+00  3.83496286e+00  2.50534886e+00  2.50255187e+00 -3.31360545e-05 
 2.55164000e-02  2.49989714e+00  3.83793564e+00  2.50831799e+00  2.50552517e+00 -3.31146482e-05 
 2.55214000e-02  2.49986594e+00  3.84090005e+00  2.51127845e+00  2.50849257e+00 -3.30933023e-05 
 2.55264000e-02  2.49983488e+00  3.84385316e+00  2.51422733e+00  2.51145113e+00 -3.30720377e-05 
 2.55314000e-02  2.49980399e+00  3.84679206e+00  2.51716171e+00  2.51439793e+00 -3.30508755e-05 
 2.55364000e-02  2.49977328e+00  3.84971386e+00  2.52007872e+00  2.51733007e+00 -3.30298364e-05 
 2.55414000e-02  2.49974280e+00  3.85261569e+00  2.52297547e+00  2.52024467e+00 -3.30089412e-05 
 2.55464000e-02  2.49971257e+00  3.85549468e+00  2.52584913e+00  2.52313886e+00 -3.29882104e-05 
 2.55514000e-02  2.49968263e+00  3.85834801e+00  2.52869686e+00  2.52600979e+00 -3.29676643e-05 
 2.55564000e-02  2.49965300e+00  3.86117288e+00  2.53151588e+00  2.52885464e+00 -3.29473230e-05 
 2.55614000e-02  2.49962371e+00  3.86396652e+00  2.53430341e+00  2.53167062e+00 -3.29272065e-05 
 2.55664000e-02  2.49959479e+00  3.86672619e+00  2.53705673e+00  2.53445496e+00 -3.29073344e-05 
 2.55714000e-02  2.49956628e+00  3.86944918e+00  2.53977313e+00  2.53720494e+00 -3.28877262e-05 
 2.55764000e-02  2.49953819e+00  3.87213284e+00  2.54244996e+00  2.53991786e+00 -3.28684010e-05 
 2.55814000e-02  2.49951056e+00  3.87477453e+00  2.54508461e+00  2.54259107e+00 -3.28493777e-05 
 2.55864000e-02  2.49948341e+00  3.87737168e+00  2.54767448e+00  2.54522196e+00 -3.28306749e-05 
 2.55914000e-02  2.49945677e+00  3.87992175e+00  2.55021707e+00  2.54780794e+00 -3.28123106e-05 
 2.55964000e-02  2.49943066e+00  3.88242224e+00  2.55270988e+00  2.55034651e+00 -3.27943028e-05 
 2.56014000e-02  2.49940512e+00  3.88487073e+00  2.55515049e+00  2.55283517e+00 -3.27766691e-05 
 2.56064000e-02  2.49938017e+00  3.88726483e+00  2.55753651e+00  2.55527151e+00 -3.27594264e-05 
 2.56114000e-02  2.49935582e+00  3.88960220e+00  2.55986563e+00  2.55765315e+00 -3.27425915e-05 
 2.56164000e-02  2.49933212e+00  3.89188057e+00  2.56213558e+00  2.55997777e+00 -3.27261808e-05 
 2.56214000e-02  2.49930907e+00  3.89409773e+00  2.56434415e+00  2.56224312e+00 -3.27102102e-05 
 2.56264000e-02  2.49928670e+00  3.89625153e+00  2.56648920e+00  2.56444698e+00 -3.26946950e-05 
 2.56314000e-02  2.49926504e+00  3.89833986e+00  2.56856865e+00  2.56658722e+00 -3.26796503e-05 
 2.56364000e-02  2.49924410e+00  3.90036072e+00  2.57058047e+00  2.56866176e+00 -3.26650906e-05 
 2.56414000e-02  2.49922391e+00  3.90231213e+00  2.57252272e+00  2.57066859e+00 -3.26510299e-05 
 2.56464000e-02  2.49920448e+00  3.90419221e+00  2.57439352e+00  2.57260576e+00 -3.26374818e-05 
 2.56514000e-02  2.49918584e+00  3.90599914e+00  2.57619105e+00  2.57447140e+00 -3.26244594e-05 
 2.56564000e-02  2.49916801e+00  3.90773117e+00  2.57791358e+00  2.57626370e+00 -3.26119752e-05 
 2.56614000e-02  2.49915099e+00  3.90938662e+00  2.57955944e+00  2.57798093e+00 -3.26000411e-05 
 2.56664000e-02  2.49913481e+00  3.91096390e+00  2.58112705e+00  2.57962143e+00 -3.25886687e-05 
 2.56714000e-02  2.49911949e+00  3.91246148e+00  2.58261488e+00  2.58118360e+00 -3.25778689e-05 
 2.56764000e-02  2.49910503e+00  3.91387792e+00  2.58402150e+00  2.58266596e+00 -3.25676521e-05 
 2.56814000e-02  2.49909146e+00  3.91521184e+00  2.58534556e+00  2.58406705e+00 -3.25580279e-05 
 2.56864000e-02  2.49907879e+00  3.91646197e+00  2.58658577e+00  2.58538553e+00 -3.25490057e-05 
 2.56914000e-02  2.49906702e+00  3.91762710e+00  2.58774095e+00  2.58662014e+00 -3.25405942e-05 
 2.56964000e-02  2.49905618e+00  3.91870611e+00  2.58880998e+00  2.58776967e+00 -3.25328012e-05 
 2.57014000e-02  2.49904626e+00  3.91969795e+00  2.58979183e+00  2.58883303e+00 -3.25256344e-05 
 2.57064000e-02  2.49903729e+00  3.92060168e+00  2.59068556e+00  2.58980918e+00 -3.25191006e-05 
 2.57114000e-02  2.49902927e+00  3.92141642e+00  2.59149030e+00  2.59069720e+00 -3.25132060e-05 
 2.57164000e-02  2.49902220e+00  3.92214138e+00  2.59220528e+00  2.59149622e+00 -3.25079562e-05 
 2.57214000e-02  2.49901610e+00  3.92277588e+00  2.59282982e+00  2.59220548e+00 -3.25033564e-05 
 2.57264000e-02  2.49901097e+00  3.92331930e+00  2.59336331e+00  2.59282429e+00 -3.24994107e-05 
 2.57314000e-02  2.49900682e+00  3.92377112e+00  2.59380524e+00  2.59335206e+00 -3.24961231e-05 
 2.57364000e-02  2.49900365e+00  3.92413090e+00  2.59415519e+00  2.59378828e+00 -3.24934967e-05 
 2.57414000e-02  2.49900146e+00  3.92439831e+00  2.59441282e+00  2.59413253e+00 -3.24915340e-05 
 2.57464000e-02  2.49900026e+00  3.92457307e+00  2.59457788e+00  2.59438449e+00 -3.24902368e-05 
 2.57514000e-02  2.49900004e+00  3.92465503e+00  2.59465022e+00  2.59454391e+00 -3.24896065e-05 
 2.57564000e-02  2.49900081e+00  3.92464410e+00  2.59462976e+00  2.59461063e+00 -3.24896435e-05 
 2.57614000e-02  2.49900256e+00  3.92454029e+00  2.59451652e+00  2.59458460e+00 -3.24903479e-05 
 2.57664000e-02  2.49900530e+00  3.92434371e+00  2.59431062e+00  2.59446583e+00 -3.24917190e-05 
 2.57714000e-02  2.49900903e+00  3.92405454e+00  2.59401225e+00  2.59425444e+00 -3.24937556e-05 
 2.57764000e-02  2.49901373e+00  3.92367307e+00  2.59362169e+00  2.59395064e+00 -3.24964556e-05 
 2.57814000e-02  2.49901940e+00  3.92319964e+00  2.59313933e+00  2.59355472e+00 -3.24998165e-05 
 2.57864000e-02  2.49902604e+00  3.92263473e+00  2.59256562e+00  2.59306705e+00 -3.25038351e-05 
 2.57914000e-02  2.49903364e+00  3.92197887e+00  2.59190112e+00  2.59248810e+00 -3.25085075e-05 
 2.57964000e-02  2.49904220e+00  3.92123270e+00  2.59114646e+00  2.59181844e+00 -3.25138294e-05 
 2.58014000e-02  2.49905170e+00  3.92039692e+00  2.59030237e+00  2.59105870e+00 -3.25197956e-05 
 2.58064000e-02  2.49906214e+00  3.91947236e+00  2.58936967e+00  2.59020962e+00 -3.25264004e-05 
 2.58114000e-02  2.49907350e+00  3.91845988e+00  2.58834924e+00  2.58927200e+00 -3.25336376e-05 
 2.58164000e-02  2.49908577e+00  3.91736047e+00  2.58724208e+00  2.58824677e+00 -3.25415001e-05 
 2.58214000e-02  2.49909895e+00  3.91617519e+00  2.58604925e+00  2.58713489e+00 -3.25499806e-05 
 2.58264000e-02  2.49911302e+00  3.91490517e+00  2.58477189e+00  2.58593744e+00 -3.25590708e-05 
 2.58314000e-02  2.49912796e+00  3.91355165e+00  2.58341124e+00  2.58465558e+00 -3.25687621e-05 
 2.58364000e-02  2.49914377e+00  3.91211593e+00  2.58196861e+00  2.58329054e+00 -3.25790452e-05 
 2.58414000e-02  2.49916042e+00  3.91059938e+00  2.58044539e+00  2.58184364e+00 -3.25899103e-05 
 2.58464000e-02  2.49917790e+00  3.90900348e+00  2.57884305e+00  2.58031626e+00 -3.26013468e-05 
 2.58514000e-02  2.49919618e+00  3.90732977e+00  2.57716315e+00  2.57870990e+00 -3.26133439e-05 
 2.58564000e-02  2.49921527e+00  3.90557986e+00  2.57540729e+00  2.57702609e+00 -3.26258900e-05 
 2.58614000e-02  2.49923512e+00  3.90375544e+00  2.57357719e+00  2.57526647e+00 -3.26389730e-05 
 2.58664000e-02  2.49925574e+00  3.90185829e+00  2.57167460e+00  2.57343274e+00 -3.26525804e-05 
 2.58714000e-02  2.49927708e+00  3.89989023e+00  2.56970138e+00  2.57152666e+00 -3.26666990e-05 
 2.58764000e-02  2.49929914e+00  3.89785318e+00  2.56765944e+00  2.56955010e+00 -3.26813153e-05 
 2.58814000e-02  2.49932189e+00  3.89574910e+00  2.56555075e+00  2.56750495e+00 -3.26964152e-05 
 2.58864000e-02  2.49934531e+00  3.89358005e+00  2.56337735e+00  2.56539322e+00 -3.27119839e-05 
 2.58914000e-02  2.49936938e+00  3.89134811e+00  2.56114137e+00  2.56321693e+00 -3.27280066e-05 
 2.58964000e-02  2.49939407e+00  3.88905548e+00  2.55884497e+00  2.56097821e+00 -3.27444677e-05 
 2.59014000e-02  2.49941935e+00  3.88670436e+00  2.55649039e+00  2.55867923e+00 -3.27613513e-05 
 2.59064000e-02  2.49944521e+00  3.88429706e+00  2.55407991e+00  2.55632223e+00 -3.27786410e-05 
 2.59114000e-02  2.49947162e+00  3.88183590e+00  2.55161589e+00  2.55390950e+00 -3.27963201e-05 
 2.59164000e-02  2.49949855e+00  3.87932331e+00  2.54910072e+00  2.55144340e+00 -3.28143713e-05 
 2.59214000e-02  2.49952597e+00  3.87676171e+00  2.54653686e+00  2.54892631e+00 -3.28327771e-05 
 2.59264000e-02  2.49955386e+00  3.87415361e+00  2.54392681e+00  2.54636070e+00 -3.28515197e-05 
 2.59314000e-02  2.49958220e+00  3.87150157e+00  2.54127312e+00  2.54374908e+00 -3.28705807e-05 
 2.59364000e-02  2.49961094e+00  3.86880817e+00  2.53857838e+00  2.54109399e+00 -3.28899416e-05 
 2.59414000e-02  2.49964007e+00  3.86607604e+00  2.53584523e+00  2.53839803e+00 -3.29095835e-05 
 2.59464000e-02  2.49966955e+00  3.86330787e+00  2.53307634e+00  2.53566383e+00 -3.29294872e-05 
 2.59514000e-02  2.49969936e+00  3.86050636e+00  2.53027444e+00  2.53289408e+00 -3.29496332e-05 
 2.59564000e-02  2.49972947e+00  3.85767426e+00  2.52744225e+00  2.53009149e+00 -3.29700019e-05 
 2.59614000e-02  2.49975984e+00  3.85481435e+00  2.52458258e+00  2.52725880e+00 -3.29905732e-05 
 2.59664000e-02  2.49979045e+00  3.85192944e+00  2.52169821e+00  2.52439879e+00 -3.30113270e-05 
 2.59714000e-02  2.49982127e+00  3.84902236e+00  2.51879199e+00  2.52151428e+00 -3.30322430e-05 
 2.59764000e-02  2.49985226e+00  3.84609598e+00  2.51586678e+00  2.51860810e+00 -3.30533006e-05 
 2.59814000e-02  2.49988340e+00  3.84315316e+00  2.51292545e+00  2.51568311e+00 -3.30744790e-05 
 2.59864000e-02  2.49991465e+00  3.84019682e+00  2.50997090e+00  2.51274219e+00 -3.30957574e-05 
 2.59914000e-02  2.49994599e+00  3.83722986e+00  2.50700605e+00  2.50978822e+00 -3.31171149e-05 
 2.59964000e-02  2.49997738e+00  3.83425522e+00  2.50403382e+00  2.50682413e+00 -3.31385304e-05 
 2.60014000e-02  2.50000880e+00  3.83127582e+00  2.50105714e+00  2.50385285e+00 -3.31599828e-05 
 2.60064000e-02  2.50004020e+00  3.82829461e+00  2.49807895e+00  2.50087729e+00 -3.31814508e-05 
 2.60114000e-02  2.50007157e+00  3.82531454e+00  2.49510219e+00  2.49790040e+00 -3.32029133e-05 
 2.60164000e-02  2.50010286e+00  3.82233855e+00  2.49212982e+00  2.49492513e+00 -3.32243490e-05 
 2.60214000e-02  2.50013406e+00  3.81936960e+00  2.48916477e+00  2.49195441e+00 -3.32457366e-05 
 2.60264000e-02  2.50016512e+00  3.81641061e+00  2.48620998e+00  2.48899119e+00 -3.32670551e-05 
 2.60314000e-02  2.50019601e+00  3.81346453e+00  2.48326838e+00  2.48603840e+00 -3.32882831e-05 
 2.60364000e-02  2.50022672e+00  3.81053427e+00  2.48034287e+00  2.48309897e+00 -3.33093997e-05 
 2.60414000e-02  2.50025720e+00  3.80762274e+00  2.47743638e+00  2.48017582e+00 -3.33303839e-05 
 2.60464000e-02  2.50028743e+00  3.80473283e+00  2.47455178e+00  2.47727183e+00 -3.33512148e-05 
 2.60514000e-02  2.50031737e+00  3.80186742e+00  2.47169193e+00  2.47438990e+00 -3.33718717e-05 
 2.60564000e-02  2.50034700e+00  3.79902935e+00  2.46885969e+00  2.47153290e+00 -3.33923340e-05 
 2.60614000e-02  2.50037629e+00  3.79622143e+00  2.46605786e+00  2.46870365e+00 -3.34125813e-05 
 2.60664000e-02  2.50040521e+00  3.79344648e+00  2.46328924e+00  2.46590497e+00 -3.34325934e-05 
 2.60714000e-02  2.50043372e+00  3.79070724e+00  2.46055657e+00  2.46313965e+00 -3.34523504e-05 
 2.60764000e-02  2.50046181e+00  3.78800645e+00  2.45786259e+00  2.46041044e+00 -3.34718326e-05 
 2.60814000e-02  2.50048944e+00  3.78534680e+00  2.45520998e+00  2.45772005e+00 -3.34910204e-05 
 2.60864000e-02  2.50051659e+00  3.78273094e+00  2.45260137e+00  2.45507118e+00 -3.35098947e-05 
 2.60914000e-02  2.50054323e+00  3.78016148e+00  2.45003938e+00  2.45246646e+00 -3.35284366e-05 
 2.60964000e-02  2.50056934e+00  3.77764097e+00  2.44752656e+00  2.44990848e+00 -3.35466276e-05 
 2.61014000e-02  2.50059488e+00  3.77517195e+00  2.44506542e+00  2.44739981e+00 -3.35644495e-05 
 2.61064000e-02  2.50061983e+00  3.77275687e+00  2.44265841e+00  2.44494293e+00 -3.35818843e-05 
 2.61114000e-02  2.50064418e+00  3.77039814e+00  2.44030794e+00  2.44254032e+00 -3.35989147e-05 
 2.61164000e-02  2.50066788e+00  3.76809813e+00  2.43801635e+00  2.44019436e+00 -3.36155235e-05 
 2.61214000e-02  2.50069093e+00  3.76585913e+00  2.43578595e+00  2.43790741e+00 -3.36316941e-05 
 2.61264000e-02  2.50071330e+00  3.76368339e+00  2.43361896e+00  2.43568175e+00 -3.36474102e-05 
 2.61314000e-02  2.50073496e+00  3.76157307e+00  2.43151755e+00  2.43351960e+00 -3.36626561e-05 
 2.61364000e-02  2.50075590e+00  3.75953029e+00  2.42948381e+00  2.43142313e+00 -3.36774165e-05 
 2.61414000e-02  2.50077609e+00  3.75755709e+00  2.42751980e+00  2.42939443e+00 -3.36916764e-05 
 2.61464000e-02  2.50079552e+00  3.75565546e+00  2.42562746e+00  2.42743554e+00 -3.37054217e-05 
 2.61514000e-02  2.50081416e+00  3.75382729e+00  2.42380871e+00  2.42554842e+00 -3.37186384e-05 
 2.61564000e-02  2.50083199e+00  3.75207442e+00  2.42206536e+00  2.42373496e+00 -3.37313133e-05 
 2.61614000e-02  2.50084901e+00  3.75039860e+00  2.42039915e+00  2.42199697e+00 -3.37434336e-05 
 2.61664000e-02  2.50086519e+00  3.74880151e+00  2.41881176e+00  2.42033620e+00 -3.37549871e-05 
 2.61714000e-02  2.50088051e+00  3.74728475e+00  2.41730479e+00  2.41875431e+00 -3.37659621e-05 
 2.61764000e-02  2.50089497e+00  3.74584985e+00  2.41587973e+00  2.41725288e+00 -3.37763478e-05 
 2.61814000e-02  2.50090854e+00  3.74449825e+00  2.41453802e+00  2.41583343e+00 -3.37861334e-05 
 2.61864000e-02  2.50092121e+00  3.74323129e+00  2.41328100e+00  2.41449738e+00 -3.37953093e-05 
 2.61914000e-02  2.50093298e+00  3.74205025e+00  2.41210995e+00  2.41324606e+00 -3.38038661e-05 
 2.61964000e-02  2.50094382e+00  3.74095631e+00  2.41102602e+00  2.41208073e+00 -3.38117953e-05 
 2.62014000e-02  2.50095374e+00  3.73995058e+00  2.41003031e+00  2.41100256e+00 -3.38190888e-05 
 2.62064000e-02  2.50096271e+00  3.73903406e+00  2.40912382e+00  2.41001263e+00 -3.38257393e-05 
 2.62114000e-02  2.50097073e+00  3.73820767e+00  2.40830746e+00  2.40911195e+00 -3.38317401e-05 
 2.62164000e-02  2.50097780e+00  3.73747224e+00  2.40758205e+00  2.40830140e+00 -3.38370851e-05 
 2.62214000e-02  2.50098390e+00  3.73682851e+00  2.40694831e+00  2.40758180e+00 -3.38417690e-05 
 2.62264000e-02  2.50098903e+00  3.73627712e+00  2.40640688e+00  2.40695388e+00 -3.38457869e-05 
 2.62314000e-02  2.50099318e+00  3.73581863e+00  2.40595831e+00  2.40641827e+00 -3.38491350e-05 
 2.62364000e-02  2.50099635e+00  3.73545350e+00  2.40560305e+00  2.40597550e+00 -3.38518097e-05 
 2.62414000e-02  2.50099854e+00  3.73518210e+00  2.40534145e+00  2.40562602e+00 -3.38538084e-05 
 2.62464000e-02  2.50099974e+00  3.73500469e+00  2.40517377e+00  2.40537018e+00 -3.38551291e-05 
 2.62514000e-02  2.50099996e+00  3.73492146e+00  2.40510019e+00  2.40520824e+00 -3.38557705e-05 
 2.62564000e-02  2.50099919e+00  3.73493249e+00  2.40512077e+00  2.40514035e+00 -3.38557318e-05 
 2.62614000e-02  2.50099744e+00  3.73503777e+00  2.40523551e+00  2.40516659e+00 -3.38550132e-05 
 2.62664000e-02  2.50099470e+00  3.73523718e+00  2.40544427e+00  2.40528694e+00 -3.38536154e-05 
 2.62714000e-02  2.50099097e+00  3.73553054e+00  2.40574685e+00  2.40550126e+00 -3.38515398e-05 
 2.62764000e-02  2.50098627e+00  3.73591754e+00  2.40614295e+00  2.40580934e+00 -3.38487885e-05 
 2.62814000e-02  2.50098060e+00  3.73639780e+00  2.40663217e+00  2.40621088e+00 -3.38453642e-05 
 2.62864000e-02  2.50097396e+00  3.73697084e+00  2.40721402e+00  2.40670547e+00 -3.38412705e-05 
 2.62914000e-02  2.50096636e+00  3.73763607e+00  2.40788791e+00  2.40729262e+00 -3.38365115e-05 
 2.62964000e-02  2.50095780e+00  3.73839283e+00  2.40865316e+00  2.40797173e+00 -3.38310919e-05 
 2.63014000e-02  2.50094830e+00  3.73924036e+00  2.40950902e+00  2.40874212e+00 -3.38250173e-05 
 2.63064000e-02  2.50093786e+00  3.74017782e+00  2.41045461e+00  2.40960302e+00 -3.38182937e-05 
 2.63114000e-02  2.50092650e+00  3.74120425e+00  2.41148899e+00  2.41055356e+00 -3.38109280e-05 
 2.63164000e-02  2.50091423e+00  3.74231862e+00  2.41261113e+00  2.41159280e+00 -3.38029277e-05 
 2.63214000e-02  2.50090105e+00  3.74351983e+00  2.41381989e+00  2.41271968e+00 -3.37943006e-05 
 2.63264000e-02  2.50088698e+00  3.74480666e+00  2.41511406e+00  2.41393308e+00 -3.37850557e-05 
 2.63314000e-02  2.50087204e+00  3.74617782e+00  2.41649234e+00  2.41523177e+00 -3.37752021e-05 
 2.63364000e-02  2.50085623e+00  3.74763194e+00  2.41795335e+00  2.41661446e+00 -3.37647499e-05 
 2.63414000e-02  2.50083958e+00  3.74916756e+00  2.41949563e+00  2.41807976e+00 -3.37537095e-05 
 2.63464000e-02  2.50082210e+00  3.75078313e+00  2.42111763e+00  2.41962620e+00 -3.37420921e-05 
 2.63514000e-02  2.50080382e+00  3.75247704e+00  2.42281771e+00  2.42125222e+00 -3.37299094e-05 
 2.63564000e-02  2.50078473e+00  3.75424759e+00  2.42459419e+00  2.42295620e+00 -3.37171736e-05 
 2.63614000e-02  2.50076488e+00  3.75609301e+00  2.42644528e+00  2.42473643e+00 -3.37038976e-05 
 2.63664000e-02  2.50074426e+00  3.75801145e+00  2.42836912e+00  2.42659113e+00 -3.36900947e-05 
 2.63714000e-02  2.50072292e+00  3.76000098e+00  2.43036378e+00  2.42851844e+00 -3.36757788e-05 
 2.63764000e-02  2.50070086e+00  3.76205961e+00  2.43242728e+00  2.43051642e+00 -3.36609644e-05 
 2.63814000e-02  2.50067811e+00  3.76418529e+00  2.43455754e+00  2.43258308e+00 -3.36456662e-05 
 2.63864000e-02  2.50065469e+00  3.76637588e+00  2.43675243e+00  2.43471635e+00 -3.36298996e-05 
 2.63914000e-02  2.50063062e+00  3.76862919e+00  2.43900976e+00  2.43691409e+00 -3.36136806e-05 
 2.63964000e-02  2.50060593e+00  3.77094298e+00  2.44132727e+00  2.43917411e+00 -3.35970253e-05 
 2.64014000e-02  2.50058065e+00  3.77331493e+00  2.44370265e+00  2.44149414e+00 -3.35799505e-05 
 2.64064000e-02  2.50055479e+00  3.77574266e+00  2.44613351e+00  2.44387187e+00 -3.35624733e-05 
 2.64114000e-02  2.50052838e+00  3.77822375e+00  2.44861743e+00  2.44630493e+00 -3.35446112e-05 
 2.64164000e-02  2.50050145e+00  3.78075573e+00  2.45115193e+00  2.44879087e+00 -3.35263821e-05 
 2.64214000e-02  2.50047403e+00  3.78333607e+00  2.45373449e+00  2.45132722e+00 -3.35078043e-05 
 2.64264000e-02  2.50044614e+00  3.78596218e+00  2.45636252e+00  2.45391145e+00 -3.34888963e-05 
 2.64314000e-02  2.50041780e+00  3.78863147e+00  2.45903341e+00  2.45654097e+00 -3.34696771e-05 
 2.64364000e-02  2.50038906e+00  3.79134126e+00  2.46174448e+00  2.45921317e+00 -3.34501658e-05 
 2.64414000e-02  2.50035993e+00  3.79408885e+00  2.46449305e+00  2.46192539e+00 -3.34303820e-05 
 2.64464000e-02  2.50033045e+00  3.79687151e+00  2.46727637e+00  2.46467492e+00 -3.34103454e-05 
 2.64514000e-02  2.50030064e+00  3.79968647e+00  2.47009168e+00  2.46745902e+00 -3.33900760e-05 
 2.64564000e-02  2.50027053e+00  3.80253092e+00  2.47293617e+00  2.47027492e+00 -3.33695940e-05 
 2.64614000e-02  2.50024016e+00  3.80540205e+00  2.47580701e+00  2.47311983e+00 -3.33489198e-05 
 2.64664000e-02  2.50020955e+00  3.80829699e+00  2.47870136e+00  2.47599091e+00 -3.33280739e-05 
 2.64714000e-02  2.50017873e+00  3.81121287e+00  2.48161633e+00  2.47888531e+00 -3.33070772e-05 
 2.64764000e-02  2.50014774e+00  3.81414681e+00  2.48454904e+00  2.48180015e+00 -3.32859504e-05 
 2.64814000e-02  2.50011660e+00  3.81709587e+00  2.48749657e+00  2.48473255e+00 -3.32647147e-05 
 2.64864000e-02  2.50008535e+00  3.82005716e+00  2.49045601e+00  2.48767959e+00 -3.32433909e-05 
 2.64914000e-02  2.50005401e+00  3.82302772e+00  2.49342442e+00  2.49063836e+00 -3.32220004e-05 
 2.64964000e-02  2.50002262e+00  3.82600462e+00  2.49639886e+00  2.49360591e+00 -3.32005643e-05 
 2.65014000e-02  2.49999120e+00  3.82898491e+00  2.49937638e+00  2.49657932e+00 -3.31791037e-05 
 2.65064000e-02  2.49995980e+00  3.83196564e+00  2.50235406e+00  2.49955564e+00 -3.31576401e-05 
 2.65114000e-02  2.49992843e+00  3.83494388e+00  2.50532893e+00  2.50253193e+00 -3.31361944e-05 
 2.65164000e-02  2.49989714e+00  3.83791667e+00  2.50829807e+00  2.50550524e+00 -3.31147880e-05 
 2.65214000e-02  2.49986594e+00  3.84088109e+00  2.51125855e+00  2.50847265e+00 -3.30934420e-05 
 2.65264000e-02  2.49983488e+00  3.84383421e+00  2.51420744e+00  2.51143122e+00 -3.30721773e-05 
 2.65314000e-02  2.49980399e+00  3.84677312e+00  2.51714183e+00  2.51437804e+00 -3.30510150e-05 
 2.65364000e-02  2.49977328e+00  3.84969493e+00  2.52005885e+00  2.51731019e+00 -3.30299759e-05 
 2.65414000e-02  2.49974280e+00  3.85259677e+00  2.52295562e+00  2.52022481e+00 -3.30090806e-05 
 2.65464000e-02  2.49971257e+00  3.85547577e+00  2.52582929e+00  2.52311901e+00 -3.29883497e-05 
 2.65514000e-02  2.49968263e+00  3.85832911e+00  2.52867703e+00  2.52598995e+00 -3.29678034e-05 
 2.65564000e-02  2.49965300e+00  3.86115399e+00  2.53149606e+00  2.52883481e+00 -3.29474621e-05 
 2.65614000e-02  2.49962371e+00  3.86394764e+00  2.53428361e+00  2.53165080e+00 -3.29273455e-05 
 2.65664000e-02  2.49959479e+00  3.86670732e+00  2.53703694e+00  2.53443515e+00 -3.29074733e-05 
 2.65714000e-02  2.49956628e+00  3.86943033e+00  2.53975335e+00  2.53718515e+00 -3.28878650e-05 
 2.65764000e-02  2.49953819e+00  3.87211400e+00  2.54243020e+00  2.53989808e+00 -3.28685398e-05 
 2.65814000e-02  2.49951056e+00  3.87475570e+00  2.54506485e+00  2.54257131e+00 -3.28495164e-05 
 2.65864000e-02  2.49948341e+00  3.87735286e+00  2.54765474e+00  2.54520220e+00 -3.28308134e-05 
 2.65914000e-02  2.49945677e+00  3.87990293e+00  2.55019734e+00  2.54778820e+00 -3.28124491e-05 
 2.65964000e-02  2.49943066e+00  3.88240344e+00  2.55269016e+00  2.55032678e+00 -3.27944412e-05 
 2.66014000e-02  2.49940512e+00  3.88485194e+00  2.55513078e+00  2.55281546e+00 -3.27768074e-05 
 2.66064000e-02  2.49938017e+00  3.88724604e+00  2.55751682e+00  2.55525181e+00 -3.27595646e-05 
 2.66114000e-02  2.49935582e+00  3.88958342e+00  2.55984595e+00  2.55763346e+00 -3.27427297e-05 
 2.66164000e-02  2.49933212e+00  3.89186181e+00  2.56211591e+00  2.55995809e+00 -3.27263189e-05 
 2.66214000e-02  2.49930907e+00  3.89407898e+00  2.56432450e+00  2.56222345e+00 -3.27103482e-05 
 2.66264000e-02  2.49928670e+00  3.89623278e+00  2.56646956e+00  2.56442732e+00 -3.26948329e-05 
 2.66314000e-02  2.49926504e+00  3.89832113e+00  2.56854901e+00  2.56656757e+00 -3.26797881e-05 
 2.66364000e-02  2.49924410e+00  3.90034200e+00  2.57056085e+00  2.56864213e+00 -3.26652283e-05 
 2.66414000e-02  2.49922391e+00  3.90229342e+00  2.57250311e+00  2.57064897e+00 -3.26511676e-05 
 2.66464000e-02  2.49920448e+00  3.90417351e+00  2.57437392e+00  2.57258615e+00 -3.26376194e-05 
 2.66514000e-02  2.49918584e+00  3.90598045e+00  2.57617146e+00  2.57445180e+00 -3.26245969e-05 
 2.66564000e-02  2.49916801e+00  3.90771248e+00  2.57789400e+00  2.57624412e+00 -3.26121126e-05 
 2.66614000e-02  2.49915099e+00  3.90936794e+00  2.57953988e+00  2.57796136e+00 -3.26001785e-05 
 2.66664000e-02  2.49913481e+00  3.91094523e+00  2.58110749e+00  2.57960186e+00 -3.25888060e-05 
 2.66714000e-02  2.49911949e+00  3.91244282e+00  2.58259533e+00  2.58116405e+00 -3.25780061e-05 
 2.66764000e-02  2.49910503e+00  3.91385927e+00  2.58400197e+00  2.58264641e+00 -3.25677892e-05 
 2.66814000e-02  2.49909146e+00  3.91519320e+00  2.58532603e+00  2.58404752e+00 -3.25581650e-05 
 2.66864000e-02  2.49907879e+00  3.91644334e+00  2.58656626e+00  2.58536601e+00 -3.25491427e-05 
 2.66914000e-02  2.49906702e+00  3.91760848e+00  2.58772145e+00  2.58660062e+00 -3.25407311e-05 
 2.66964000e-02  2.49905618e+00  3.91868749e+00  2.58879049e+00  2.58775017e+00 -3.25329381e-05 
 2.67014000e-02  2.49904626e+00  3.91967934e+00  2.58977235e+00  2.58881354e+00 -3.25257713e-05 
 2.67064000e-02  2.49903729e+00  3.92058308e+00  2.59066608e+00  2.58978970e+00 -3.25192374e-05 
 2.67114000e-02  2.49902927e+00  3.92139782e+00  2.59147083e+00  2.59067773e+00 -3.25133427e-05 
 2.67164000e-02  2.49902220e+00  3.92212280e+00  2.59218583e+00  2.59147676e+00 -3.25080929e-05 
 2.67214000e-02  2.49901610e+00  3.92275730e+00  2.59281037e+00  2.59218602e+00 -3.25034929e-05 
 2.67264000e-02  2.49901097e+00  3.92330073e+00  2.59334387e+00  2.59280484e+00 -3.24995473e-05 
 2.67314000e-02  2.49900682e+00  3.92375255e+00  2.59378581e+00  2.59333262e+00 -3.24962596e-05 
 2.67364000e-02  2.49900365e+00  3.92411234e+00  2.59413577e+00  2.59376885e+00 -3.24936331e-05 
 2.67414000e-02  2.49900146e+00  3.92437975e+00  2.59439341e+00  2.59411312e+00 -3.24916704e-05 
 2.67464000e-02  2.49900026e+00  3.92455452e+00  2.59455848e+00  2.59436508e+00 -3.24903731e-05 
 2.67514000e-02  2.49900004e+00  3.92463649e+00  2.59463082e+00  2.59452451e+00 -3.24897427e-05 
 2.67564000e-02  2.49900081e+00  3.92462556e+00  2.59461037e+00  2.59459124e+00 -3.24897797e-05 
 2.67614000e-02  2.49900256e+00  3.92452176e+00  2.59449715e+00  2.59456521e+00 -3.24904841e-05 
 2.67664000e-02  2.49900530e+00  3.92432519e+00  2.59429125e+00  2.59444645e+00 -3.24918552e-05 
 2.67714000e-02  2.49900903e+00  3.92403603e+00  2.59399288e+00  2.59423507e+00 -3.24938917e-05 
 2.67764000e-02  2.49901373e+00  3.92365455e+00  2.59360234e+00  2.59393128e+00 -3.24965916e-05 
 2.67814000e-02  2.49901940e+00  3.92318114e+00  2.59311998e+00  2.59353536e+00 -3.24999525e-05 
 2.67864000e-02  2.49902604e+00  3.92261623e+00  2.59254628e+00  2.59304770e+00 -3.25039710e-05 
 2.67914000e-02  2.49903364e+00  3.92196038e+00  2.59188178e+00  2.59246876e+00 -3.25086435e-05 
 2.67964000e-02  2.49904220e+00  3.92121421e+00  2.59112713e+00  2.59179910e+00 -3.25139653e-05 
 2.68014000e-02  2.49905170e+00  3.92037844e+00  2.59028305e+00  2.59103937e+00 -3.25199314e-05 
 2.68064000e-02  2.49906214e+00  3.91945387e+00  2.58935035e+00  2.59019029e+00 -3.25265362e-05 
 2.68114000e-02  2.49907350e+00  3.91844140e+00  2.58832993e+00  2.58925269e+00 -3.25337734e-05 
 2.68164000e-02  2.49908577e+00  3.91734200e+00  2.58722278e+00  2.58822746e+00 -3.25416359e-05 
 2.68214000e-02  2.49909895e+00  3.91615672e+00  2.58602995e+00  2.58711559e+00 -3.25501163e-05 
 2.68264000e-02  2.49911302e+00  3.91488671e+00  2.58475260e+00  2.58591815e+00 -3.25592065e-05 
 2.68314000e-02  2.49912796e+00  3.91353319e+00  2.58339195e+00  2.58463629e+00 -3.25688978e-05 
 2.68364000e-02  2.49914377e+00  3.91209747e+00  2.58194933e+00  2.58327126e+00 -3.25791809e-05 
 2.68414000e-02  2.49916042e+00  3.91058093e+00  2.58042612e+00  2.58182436e+00 -3.25900459e-05 
 2.68464000e-02  2.49917790e+00  3.90898503e+00  2.57882378e+00  2.58029699e+00 -3.26014824e-05 
 2.68514000e-02  2.49919618e+00  3.90731132e+00  2.57714388e+00  2.57869063e+00 -3.26134795e-05 
 2.68564000e-02  2.49921527e+00  3.90556141e+00  2.57538803e+00  2.57700683e+00 -3.26260256e-05 
 2.68614000e-02  2.49923512e+00  3.90373700e+00  2.57355793e+00  2.57524721e+00 -3.26391086e-05 
 2.68664000e-02  2.49925574e+00  3.90183985e+00  2.57165535e+00  2.57341348e+00 -3.26527159e-05 
 2.68714000e-02  2.49927708e+00  3.89987180e+00  2.56968214e+00  2.57150742e+00 -3.26668346e-05 
 2.68764000e-02  2.49929914e+00  3.89783474e+00  2.56764020e+00  2.56953086e+00 -3.26814508e-05 
 2.68814000e-02  2.49932189e+00  3.89573067e+00  2.56553151e+00  2.56748572e+00 -3.26965506e-05 
 2.68864000e-02  2.49934531e+00  3.89356162e+00  2.56335812e+00  2.56537398e+00 -3.27121194e-05 
 2.68914000e-02  2.49936938e+00  3.89132969e+00  2.56112215e+00  2.56319770e+00 -3.27281421e-05 
 2.68964000e-02  2.49939407e+00  3.88903705e+00  2.55882575e+00  2.56095898e+00 -3.27446032e-05 
 2.69014000e-02  2.49941935e+00  3.88668594e+00  2.55647117e+00  2.55866001e+00 -3.27614868e-05 
 2.69064000e-02  2.49944521e+00  3.88427864e+00  2.55406070e+00  2.55630302e+00 -3.27787764e-05 
 2.69114000e-02  2.49947162e+00  3.88181749e+00  2.55159668e+00  2.55389029e+00 -3.27964555e-05 
 2.69164000e-02  2.49949855e+00  3.87930489e+00  2.54908152e+00  2.55142419e+00 -3.28145067e-05 
 2.69214000e-02  2.49952597e+00  3.87674330e+00  2.54651766e+00  2.54890710e+00 -3.28329125e-05 
 2.69264000e-02  2.49955386e+00  3.87413520e+00  2.54390761e+00  2.54634150e+00 -3.28516550e-05 
 2.69314000e-02  2.49958220e+00  3.87148316e+00  2.54125392e+00  2.54372988e+00 -3.28707161e-05 
 2.69364000e-02  2.49961094e+00  3.86878976e+00  2.53855919e+00  2.54107479e+00 -3.28900769e-05 
 2.69414000e-02  2.49964007e+00  3.86605764e+00  2.53582604e+00  2.53837884e+00 -3.29097188e-05 
 2.69464000e-02  2.49966955e+00  3.86328947e+00  2.53305716e+00  2.53564465e+00 -3.29296225e-05 
 2.69514000e-02  2.49969936e+00  3.86048796e+00  2.53025526e+00  2.53287490e+00 -3.29497685e-05 
 2.69564000e-02  2.49972947e+00  3.85765586e+00  2.52742308e+00  2.53007231e+00 -3.29701372e-05 
 2.69614000e-02  2.49975984e+00  3.85479595e+00  2.52456340e+00  2.52723962e+00 -3.29907085e-05 
 2.69664000e-02  2.49979045e+00  3.85191105e+00  2.52167904e+00  2.52437962e+00 -3.30114623e-05 
 2.69714000e-02  2.49982127e+00  3.84900397e+00  2.51877283e+00  2.52149512e+00 -3.30323783e-05 
 2.69764000e-02  2.49985226e+00  3.84607758e+00  2.51584762e+00  2.51858894e+00 -3.30534358e-05 
 2.69814000e-02  2.49988340e+00  3.84313477e+00  2.51290629e+00  2.51566395e+00 -3.30746142e-05 
 2.69864000e-02  2.49991465e+00  3.84017843e+00  2.50995175e+00  2.51272303e+00 -3.30958927e-05 
 2.69914000e-02  2.49994599e+00  3.83721148e+00  2.50698690e+00  2.50976907e+00 -3.31172502e-05 
 2.69964000e-02  2.49997738e+00  3.83423683e+00  2.50401467e+00  2.50680499e+00 -3.31386657e-05 
 2.70014000e-02  2.50000880e+00  3.83125744e+00  2.50103800e+00  2.50383370e+00 -3.31601180e-05 
 2.70064000e-02  2.50004020e+00  3.82827623e+00  2.49805981e+00  2.50085815e+00 -3.31815860e-05 
 2.70114000e-02  2.50007157e+00  3.82529616e+00  2.49508306e+00  2.49788126e+00 -3.32030485e-05 
 2.70164000e-02  2.50010286e+00  3.82232018e+00  2.49211069e+00  2.49490599e+00 -3.32244842e-05 
 2.70214000e-02  2.50013406e+00  3.81935122e+00  2.48914565e+00  2.49193528e+00 -3.32458718e-05 
 2.70264000e-02  2.50016512e+00  3.81639224e+00  2.48619086e+00  2.48897207e+00 -3.32671903e-05 
 2.70314000e-02  2.50019601e+00  3.81344616e+00  2.48324926e+00  2.48601928e+00 -3.32884183e-05 
 2.70364000e-02  2.50022672e+00  3.81051590e+00  2.48032376e+00  2.48307986e+00 -3.33095349e-05 
 2.70414000e-02  2.50025720e+00  3.80760437e+00  2.47741727e+00  2.48015670e+00 -3.33305191e-05 
 2.70464000e-02  2.50028743e+00  3.80471447e+00  2.47453267e+00  2.47725272e+00 -3.33513500e-05 
 2.70514000e-02  2.50031737e+00  3.80184906e+00  2.47167283e+00  2.47437080e+00 -3.33720068e-05 
 2.70564000e-02  2.50034700e+00  3.79901098e+00  2.46884059e+00  2.47151379e+00 -3.33924691e-05 
 2.70614000e-02  2.50037629e+00  3.79620308e+00  2.46603877e+00  2.46868455e+00 -3.34127164e-05 
 2.70664000e-02  2.50040521e+00  3.79342812e+00  2.46327015e+00  2.46588587e+00 -3.34327285e-05 
 2.70714000e-02  2.50043372e+00  3.79068889e+00  2.46053749e+00  2.46312056e+00 -3.34524855e-05 
 2.70764000e-02  2.50046181e+00  3.78798810e+00  2.45784351e+00  2.46039135e+00 -3.34719676e-05 
 2.70814000e-02  2.50048944e+00  3.78532845e+00  2.45519090e+00  2.45770097e+00 -3.34911554e-05 
 2.70864000e-02  2.50051659e+00  3.78271259e+00  2.45258230e+00  2.45505211e+00 -3.35100297e-05 
 2.70914000e-02  2.50054323e+00  3.78014313e+00  2.45002032e+00  2.45244739e+00 -3.35285717e-05 
 2.70964000e-02  2.50056934e+00  3.77762263e+00  2.44750750e+00  2.44988942e+00 -3.35467626e-05 
 2.71014000e-02  2.50059488e+00  3.77515361e+00  2.44504636e+00  2.44738074e+00 -3.35645845e-05 
 2.71064000e-02  2.50061983e+00  3.77273854e+00  2.44263935e+00  2.44492388e+00 -3.35820193e-05 
 2.71114000e-02  2.50064418e+00  3.77037981e+00  2.44028889e+00  2.44252127e+00 -3.35990496e-05 
 2.71164000e-02  2.50066788e+00  3.76807981e+00  2.43799731e+00  2.44017532e+00 -3.36156584e-05 
 2.71214000e-02  2.50069093e+00  3.76584081e+00  2.43576692e+00  2.43788837e+00 -3.36318290e-05 
 2.71264000e-02  2.50071330e+00  3.76366507e+00  2.43359993e+00  2.43566271e+00 -3.36475451e-05 
 2.71314000e-02  2.50073496e+00  3.76155475e+00  2.43149852e+00  2.43350057e+00 -3.36627910e-05 
 2.71364000e-02  2.50075590e+00  3.75951198e+00  2.42946479e+00  2.43140410e+00 -3.36775513e-05 
 2.71414000e-02  2.50077609e+00  3.75753878e+00  2.42750078e+00  2.42937541e+00 -3.36918112e-05 
 2.71464000e-02  2.50079552e+00  3.75563715e+00  2.42560846e+00  2.42741653e+00 -3.37055565e-05 
 2.71514000e-02  2.50081416e+00  3.75380899e+00  2.42378971e+00  2.42552941e+00 -3.37187731e-05 
 2.71564000e-02  2.50083199e+00  3.75205612e+00  2.42204636e+00  2.42371596e+00 -3.37314480e-05 
 2.71614000e-02  2.50084901e+00  3.75038030e+00  2.42038016e+00  2.42197797e+00 -3.37435683e-05 
 2.71664000e-02  2.50086519e+00  3.74878322e+00  2.41879278e+00  2.42031721e+00 -3.37551217e-05 
 2.71714000e-02  2.50088051e+00  3.74726647e+00  2.41728581e+00  2.41873532e+00 -3.37660968e-05 
 2.71764000e-02  2.50089497e+00  3.74583157e+00  2.41586075e+00  2.41723390e+00 -3.37764824e-05 
 2.71814000e-02  2.50090854e+00  3.74447997e+00  2.41451905e+00  2.41581446e+00 -3.37862680e-05 
 2.71864000e-02  2.50092121e+00  3.74321302e+00  2.41326204e+00  2.41447841e+00 -3.37954438e-05 
 2.71914000e-02  2.50093298e+00  3.74203198e+00  2.41209099e+00  2.41322710e+00 -3.38040006e-05 
 2.71964000e-02  2.50094382e+00  3.74093805e+00  2.41100707e+00  2.41206177e+00 -3.38119298e-05 
 2.72014000e-02  2.50095374e+00  3.73993232e+00  2.41001137e+00  2.41098361e+00 -3.38192233e-05 
 2.72064000e-02  2.50096271e+00  3.73901581e+00  2.40910489e+00  2.40999370e+00 -3.38258737e-05 
 2.72114000e-02  2.50097073e+00  3.73818942e+00  2.40828854e+00  2.40909301e+00 -3.38318745e-05 
 2.72164000e-02  2.50097780e+00  3.73745400e+00  2.40756313e+00  2.40828247e+00 -3.38372194e-05 
 2.72214000e-02  2.50098390e+00  3.73681027e+00  2.40692940e+00  2.40756288e+00 -3.38419032e-05 
 2.72264000e-02  2.50098903e+00  3.73625889e+00  2.40638798e+00  2.40693497e+00 -3.38459212e-05 
 2.72314000e-02  2.50099318e+00  3.73580041e+00  2.40593942e+00  2.40639937e+00 -3.38492692e-05 
 2.72364000e-02  2.50099635e+00  3.73543529e+00  2.40558416e+00  2.40595660e+00 -3.38519438e-05 
 2.72414000e-02  2.50099854e+00  3.73516389e+00  2.40532257e+00  2.40560713e+00 -3.38539425e-05 
 2.72464000e-02  2.50099974e+00  3.73498649e+00  2.40515490e+00  2.40535130e+00 -3.38552632e-05 
 2.72514000e-02  2.50099996e+00  3.73490326e+00  2.40508132e+00  2.40518936e+00 -3.38559045e-05 
 2.72564000e-02  2.50099919e+00  3.73491430e+00  2.40510192e+00  2.40512149e+00 -3.38558658e-05 
 2.72614000e-02  2.50099744e+00  3.73501958e+00  2.40521666e+00  2.40514774e+00 -3.38551472e-05 
 2.72664000e-02  2.50099470e+00  3.73521900e+00  2.40542543e+00  2.40526809e+00 -3.38537493e-05 
 2.72714000e-02  2.50099097e+00  3.73551236e+00  2.40572802e+00  2.40548242e+00 -3.38516736e-05 
 2.72764000e-02  2.50098627e+00  3.73589937e+00  2.40612413e+00  2.40579051e+00 -3.38489223e-05 
 2.72814000e-02  2.50098060e+00  3.73637964e+00  2.40661335e+00  2.40619206e+00 -3.38454979e-05 
 2.72864000e-02  2.50097396e+00  3.73695268e+00  2.40719521e+00  2.40668666e+00 -3.38414042e-05 
 2.72914000e-02  2.50096636e+00  3.73761792e+00  2.40786911e+00  2.40727381e+00 -3.38366451e-05 
 2.72964000e-02  2.50095780e+00  3.73837469e+00  2.40863437e+00  2.40795293e+00 -3.38312254e-05 
 2.73014000e-02  2.50094830e+00  3.73922223e+00  2.40949024e+00  2.40872333e+00 -3.38251508e-05 
 2.73064000e-02  2.50093786e+00  3.74015969e+00  2.41043584e+00  2.40958424e+00 -3.38184272e-05 
 2.73114000e-02  2.50092650e+00  3.74118613e+00  2.41147023e+00  2.41053479e+00 -3.38110614e-05 
 2.73164000e-02  2.50091423e+00  3.74230051e+00  2.41259237e+00  2.41157404e+00 -3.38030610e-05 
 2.73214000e-02  2.50090105e+00  3.74350172e+00  2.41380114e+00  2.41270093e+00 -3.37944339e-05 
 2.73264000e-02  2.50088698e+00  3.74478856e+00  2.41509532e+00  2.41391433e+00 -3.37851889e-05 
 2.73314000e-02  2.50087204e+00  3.74615973e+00  2.41647361e+00  2.41521304e+00 -3.37753353e-05 
 2.73364000e-02  2.50085623e+00  3.74761386e+00  2.41793464e+00  2.41659574e+00 -3.37648830e-05 
 2.73414000e-02  2.50083958e+00  3.74914948e+00  2.41947692e+00  2.41806104e+00 -3.37538425e-05 
 2.73464000e-02  2.50082210e+00  3.75076506e+00  2.42109893e+00  2.41960749e+00 -3.37422251e-05 
 2.73514000e-02  2.50080382e+00  3.75245898e+00  2.42279903e+00  2.42123352e+00 -3.37300423e-05 
 2.73564000e-02  2.50078473e+00  3.75422954e+00  2.42457552e+00  2.42293752e+00 -3.37173064e-05 
 2.73614000e-02  2.50076488e+00  3.75607497e+00  2.42642661e+00  2.42471776e+00 -3.37040304e-05 
 2.73664000e-02  2.50074426e+00  3.75799341e+00  2.42835046e+00  2.42657247e+00 -3.36902274e-05 
 2.73714000e-02  2.50072292e+00  3.75998295e+00  2.43034514e+00  2.42849978e+00 -3.36759114e-05 
 2.73764000e-02  2.50070086e+00  3.76204159e+00  2.43240864e+00  2.43049777e+00 -3.36610969e-05 
 2.73814000e-02  2.50067811e+00  3.76416728e+00  2.43453892e+00  2.43256445e+00 -3.36457986e-05 
 2.73864000e-02  2.50065469e+00  3.76635788e+00  2.43673382e+00  2.43469772e+00 -3.36300320e-05 
 2.73914000e-02  2.50063062e+00  3.76861120e+00  2.43899116e+00  2.43689548e+00 -3.36138129e-05 
 2.73964000e-02  2.50060593e+00  3.77092500e+00  2.44130868e+00  2.43915551e+00 -3.35971575e-05 
 2.74014000e-02  2.50058065e+00  3.77329695e+00  2.44368406e+00  2.44147555e+00 -3.35800827e-05 
 2.74064000e-02  2.50055479e+00  3.77572469e+00  2.44611494e+00  2.44385329e+00 -3.35626054e-05 
 2.74114000e-02  2.50052838e+00  3.77820579e+00  2.44859887e+00  2.44628636e+00 -3.35447432e-05 
 2.74164000e-02  2.50050145e+00  3.78073778e+00  2.45113339e+00  2.44877231e+00 -3.35265140e-05 
 2.74214000e-02  2.50047403e+00  3.78331813e+00  2.45371595e+00  2.45130867e+00 -3.35079361e-05 
 2.74264000e-02  2.50044614e+00  3.78594426e+00  2.45634399e+00  2.45389291e+00 -3.34890281e-05 
 2.74314000e-02  2.50041780e+00  3.78861355e+00  2.45901489e+00  2.45652245e+00 -3.34698088e-05 
 2.74364000e-02  2.50038906e+00  3.79132335e+00  2.46172598e+00  2.45919466e+00 -3.34502975e-05 
 2.74414000e-02  2.50035993e+00  3.79407095e+00  2.46447456e+00  2.46190689e+00 -3.34305136e-05 
 2.74464000e-02  2.50033045e+00  3.79685362e+00  2.46725789e+00  2.46465643e+00 -3.34104769e-05 
 2.74514000e-02  2.50030064e+00  3.79966859e+00  2.47007321e+00  2.46744054e+00 -3.33902074e-05 
 2.74564000e-02  2.50027053e+00  3.80251305e+00  2.47291771e+00  2.47025645e+00 -3.33697253e-05 
 2.74614000e-02  2.50024016e+00  3.80538419e+00  2.47578856e+00  2.47310137e+00 -3.33490510e-05 
 2.74664000e-02  2.50020955e+00  3.80827914e+00  2.47868292e+00  2.47597246e+00 -3.33282051e-05 
 2.74714000e-02  2.50017873e+00  3.81119503e+00  2.48159791e+00  2.47886687e+00 -3.33072083e-05 
 2.74764000e-02  2.50014774e+00  3.81412897e+00  2.48453063e+00  2.48178173e+00 -3.32860814e-05 
 2.74814000e-02  2.50011660e+00  3.81707805e+00  2.48747817e+00  2.48471414e+00 -3.32648456e-05 
 2.74864000e-02  2.50008535e+00  3.82003934e+00  2.49043762e+00  2.48766119e+00 -3.32435218e-05 
 2.74914000e-02  2.50005401e+00  3.82300991e+00  2.49340604e+00  2.49061997e+00 -3.32221312e-05 
 2.74964000e-02  2.50002262e+00  3.82598682e+00  2.49638049e+00  2.49358754e+00 -3.32006949e-05 
 2.75014000e-02  2.49999120e+00  3.82896712e+00  2.49935803e+00  2.49656096e+00 -3.31792343e-05 
 2.75064000e-02  2.49995980e+00  3.83194787e+00  2.50233572e+00  2.49953729e+00 -3.31577706e-05 
 2.75114000e-02  2.49992843e+00  3.83492612e+00  2.50531060e+00  2.50251359e+00 -3.31363248e-05 
 2.75164000e-02  2.49989714e+00  3.83789892e+00  2.50827976e+00  2.50548692e+00 -3.31149184e-05 
 2.75214000e-02  2.49986594e+00  3.84086335e+00  2.51124024e+00  2.50845433e+00 -3.30935722e-05 
 2.75264000e-02  2.49983488e+00  3.84381648e+00  2.51418914e+00  2.51141292e+00 -3.30723075e-05 
 2.75314000e-02  2.49980399e+00  3.84675540e+00  2.51712355e+00  2.51435974e+00 -3.30511451e-05 
 2.75364000e-02  2.49977328e+00  3.84967722e+00  2.52004058e+00  2.51729191e+00 -3.30301059e-05 
 2.75414000e-02  2.49974280e+00  3.85257907e+00  2.52293736e+00  2.52020654e+00 -3.30092105e-05 
 2.75464000e-02  2.49971257e+00  3.85545808e+00  2.52581104e+00  2.52310075e+00 -3.29884795e-05 
 2.75514000e-02  2.49968263e+00  3.85831143e+00  2.52865880e+00  2.52597170e+00 -3.29679332e-05 
 2.75564000e-02  2.49965300e+00  3.86113632e+00  2.53147784e+00  2.52881658e+00 -3.29475917e-05 
 2.75614000e-02  2.49962371e+00  3.86392998e+00  2.53426540e+00  2.53163258e+00 -3.29274750e-05 
 2.75664000e-02  2.49959479e+00  3.86668967e+00  2.53701874e+00  2.53441695e+00 -3.29076028e-05 
 2.75714000e-02  2.49956628e+00  3.86941269e+00  2.53973517e+00  2.53716695e+00 -3.28879944e-05 
 2.75764000e-02  2.49953819e+00  3.87209636e+00  2.54241202e+00  2.53987990e+00 -3.28686691e-05 
 2.75814000e-02  2.49951056e+00  3.87473808e+00  2.54504669e+00  2.54255313e+00 -3.28496456e-05 
 2.75864000e-02  2.49948341e+00  3.87733524e+00  2.54763659e+00  2.54518404e+00 -3.28309426e-05 
 2.75914000e-02  2.49945677e+00  3.87988533e+00  2.55017920e+00  2.54777005e+00 -3.28125782e-05 
 2.75964000e-02  2.49943066e+00  3.88238585e+00  2.55267204e+00  2.55030864e+00 -3.27945702e-05 
 2.76014000e-02  2.49940512e+00  3.88483436e+00  2.55511267e+00  2.55279733e+00 -3.27769363e-05 
 2.76064000e-02  2.49938017e+00  3.88722847e+00  2.55749871e+00  2.55523369e+00 -3.27596935e-05 
 2.76114000e-02  2.49935582e+00  3.88956586e+00  2.55982786e+00  2.55761535e+00 -3.27428585e-05 
 2.76164000e-02  2.49933212e+00  3.89184425e+00  2.56209783e+00  2.55994000e+00 -3.27264476e-05 
 2.76214000e-02  2.49930907e+00  3.89406143e+00  2.56430642e+00  2.56220537e+00 -3.27104768e-05 
 2.76264000e-02  2.49928670e+00  3.89621525e+00  2.56645150e+00  2.56440925e+00 -3.26949614e-05 
 2.76314000e-02  2.49926504e+00  3.89830360e+00  2.56853096e+00  2.56654951e+00 -3.26799166e-05 
 2.76364000e-02  2.49924410e+00  3.90032448e+00  2.57054281e+00  2.56862408e+00 -3.26653567e-05 
 2.76414000e-02  2.49922391e+00  3.90227591e+00  2.57248508e+00  2.57063093e+00 -3.26512959e-05 
 2.76464000e-02  2.49920448e+00  3.90415601e+00  2.57435590e+00  2.57256812e+00 -3.26377477e-05 
 2.76514000e-02  2.49918584e+00  3.90596295e+00  2.57615346e+00  2.57443379e+00 -3.26247251e-05 
 2.76564000e-02  2.49916801e+00  3.90769500e+00  2.57787601e+00  2.57622611e+00 -3.26122407e-05 
 2.76614000e-02  2.49915099e+00  3.90935047e+00  2.57952189e+00  2.57794336e+00 -3.26003065e-05 
 2.76664000e-02  2.49913481e+00  3.91092777e+00  2.58108952e+00  2.57958388e+00 -3.25889340e-05 
 2.76714000e-02  2.49911949e+00  3.91242536e+00  2.58257737e+00  2.58114607e+00 -3.25781340e-05 
 2.76764000e-02  2.49910503e+00  3.91384182e+00  2.58398401e+00  2.58262845e+00 -3.25679170e-05 
 2.76814000e-02  2.49909146e+00  3.91517576e+00  2.58530809e+00  2.58402956e+00 -3.25582927e-05 
 2.76864000e-02  2.49907879e+00  3.91642591e+00  2.58654832e+00  2.58534806e+00 -3.25492704e-05 
 2.76914000e-02  2.49906702e+00  3.91759105e+00  2.58770352e+00  2.58658269e+00 -3.25408587e-05 
 2.76964000e-02  2.49905618e+00  3.91867007e+00  2.58877257e+00  2.58773224e+00 -3.25330657e-05 
 2.77014000e-02  2.49904626e+00  3.91966193e+00  2.58975444e+00  2.58879562e+00 -3.25258988e-05 
 2.77064000e-02  2.49903729e+00  3.92056567e+00  2.59064818e+00  2.58977179e+00 -3.25193648e-05 
 2.77114000e-02  2.49902927e+00  3.92138043e+00  2.59145294e+00  2.59065983e+00 -3.25134701e-05 
 2.77164000e-02  2.49902220e+00  3.92210541e+00  2.59216794e+00  2.59145887e+00 -3.25082202e-05 
 2.77214000e-02  2.49901610e+00  3.92273992e+00  2.59279250e+00  2.59216814e+00 -3.25036202e-05 
 2.77264000e-02  2.49901097e+00  3.92328335e+00  2.59332601e+00  2.59278697e+00 -3.24996745e-05 
 2.77314000e-02  2.49900682e+00  3.92373519e+00  2.59376796e+00  2.59331476e+00 -3.24963868e-05 
 2.77364000e-02  2.49900365e+00  3.92409498e+00  2.59411792e+00  2.59375100e+00 -3.24937603e-05 
 2.77414000e-02  2.49900146e+00  3.92436240e+00  2.59437557e+00  2.59409527e+00 -3.24917974e-05 
 2.77464000e-02  2.49900026e+00  3.92453717e+00  2.59454065e+00  2.59434724e+00 -3.24905002e-05 
 2.77514000e-02  2.49900004e+00  3.92461914e+00  2.59461300e+00  2.59450667e+00 -3.24898697e-05 
 2.77564000e-02  2.49900081e+00  3.92460823e+00  2.59459256e+00  2.59457341e+00 -3.24899067e-05 
 2.77614000e-02  2.49900256e+00  3.92450443e+00  2.59447934e+00  2.59454739e+00 -3.24906110e-05 
 2.77664000e-02  2.49900530e+00  3.92430786e+00  2.59427345e+00  2.59442864e+00 -3.24919820e-05 
 2.77714000e-02  2.49900903e+00  3.92401871e+00  2.59397509e+00  2.59421727e+00 -3.24940185e-05 
 2.77764000e-02  2.49901373e+00  3.92363724e+00  2.59358455e+00  2.59391348e+00 -3.24967184e-05 
 2.77814000e-02  2.49901940e+00  3.92316383e+00  2.59310220e+00  2.59351757e+00 -3.25000792e-05 
 2.77864000e-02  2.49902604e+00  3.92259893e+00  2.59252850e+00  2.59302992e+00 -3.25040977e-05 
 2.77914000e-02  2.49903364e+00  3.92194308e+00  2.59186401e+00  2.59245099e+00 -3.25087701e-05 
 2.77964000e-02  2.49904220e+00  3.92119691e+00  2.59110937e+00  2.59178134e+00 -3.25140919e-05 
 2.78014000e-02  2.49905170e+00  3.92036115e+00  2.59026529e+00  2.59102161e+00 -3.25200580e-05 
 2.78064000e-02  2.49906214e+00  3.91943659e+00  2.58933260e+00  2.59017254e+00 -3.25266628e-05 
 2.78114000e-02  2.49907350e+00  3.91842412e+00  2.58831219e+00  2.58923494e+00 -3.25338999e-05 
 2.78164000e-02  2.49908577e+00  3.91732472e+00  2.58720504e+00  2.58820971e+00 -3.25417624e-05 
 2.78214000e-02  2.49909895e+00  3.91613944e+00  2.58601222e+00  2.58709785e+00 -3.25502428e-05 
 2.78264000e-02  2.49911302e+00  3.91486944e+00  2.58473487e+00  2.58590041e+00 -3.25593330e-05 
 2.78314000e-02  2.49912796e+00  3.91351592e+00  2.58337423e+00  2.58461856e+00 -3.25690242e-05 
 2.78364000e-02  2.49914377e+00  3.91208020e+00  2.58193161e+00  2.58325353e+00 -3.25793073e-05 
 2.78414000e-02  2.49916042e+00  3.91056367e+00  2.58040840e+00  2.58180664e+00 -3.25901723e-05 
 2.78464000e-02  2.49917790e+00  3.90896777e+00  2.57880608e+00  2.58027928e+00 -3.26016088e-05 
 2.78514000e-02  2.49919618e+00  3.90729407e+00  2.57712618e+00  2.57867293e+00 -3.26136058e-05 
 2.78564000e-02  2.49921527e+00  3.90554416e+00  2.57537034e+00  2.57698913e+00 -3.26261519e-05 
 2.78614000e-02  2.49923512e+00  3.90371975e+00  2.57354024e+00  2.57522952e+00 -3.26392349e-05 
 2.78664000e-02  2.49925574e+00  3.90182260e+00  2.57163767e+00  2.57339579e+00 -3.26528422e-05 
 2.78714000e-02  2.49927708e+00  3.89985455e+00  2.56966446e+00  2.57148973e+00 -3.26669608e-05 
 2.78764000e-02  2.49929914e+00  3.89781750e+00  2.56762252e+00  2.56951317e+00 -3.26815771e-05 
 2.78814000e-02  2.49932189e+00  3.89571343e+00  2.56551384e+00  2.56746804e+00 -3.26966769e-05 
 2.78864000e-02  2.49934531e+00  3.89354438e+00  2.56334045e+00  2.56535631e+00 -3.27122456e-05 
 2.78914000e-02  2.49936938e+00  3.89131245e+00  2.56110448e+00  2.56318003e+00 -3.27282683e-05 
 2.78964000e-02  2.49939407e+00  3.88901982e+00  2.55880809e+00  2.56094132e+00 -3.27447294e-05 
 2.79014000e-02  2.49941935e+00  3.88666871e+00  2.55645352e+00  2.55864235e+00 -3.27616129e-05 
 2.79064000e-02  2.49944521e+00  3.88426141e+00  2.55404305e+00  2.55628536e+00 -3.27789026e-05 
 2.79114000e-02  2.49947162e+00  3.88180026e+00  2.55157903e+00  2.55387264e+00 -3.27965816e-05 
 2.79164000e-02  2.49949855e+00  3.87928767e+00  2.54906387e+00  2.55140654e+00 -3.28146328e-05 
 2.79214000e-02  2.49952597e+00  3.87672607e+00  2.54650002e+00  2.54888946e+00 -3.28330386e-05 
 2.79264000e-02  2.49955386e+00  3.87411798e+00  2.54388997e+00  2.54632386e+00 -3.28517812e-05 
 2.79314000e-02  2.49958220e+00  3.87146594e+00  2.54123629e+00  2.54371224e+00 -3.28708422e-05 
 2.79364000e-02  2.49961094e+00  3.86877255e+00  2.53854156e+00  2.54105716e+00 -3.28902031e-05 
 2.79414000e-02  2.49964007e+00  3.86604042e+00  2.53580841e+00  2.53836121e+00 -3.29098449e-05 
 2.79464000e-02  2.49966955e+00  3.86327226e+00  2.53303954e+00  2.53562702e+00 -3.29297486e-05 
 2.79514000e-02  2.49969936e+00  3.86047075e+00  2.53023764e+00  2.53285727e+00 -3.29498946e-05 
 2.79564000e-02  2.49972947e+00  3.85763865e+00  2.52740546e+00  2.53005469e+00 -3.29702633e-05 
 2.79614000e-02  2.49975984e+00  3.85477875e+00  2.52454579e+00  2.52722201e+00 -3.29908346e-05 
 2.79664000e-02  2.49979045e+00  3.85189384e+00  2.52166143e+00  2.52436201e+00 -3.30115884e-05 
 2.79714000e-02  2.49982127e+00  3.84898677e+00  2.51875522e+00  2.52147751e+00 -3.30325044e-05 
 2.79764000e-02  2.49985226e+00  3.84606038e+00  2.51583002e+00  2.51857133e+00 -3.30535619e-05 
 2.79814000e-02  2.49988340e+00  3.84311757e+00  2.51288870e+00  2.51564635e+00 -3.30747403e-05 
 2.79864000e-02  2.49991465e+00  3.84016123e+00  2.50993416e+00  2.51270543e+00 -3.30960187e-05 
 2.79914000e-02  2.49994599e+00  3.83719428e+00  2.50696931e+00  2.50975147e+00 -3.31173762e-05 
 2.79964000e-02  2.49997738e+00  3.83421964e+00  2.50399708e+00  2.50678739e+00 -3.31387917e-05 
 2.80014000e-02  2.50000880e+00  3.83124024e+00  2.50102041e+00  2.50381611e+00 -3.31602440e-05 
 2.80064000e-02  2.50004020e+00  3.82825904e+00  2.49804223e+00  2.50084056e+00 -3.31817120e-05 
 2.80114000e-02  2.50007157e+00  3.82527897e+00  2.49506548e+00  2.49786368e+00 -3.32031745e-05 
 2.80164000e-02  2.50010286e+00  3.82230299e+00  2.49209312e+00  2.49488842e+00 -3.32246102e-05 
 2.80214000e-02  2.50013406e+00  3.81933404e+00  2.48912807e+00  2.49191771e+00 -3.32459978e-05 
 2.80264000e-02  2.50016512e+00  3.81637505e+00  2.48617329e+00  2.48895450e+00 -3.32673162e-05 
 2.80314000e-02  2.50019601e+00  3.81342898e+00  2.48323169e+00  2.48600171e+00 -3.32885443e-05 
 2.80364000e-02  2.50022672e+00  3.81049872e+00  2.48030620e+00  2.48306229e+00 -3.33096608e-05 
 2.80414000e-02  2.50025720e+00  3.80758720e+00  2.47739971e+00  2.48013914e+00 -3.33306450e-05 
 2.80464000e-02  2.50028743e+00  3.80469729e+00  2.47451512e+00  2.47723517e+00 -3.33514759e-05 
 2.80514000e-02  2.50031737e+00  3.80183188e+00  2.47165528e+00  2.47435325e+00 -3.33721327e-05 
 2.80564000e-02  2.50034700e+00  3.79899381e+00  2.46882305e+00  2.47149625e+00 -3.33925950e-05 
 2.80614000e-02  2.50037629e+00  3.79618591e+00  2.46602123e+00  2.46866700e+00 -3.34128423e-05 
 2.80664000e-02  2.50040521e+00  3.79341096e+00  2.46325261e+00  2.46586833e+00 -3.34328544e-05 
 2.80714000e-02  2.50043372e+00  3.79067173e+00  2.46051996e+00  2.46310302e+00 -3.34526114e-05 
 2.80764000e-02  2.50046181e+00  3.78797094e+00  2.45782599e+00  2.46037382e+00 -3.34720935e-05 
 2.80814000e-02  2.50048944e+00  3.78531130e+00  2.45517338e+00  2.45768345e+00 -3.34912813e-05 
 2.80864000e-02  2.50051659e+00  3.78269544e+00  2.45256478e+00  2.45503458e+00 -3.35101555e-05 
 2.80914000e-02  2.50054323e+00  3.78012598e+00  2.45000280e+00  2.45242987e+00 -3.35286974e-05 
 2.80964000e-02  2.50056934e+00  3.77760548e+00  2.44748999e+00  2.44987190e+00 -3.35468884e-05 
 2.81014000e-02  2.50059488e+00  3.77513647e+00  2.44502885e+00  2.44736323e+00 -3.35647102e-05 
 2.81064000e-02  2.50061983e+00  3.77272139e+00  2.44262185e+00  2.44490637e+00 -3.35821450e-05 
 2.81114000e-02  2.50064418e+00  3.77036267e+00  2.44027139e+00  2.44250377e+00 -3.35991754e-05 
 2.81164000e-02  2.50066788e+00  3.76806267e+00  2.43797982e+00  2.44015782e+00 -3.36157841e-05 
 2.81214000e-02  2.50069093e+00  3.76582368e+00  2.43574943e+00  2.43787088e+00 -3.36319547e-05 
 2.81264000e-02  2.50071330e+00  3.76364793e+00  2.43358245e+00  2.43564523e+00 -3.36476707e-05 
 2.81314000e-02  2.50073496e+00  3.76153762e+00  2.43148105e+00  2.43348309e+00 -3.36629166e-05 
 2.81364000e-02  2.50075590e+00  3.75949485e+00  2.42944732e+00  2.43138663e+00 -3.36776769e-05 
 2.81414000e-02  2.50077609e+00  3.75752166e+00  2.42748332e+00  2.42935794e+00 -3.36919368e-05 
 2.81464000e-02  2.50079552e+00  3.75562004e+00  2.42559100e+00  2.42739906e+00 -3.37056820e-05 
 2.81514000e-02  2.50081416e+00  3.75379187e+00  2.42377225e+00  2.42551195e+00 -3.37188987e-05 
 2.81564000e-02  2.50083199e+00  3.75203901e+00  2.42202891e+00  2.42369850e+00 -3.37315735e-05 
 2.81614000e-02  2.50084901e+00  3.75036320e+00  2.42036272e+00  2.42196053e+00 -3.37436937e-05 
 2.81664000e-02  2.50086519e+00  3.74876612e+00  2.41877534e+00  2.42029976e+00 -3.37552472e-05 
 2.81714000e-02  2.50088051e+00  3.74724937e+00  2.41726838e+00  2.41871789e+00 -3.37662222e-05 
 2.81764000e-02  2.50089497e+00  3.74581448e+00  2.41584333e+00  2.41721647e+00 -3.37766077e-05 
 2.81814000e-02  2.50090854e+00  3.74446288e+00  2.41450163e+00  2.41579703e+00 -3.37863933e-05 
 2.81864000e-02  2.50092121e+00  3.74319593e+00  2.41324463e+00  2.41446099e+00 -3.37955692e-05 
 2.81914000e-02  2.50093298e+00  3.74201490e+00  2.41207359e+00  2.41320968e+00 -3.38041259e-05 
 2.81964000e-02  2.50094382e+00  3.74092097e+00  2.41098967e+00  2.41204437e+00 -3.38120550e-05 
 2.82014000e-02  2.50095374e+00  3.73991525e+00  2.40999398e+00  2.41096621e+00 -3.38193485e-05 
 2.82064000e-02  2.50096271e+00  3.73899874e+00  2.40908750e+00  2.40997630e+00 -3.38259989e-05 
 2.82114000e-02  2.50097073e+00  3.73817236e+00  2.40827116e+00  2.40907563e+00 -3.38319996e-05 
 2.82164000e-02  2.50097780e+00  3.73743694e+00  2.40754576e+00  2.40826509e+00 -3.38373445e-05 
 2.82214000e-02  2.50098390e+00  3.73679322e+00  2.40691203e+00  2.40754551e+00 -3.38420283e-05 
 2.82264000e-02  2.50098903e+00  3.73624184e+00  2.40637062e+00  2.40691760e+00 -3.38460462e-05 
 2.82314000e-02  2.50099318e+00  3.73578337e+00  2.40592206e+00  2.40638201e+00 -3.38493941e-05 
 2.82364000e-02  2.50099635e+00  3.73541825e+00  2.40556682e+00  2.40593925e+00 -3.38520688e-05 
 2.82414000e-02  2.50099854e+00  3.73514686e+00  2.40530523e+00  2.40558979e+00 -3.38540674e-05 
 2.82464000e-02  2.50099974e+00  3.73496946e+00  2.40513757e+00  2.40533396e+00 -3.38553880e-05 
 2.82514000e-02  2.50099996e+00  3.73488624e+00  2.40506400e+00  2.40517203e+00 -3.38560293e-05 
 2.82564000e-02  2.50099919e+00  3.73489728e+00  2.40508460e+00  2.40510416e+00 -3.38559906e-05 
 2.82614000e-02  2.50099744e+00  3.73500257e+00  2.40519935e+00  2.40513042e+00 -3.38552719e-05 
 2.82664000e-02  2.50099470e+00  3.73520200e+00  2.40540812e+00  2.40525078e+00 -3.38538740e-05 
 2.82714000e-02  2.50099097e+00  3.73549537e+00  2.40571072e+00  2.40546512e+00 -3.38517983e-05 
 2.82764000e-02  2.50098627e+00  3.73588238e+00  2.40610684e+00  2.40577322e+00 -3.38490468e-05 
 2.82814000e-02  2.50098060e+00  3.73636266e+00  2.40659608e+00  2.40617477e+00 -3.38456225e-05 
 2.82864000e-02  2.50097396e+00  3.73693570e+00  2.40717794e+00  2.40666938e+00 -3.38415287e-05 
 2.82914000e-02  2.50096636e+00  3.73760095e+00  2.40785185e+00  2.40725654e+00 -3.38367695e-05 
 2.82964000e-02  2.50095780e+00  3.73835773e+00  2.40861712e+00  2.40793567e+00 -3.38313498e-05 
 2.83014000e-02  2.50094830e+00  3.73920527e+00  2.40947299e+00  2.40870608e+00 -3.38252751e-05 
 2.83064000e-02  2.50093786e+00  3.74014274e+00  2.41041860e+00  2.40956699e+00 -3.38185514e-05 
 2.83114000e-02  2.50092650e+00  3.74116918e+00  2.41145300e+00  2.41051756e+00 -3.38111856e-05 
 2.83164000e-02  2.50091423e+00  3.74228357e+00  2.41257516e+00  2.41155681e+00 -3.38031851e-05 
 2.83214000e-02  2.50090105e+00  3.74348480e+00  2.41378393e+00  2.41268371e+00 -3.37945580e-05 
 2.83264000e-02  2.50088698e+00  3.74477164e+00  2.41507812e+00  2.41389712e+00 -3.37853129e-05 
 2.83314000e-02  2.50087204e+00  3.74614282e+00  2.41645642e+00  2.41519584e+00 -3.37754593e-05 
 2.83364000e-02  2.50085623e+00  3.74759695e+00  2.41791745e+00  2.41657854e+00 -3.37650069e-05 
 2.83414000e-02  2.50083958e+00  3.74913258e+00  2.41945975e+00  2.41804386e+00 -3.37539664e-05 
 2.83464000e-02  2.50082210e+00  3.75074817e+00  2.42108176e+00  2.41959032e+00 -3.37423489e-05 
 2.83514000e-02  2.50080382e+00  3.75244210e+00  2.42278187e+00  2.42121636e+00 -3.37301660e-05 
 2.83564000e-02  2.50078473e+00  3.75421267e+00  2.42455837e+00  2.42292036e+00 -3.37174301e-05 
 2.83614000e-02  2.50076488e+00  3.75605810e+00  2.42640948e+00  2.42470061e+00 -3.37041540e-05 
 2.83664000e-02  2.50074426e+00  3.75797655e+00  2.42833333e+00  2.42655533e+00 -3.36903509e-05 
 2.83714000e-02  2.50072292e+00  3.75996610e+00  2.43032802e+00  2.42848265e+00 -3.36760349e-05 
 2.83764000e-02  2.50070086e+00  3.76202475e+00  2.43239154e+00  2.43048066e+00 -3.36612203e-05 
 2.83814000e-02  2.50067811e+00  3.76415044e+00  2.43452182e+00  2.43254734e+00 -3.36459220e-05 
 2.83864000e-02  2.50065469e+00  3.76634105e+00  2.43671673e+00  2.43468063e+00 -3.36301553e-05 
 2.83914000e-02  2.50063062e+00  3.76859438e+00  2.43897408e+00  2.43687839e+00 -3.36139361e-05 
 2.83964000e-02  2.50060593e+00  3.77090819e+00  2.44129161e+00  2.43913843e+00 -3.35972807e-05 
 2.84014000e-02  2.50058065e+00  3.77328015e+00  2.44366701e+00  2.44145848e+00 -3.35802057e-05 
 2.84064000e-02  2.50055479e+00  3.77570790e+00  2.44609789e+00  2.44383624e+00 -3.35627284e-05 
 2.84114000e-02  2.50052838e+00  3.77818901e+00  2.44858183e+00  2.44626931e+00 -3.35448662e-05 
 2.84164000e-02  2.50050145e+00  3.78072100e+00  2.45111636e+00  2.44875527e+00 -3.35266369e-05 
 2.84214000e-02  2.50047403e+00  3.78330136e+00  2.45369894e+00  2.45129164e+00 -3.35080589e-05 
 2.84264000e-02  2.50044614e+00  3.78592750e+00  2.45632699e+00  2.45387589e+00 -3.34891508e-05 
 2.84314000e-02  2.50041780e+00  3.78859680e+00  2.45899789e+00  2.45650544e+00 -3.34699314e-05 
 2.84364000e-02  2.50038906e+00  3.79130660e+00  2.46170899e+00  2.45917766e+00 -3.34504200e-05 
 2.84414000e-02  2.50035993e+00  3.79405421e+00  2.46445758e+00  2.46188990e+00 -3.34306361e-05 
 2.84464000e-02  2.50033045e+00  3.79683689e+00  2.46724093e+00  2.46463945e+00 -3.34105993e-05 
 2.84514000e-02  2.50030064e+00  3.79965187e+00  2.47005625e+00  2.46742358e+00 -3.33903298e-05 
 2.84564000e-02  2.50027053e+00  3.80249634e+00  2.47290076e+00  2.47023950e+00 -3.33698476e-05 
 2.84614000e-02  2.50024016e+00  3.80536749e+00  2.47577163e+00  2.47308443e+00 -3.33491732e-05 
 2.84664000e-02  2.50020955e+00  3.80826245e+00  2.47866600e+00  2.47595553e+00 -3.33283272e-05 
 2.84714000e-02  2.50017873e+00  3.81117835e+00  2.48158100e+00  2.47884995e+00 -3.33073303e-05 
 2.84764000e-02  2.50014774e+00  3.81411230e+00  2.48451373e+00  2.48176482e+00 -3.32862034e-05 
 2.84814000e-02  2.50011660e+00  3.81706139e+00  2.48746128e+00  2.48469724e+00 -3.32649675e-05 
 2.84864000e-02  2.50008535e+00  3.82002269e+00  2.49042074e+00  2.48764430e+00 -3.32436436e-05 
 2.84914000e-02  2.50005401e+00  3.82299327e+00  2.49338917e+00  2.49060309e+00 -3.32222529e-05 
 2.84964000e-02  2.50002262e+00  3.82597019e+00  2.49636364e+00  2.49357067e+00 -3.32008166e-05 
 2.85014000e-02  2.49999120e+00  3.82895050e+00  2.49934119e+00  2.49654410e+00 -3.31793559e-05 
 2.85064000e-02  2.49995980e+00  3.83193126e+00  2.50231888e+00  2.49952045e+00 -3.31578921e-05 
 2.85114000e-02  2.49992843e+00  3.83490951e+00  2.50529378e+00  2.50249676e+00 -3.31364463e-05 
 2.85164000e-02  2.49989714e+00  3.83788233e+00  2.50826295e+00  2.50547010e+00 -3.31150397e-05 
 2.85214000e-02  2.49986594e+00  3.84084676e+00  2.51122344e+00  2.50843752e+00 -3.30936935e-05 
 2.85264000e-02  2.49983488e+00  3.84379991e+00  2.51417235e+00  2.51139612e+00 -3.30724287e-05 
 2.85314000e-02  2.49980399e+00  3.84673884e+00  2.51710678e+00  2.51434296e+00 -3.30512662e-05 
 2.85364000e-02  2.49977328e+00  3.84966067e+00  2.52002382e+00  2.51727514e+00 -3.30302269e-05 
 2.85414000e-02  2.49974280e+00  3.85256252e+00  2.52292061e+00  2.52018977e+00 -3.30093314e-05 
 2.85464000e-02  2.49971257e+00  3.85544154e+00  2.52579430e+00  2.52308399e+00 -3.29886004e-05 
 2.85514000e-02  2.49968263e+00  3.85829490e+00  2.52864207e+00  2.52595496e+00 -3.29680540e-05 
 2.85564000e-02  2.49965300e+00  3.86111980e+00  2.53146112e+00  2.52879984e+00 -3.29477124e-05 
 2.85614000e-02  2.49962371e+00  3.86391347e+00  2.53424869e+00  2.53161586e+00 -3.29275957e-05 
 2.85664000e-02  2.49959479e+00  3.86667317e+00  2.53700204e+00  2.53440024e+00 -3.29077234e-05 
 2.85714000e-02  2.49956628e+00  3.86939620e+00  2.53971848e+00  2.53715025e+00 -3.28881149e-05 
 2.85764000e-02  2.49953819e+00  3.87207988e+00  2.54239535e+00  2.53986321e+00 -3.28687895e-05 
 2.85814000e-02  2.49951056e+00  3.87472161e+00  2.54503002e+00  2.54253646e+00 -3.28497660e-05 
 2.85864000e-02  2.49948341e+00  3.87731878e+00  2.54761994e+00  2.54516738e+00 -3.28310628e-05 
 2.85914000e-02  2.49945677e+00  3.87986888e+00  2.55016256e+00  2.54775340e+00 -3.28126984e-05 
 2.85964000e-02  2.49943066e+00  3.88236940e+00  2.55265540e+00  2.55029200e+00 -3.27946903e-05 
 2.86014000e-02  2.49940512e+00  3.88481792e+00  2.55509604e+00  2.55278070e+00 -3.27770563e-05 
 2.86064000e-02  2.49938017e+00  3.88721204e+00  2.55748210e+00  2.55521707e+00 -3.27598134e-05 
 2.86114000e-02  2.49935582e+00  3.88954944e+00  2.55981126e+00  2.55759874e+00 -3.27429783e-05 
 2.86164000e-02  2.49933212e+00  3.89182785e+00  2.56208124e+00  2.55992340e+00 -3.27265674e-05 
 2.86214000e-02  2.49930907e+00  3.89404504e+00  2.56428984e+00  2.56218878e+00 -3.27105965e-05 
 2.86264000e-02  2.49928670e+00  3.89619886e+00  2.56643493e+00  2.56439267e+00 -3.26950811e-05 
 2.86314000e-02  2.49926504e+00  3.89828722e+00  2.56851440e+00  2.56653294e+00 -3.26800361e-05 
 2.86364000e-02  2.49924410e+00  3.90030810e+00  2.57052626e+00  2.56860752e+00 -3.26654762e-05 
 2.86414000e-02  2.49922391e+00  3.90225954e+00  2.57246854e+00  2.57061438e+00 -3.26514153e-05 
 2.86464000e-02  2.49920448e+00  3.90413965e+00  2.57433937e+00  2.57255159e+00 -3.26378670e-05 
 2.86514000e-02  2.49918584e+00  3.90594661e+00  2.57613694e+00  2.57441726e+00 -3.26248444e-05 
 2.86564000e-02  2.49916801e+00  3.90767866e+00  2.57785950e+00  2.57620959e+00 -3.26123600e-05 
 2.86614000e-02  2.49915099e+00  3.90933414e+00  2.57950539e+00  2.57792685e+00 -3.26004257e-05 
 2.86664000e-02  2.49913481e+00  3.91091144e+00  2.58107303e+00  2.57956738e+00 -3.25890531e-05 
 2.86714000e-02  2.49911949e+00  3.91240905e+00  2.58256089e+00  2.58112958e+00 -3.25782531e-05 
 2.86764000e-02  2.49910503e+00  3.91382551e+00  2.58396754e+00  2.58261197e+00 -3.25680360e-05 
 2.86814000e-02  2.49909146e+00  3.91515946e+00  2.58529163e+00  2.58401309e+00 -3.25584117e-05 
 2.86864000e-02  2.49907879e+00  3.91640961e+00  2.58653187e+00  2.58533160e+00 -3.25493893e-05 
 2.86914000e-02  2.49906702e+00  3.91757477e+00  2.58768708e+00  2.58656624e+00 -3.25409776e-05 
 2.86964000e-02  2.49905618e+00  3.91865379e+00  2.58875613e+00  2.58771580e+00 -3.25331845e-05 
 2.87014000e-02  2.49904626e+00  3.91964566e+00  2.58973801e+00  2.58877918e+00 -3.25260175e-05 
 2.87064000e-02  2.49903729e+00  3.92054941e+00  2.59063176e+00  2.58975537e+00 -3.25194835e-05 
 2.87114000e-02  2.49902927e+00  3.92136417e+00  2.59143653e+00  2.59064341e+00 -3.25135887e-05 
 2.87164000e-02  2.49902220e+00  3.92208916e+00  2.59215154e+00  2.59144246e+00 -3.25083388e-05 
 2.87214000e-02  2.49901610e+00  3.92272367e+00  2.59277611e+00  2.59215174e+00 -3.25037387e-05 
 2.87264000e-02  2.49901097e+00  3.92326711e+00  2.59330962e+00  2.59277058e+00 -3.24997929e-05 
 2.87314000e-02  2.49900682e+00  3.92371895e+00  2.59375158e+00  2.59329837e+00 -3.24965052e-05 
 2.87364000e-02  2.49900365e+00  3.92407876e+00  2.59410155e+00  2.59373462e+00 -3.24938786e-05 
 2.87414000e-02  2.49900146e+00  3.92434618e+00  2.59435921e+00  2.59407890e+00 -3.24919157e-05 
 2.87464000e-02  2.49900026e+00  3.92452096e+00  2.59452429e+00  2.59433088e+00 -3.24906184e-05 
 2.87514000e-02  2.49900004e+00  3.92460293e+00  2.59459665e+00  2.59449032e+00 -3.24899879e-05 
 2.87564000e-02  2.49900081e+00  3.92459202e+00  2.59457622e+00  2.59455707e+00 -3.24900248e-05 
 2.87614000e-02  2.49900256e+00  3.92448823e+00  2.59446300e+00  2.59453105e+00 -3.24907291e-05 
 2.87664000e-02  2.49900530e+00  3.92429167e+00  2.59425712e+00  2.59441231e+00 -3.24921001e-05 
 2.87714000e-02  2.49900903e+00  3.92400252e+00  2.59395877e+00  2.59420094e+00 -3.24941365e-05 
 2.87764000e-02  2.49901373e+00  3.92362105e+00  2.59356823e+00  2.59389716e+00 -3.24968364e-05 
 2.87814000e-02  2.49901940e+00  3.92314765e+00  2.59308589e+00  2.59350126e+00 -3.25001972e-05 
 2.87864000e-02  2.49902604e+00  3.92258275e+00  2.59251220e+00  2.59301361e+00 -3.25042157e-05 
 2.87914000e-02  2.49903364e+00  3.92192691e+00  2.59184772e+00  2.59243469e+00 -3.25088880e-05 
 2.87964000e-02  2.49904220e+00  3.92118075e+00  2.59109308e+00  2.59176504e+00 -3.25142098e-05 
 2.88014000e-02  2.49905170e+00  3.92034498e+00  2.59024901e+00  2.59100532e+00 -3.25201759e-05 
 2.88064000e-02  2.49906214e+00  3.91942043e+00  2.58931632e+00  2.59015626e+00 -3.25267806e-05 
 2.88114000e-02  2.49907350e+00  3.91840796e+00  2.58829592e+00  2.58921866e+00 -3.25340177e-05 
 2.88164000e-02  2.49908577e+00  3.91730857e+00  2.58718877e+00  2.58819344e+00 -3.25418802e-05 
 2.88214000e-02  2.49909895e+00  3.91612330e+00  2.58599596e+00  2.58708158e+00 -3.25503605e-05 
 2.88264000e-02  2.49911302e+00  3.91485330e+00  2.58471861e+00  2.58588415e+00 -3.25594507e-05 
 2.88314000e-02  2.49912796e+00  3.91349978e+00  2.58335798e+00  2.58460231e+00 -3.25691419e-05 
 2.88364000e-02  2.49914377e+00  3.91206407e+00  2.58191537e+00  2.58323728e+00 -3.25794250e-05 
 2.88414000e-02  2.49916042e+00  3.91054753e+00  2.58039216e+00  2.58179040e+00 -3.25902899e-05 
 2.88464000e-02  2.49917790e+00  3.90895164e+00  2.57878984e+00  2.58026304e+00 -3.26017264e-05 
 2.88514000e-02  2.49919618e+00  3.90727794e+00  2.57710995e+00  2.57865669e+00 -3.26137234e-05 
 2.88564000e-02  2.49921527e+00  3.90552804e+00  2.57535411e+00  2.57697290e+00 -3.26262695e-05 
 2.88614000e-02  2.49923512e+00  3.90370363e+00  2.57352402e+00  2.57521329e+00 -3.26393524e-05 
 2.88664000e-02  2.49925574e+00  3.90180649e+00  2.57162145e+00  2.57337957e+00 -3.26529598e-05 
 2.88714000e-02  2.49927708e+00  3.89983844e+00  2.56964824e+00  2.57147351e+00 -3.26670784e-05 
 2.88764000e-02  2.49929914e+00  3.89780139e+00  2.56760631e+00  2.56949696e+00 -3.26816946e-05 
 2.88814000e-02  2.49932189e+00  3.89569732e+00  2.56549763e+00  2.56745183e+00 -3.26967944e-05 
 2.88864000e-02  2.49934531e+00  3.89352827e+00  2.56332425e+00  2.56534010e+00 -3.27123631e-05 
 2.88914000e-02  2.49936938e+00  3.89129635e+00  2.56108828e+00  2.56316383e+00 -3.27283858e-05 
 2.88964000e-02  2.49939407e+00  3.88900372e+00  2.55879190e+00  2.56092512e+00 -3.27448468e-05 
 2.89014000e-02  2.49941935e+00  3.88665261e+00  2.55643733e+00  2.55862616e+00 -3.27617304e-05 
 2.89064000e-02  2.49944521e+00  3.88424531e+00  2.55402686e+00  2.55626917e+00 -3.27790200e-05 
 2.89114000e-02  2.49947162e+00  3.88178417e+00  2.55156285e+00  2.55385645e+00 -3.27966991e-05 
 2.89164000e-02  2.49949855e+00  3.87927157e+00  2.54904769e+00  2.55139035e+00 -3.28147502e-05 
 2.89214000e-02  2.49952597e+00  3.87670998e+00  2.54648384e+00  2.54887328e+00 -3.28331560e-05 
 2.89264000e-02  2.49955386e+00  3.87410189e+00  2.54387380e+00  2.54630768e+00 -3.28518986e-05 
 2.89314000e-02  2.49958220e+00  3.87144986e+00  2.54122012e+00  2.54369607e+00 -3.28709595e-05 
 2.89364000e-02  2.49961094e+00  3.86875646e+00  2.53852539e+00  2.54104099e+00 -3.28903204e-05 
 2.89414000e-02  2.49964007e+00  3.86602434e+00  2.53579225e+00  2.53834504e+00 -3.29099623e-05 
 2.89464000e-02  2.49966955e+00  3.86325617e+00  2.53302338e+00  2.53561086e+00 -3.29298660e-05 
 2.89514000e-02  2.49969936e+00  3.86045467e+00  2.53022148e+00  2.53284112e+00 -3.29500120e-05 
 2.89564000e-02  2.49972947e+00  3.85762257e+00  2.52738931e+00  2.53003853e+00 -3.29703806e-05 
 2.89614000e-02  2.49975984e+00  3.85476267e+00  2.52452964e+00  2.52720585e+00 -3.29909519e-05 
 2.89664000e-02  2.49979045e+00  3.85187776e+00  2.52164529e+00  2.52434586e+00 -3.30117057e-05 
 2.89714000e-02  2.49982127e+00  3.84897069e+00  2.51873908e+00  2.52146136e+00 -3.30326217e-05 
 2.89764000e-02  2.49985226e+00  3.84604431e+00  2.51581388e+00  2.51855519e+00 -3.30536792e-05 
 2.89814000e-02  2.49988340e+00  3.84310150e+00  2.51287256e+00  2.51563021e+00 -3.30748576e-05 
 2.89864000e-02  2.49991465e+00  3.84014516e+00  2.50991802e+00  2.51268929e+00 -3.30961360e-05 
 2.89914000e-02  2.49994599e+00  3.83717821e+00  2.50695318e+00  2.50973534e+00 -3.31174935e-05 
 2.89964000e-02  2.49997738e+00  3.83420357e+00  2.50398096e+00  2.50677126e+00 -3.31389089e-05 
 2.90014000e-02  2.50000880e+00  3.83122418e+00  2.50100429e+00  2.50379999e+00 -3.31603613e-05 
 2.90064000e-02  2.50004020e+00  3.82824298e+00  2.49802611e+00  2.50082444e+00 -3.31818293e-05 
 2.90114000e-02  2.50007157e+00  3.82526291e+00  2.49504937e+00  2.49784756e+00 -3.32032917e-05 
 2.90164000e-02  2.50010286e+00  3.82228693e+00  2.49207701e+00  2.49487230e+00 -3.32247274e-05 
 2.90214000e-02  2.50013406e+00  3.81931798e+00  2.48911197e+00  2.49190160e+00 -3.32461150e-05 
 2.90264000e-02  2.50016512e+00  3.81635900e+00  2.48615719e+00  2.48893839e+00 -3.32674334e-05 
 2.90314000e-02  2.50019601e+00  3.81341292e+00  2.48321559e+00  2.48598561e+00 -3.32886615e-05 
 2.90364000e-02  2.50022672e+00  3.81048267e+00  2.48029010e+00  2.48304619e+00 -3.33097780e-05 
 2.90414000e-02  2.50025720e+00  3.80757115e+00  2.47738362e+00  2.48012305e+00 -3.33307622e-05 
 2.90464000e-02  2.50028743e+00  3.80468125e+00  2.47449903e+00  2.47721907e+00 -3.33515930e-05 
 2.90514000e-02  2.50031737e+00  3.80181584e+00  2.47163920e+00  2.47433716e+00 -3.33722499e-05 
 2.90564000e-02  2.50034700e+00  3.79897777e+00  2.46880696e+00  2.47148016e+00 -3.33927121e-05 
 2.90614000e-02  2.50037629e+00  3.79616987e+00  2.46600515e+00  2.46865092e+00 -3.34129594e-05 
 2.90664000e-02  2.50040521e+00  3.79339492e+00  2.46323654e+00  2.46585226e+00 -3.34329715e-05 
 2.90714000e-02  2.50043372e+00  3.79065569e+00  2.46050389e+00  2.46308695e+00 -3.34527285e-05 
 2.90764000e-02  2.50046181e+00  3.78795491e+00  2.45780992e+00  2.46035775e+00 -3.34722106e-05 
 2.90814000e-02  2.50048944e+00  3.78529526e+00  2.45515732e+00  2.45766738e+00 -3.34913983e-05 
 2.90864000e-02  2.50051659e+00  3.78267941e+00  2.45254873e+00  2.45501852e+00 -3.35102726e-05 
 2.90914000e-02  2.50054323e+00  3.78010995e+00  2.44998675e+00  2.45241381e+00 -3.35288145e-05 
 2.90964000e-02  2.50056934e+00  3.77758946e+00  2.44747394e+00  2.44985585e+00 -3.35470054e-05 
 2.91014000e-02  2.50059488e+00  3.77512045e+00  2.44501281e+00  2.44734719e+00 -3.35648272e-05 
 2.91064000e-02  2.50061983e+00  3.77270537e+00  2.44260581e+00  2.44489033e+00 -3.35822620e-05 
 2.91114000e-02  2.50064418e+00  3.77034666e+00  2.44025536e+00  2.44248773e+00 -3.35992923e-05 
 2.91164000e-02  2.50066788e+00  3.76804666e+00  2.43796379e+00  2.44014179e+00 -3.36159011e-05 
 2.91214000e-02  2.50069093e+00  3.76580767e+00  2.43573340e+00  2.43785485e+00 -3.36320716e-05 
 2.91264000e-02  2.50071330e+00  3.76363193e+00  2.43356643e+00  2.43562920e+00 -3.36477876e-05 
 2.91314000e-02  2.50073496e+00  3.76152162e+00  2.43146503e+00  2.43346707e+00 -3.36630335e-05 
 2.91364000e-02  2.50075590e+00  3.75947885e+00  2.42943131e+00  2.43137061e+00 -3.36777938e-05 
 2.91414000e-02  2.50077609e+00  3.75750567e+00  2.42746731e+00  2.42934193e+00 -3.36920536e-05 
 2.91464000e-02  2.50079552e+00  3.75560404e+00  2.42557499e+00  2.42738306e+00 -3.37057988e-05 
 2.91514000e-02  2.50081416e+00  3.75377589e+00  2.42375626e+00  2.42549595e+00 -3.37190155e-05 
 2.91564000e-02  2.50083199e+00  3.75202303e+00  2.42201292e+00  2.42368250e+00 -3.37316903e-05 
 2.91614000e-02  2.50084901e+00  3.75034722e+00  2.42034673e+00  2.42194453e+00 -3.37438105e-05 
 2.91664000e-02  2.50086519e+00  3.74875014e+00  2.41875936e+00  2.42028378e+00 -3.37553639e-05 
 2.91714000e-02  2.50088051e+00  3.74723340e+00  2.41725240e+00  2.41870190e+00 -3.37663389e-05 
 2.91764000e-02  2.50089497e+00  3.74579851e+00  2.41582736e+00  2.41720050e+00 -3.37767244e-05 
 2.91814000e-02  2.50090854e+00  3.74444692e+00  2.41448567e+00  2.41578106e+00 -3.37865100e-05 
 2.91864000e-02  2.50092121e+00  3.74317997e+00  2.41322867e+00  2.41444503e+00 -3.37956858e-05 
 2.91914000e-02  2.50093298e+00  3.74199894e+00  2.41205763e+00  2.41319373e+00 -3.38042425e-05 
 2.91964000e-02  2.50094382e+00  3.74090502e+00  2.41097373e+00  2.41202842e+00 -3.38121716e-05 
 2.92014000e-02  2.50095374e+00  3.73989930e+00  2.40997804e+00  2.41095027e+00 -3.38194650e-05 
 2.92064000e-02  2.50096271e+00  3.73898280e+00  2.40907157e+00  2.40996036e+00 -3.38261154e-05 
 2.92114000e-02  2.50097073e+00  3.73815642e+00  2.40825523e+00  2.40905969e+00 -3.38321160e-05 
 2.92164000e-02  2.50097780e+00  3.73742101e+00  2.40752983e+00  2.40824916e+00 -3.38374609e-05 
 2.92214000e-02  2.50098390e+00  3.73677729e+00  2.40689612e+00  2.40752959e+00 -3.38421447e-05 
 2.92264000e-02  2.50098903e+00  3.73622592e+00  2.40635471e+00  2.40690169e+00 -3.38461625e-05 
 2.92314000e-02  2.50099318e+00  3.73576745e+00  2.40590616e+00  2.40636610e+00 -3.38495104e-05 
 2.92364000e-02  2.50099635e+00  3.73540234e+00  2.40555092e+00  2.40592335e+00 -3.38521850e-05 
 2.92414000e-02  2.50099854e+00  3.73513095e+00  2.40528934e+00  2.40557389e+00 -3.38541836e-05 
 2.92464000e-02  2.50099974e+00  3.73495356e+00  2.40512169e+00  2.40531807e+00 -3.38555042e-05 
 2.92514000e-02  2.50099996e+00  3.73487035e+00  2.40504813e+00  2.40515615e+00 -3.38561454e-05 
 2.92564000e-02  2.50099919e+00  3.73488139e+00  2.40506873e+00  2.40508829e+00 -3.38561066e-05 
 2.92614000e-02  2.50099744e+00  3.73498668e+00  2.40518349e+00  2.40511455e+00 -3.38553879e-05 
 2.92664000e-02  2.50099470e+00  3.73518612e+00  2.40539227e+00  2.40523492e+00 -3.38539900e-05 
 2.92714000e-02  2.50099097e+00  3.73547949e+00  2.40569488e+00  2.40544926e+00 -3.38519142e-05 
 2.92764000e-02  2.50098627e+00  3.73586651e+00  2.40609100e+00  2.40575737e+00 -3.38491627e-05 
 2.92814000e-02  2.50098060e+00  3.73634679e+00  2.40658024e+00  2.40615894e+00 -3.38457383e-05 
 2.92864000e-02  2.50097396e+00  3.73691985e+00  2.40716212e+00  2.40665355e+00 -3.38416445e-05 
 2.92914000e-02  2.50096636e+00  3.73758510e+00  2.40783603e+00  2.40724072e+00 -3.38368853e-05 
 2.92964000e-02  2.50095780e+00  3.73834188e+00  2.40860131e+00  2.40791985e+00 -3.38314655e-05 
 2.93014000e-02  2.50094830e+00  3.73918943e+00  2.40945719e+00  2.40869027e+00 -3.38253907e-05 
 2.93064000e-02  2.50093786e+00  3.74012691e+00  2.41040281e+00  2.40955119e+00 -3.38186670e-05 
 2.93114000e-02  2.50092650e+00  3.74115336e+00  2.41143722e+00  2.41050176e+00 -3.38113012e-05 
 2.93164000e-02  2.50091423e+00  3.74226776e+00  2.41255938e+00  2.41154102e+00 -3.38033006e-05 
 2.93214000e-02  2.50090105e+00  3.74346898e+00  2.41376816e+00  2.41266793e+00 -3.37946734e-05 
 2.93264000e-02  2.50088698e+00  3.74475583e+00  2.41506236e+00  2.41388136e+00 -3.37854283e-05 
 2.93314000e-02  2.50087204e+00  3.74612702e+00  2.41644067e+00  2.41518008e+00 -3.37755746e-05 
 2.93364000e-02  2.50085623e+00  3.74758116e+00  2.41790171e+00  2.41656279e+00 -3.37651222e-05 
 2.93414000e-02  2.50083958e+00  3.74911680e+00  2.41944401e+00  2.41802812e+00 -3.37540816e-05 
 2.93464000e-02  2.50082210e+00  3.75073239e+00  2.42106604e+00  2.41957458e+00 -3.37424640e-05 
 2.93514000e-02  2.50080382e+00  3.75242633e+00  2.42276616e+00  2.42120063e+00 -3.37302811e-05 
 2.93564000e-02  2.50078473e+00  3.75419690e+00  2.42454266e+00  2.42290464e+00 -3.37175452e-05 
 2.93614000e-02  2.50076488e+00  3.75604234e+00  2.42639378e+00  2.42468490e+00 -3.37042690e-05 
 2.93664000e-02  2.50074426e+00  3.75796080e+00  2.42831764e+00  2.42653963e+00 -3.36904659e-05 
 2.93714000e-02  2.50072292e+00  3.75995036e+00  2.43031234e+00  2.42846696e+00 -3.36761498e-05 
 2.93764000e-02  2.50070086e+00  3.76200901e+00  2.43237586e+00  2.43046498e+00 -3.36613351e-05 
 2.93814000e-02  2.50067811e+00  3.76413471e+00  2.43450615e+00  2.43253167e+00 -3.36460367e-05 
 2.93864000e-02  2.50065469e+00  3.76632533e+00  2.43670108e+00  2.43466496e+00 -3.36302700e-05 
 2.93914000e-02  2.50063062e+00  3.76857867e+00  2.43895844e+00  2.43686274e+00 -3.36140507e-05 
 2.93964000e-02  2.50060593e+00  3.77089248e+00  2.44127598e+00  2.43912279e+00 -3.35973952e-05 
 2.94014000e-02  2.50058065e+00  3.77326445e+00  2.44365138e+00  2.44144285e+00 -3.35803202e-05 
 2.94064000e-02  2.50055479e+00  3.77569221e+00  2.44608227e+00  2.44382061e+00 -3.35628428e-05 
 2.94114000e-02  2.50052838e+00  3.77817333e+00  2.44856623e+00  2.44625369e+00 -3.35449805e-05 
 2.94164000e-02  2.50050145e+00  3.78070533e+00  2.45110076e+00  2.44873967e+00 -3.35267512e-05 
 2.94214000e-02  2.50047403e+00  3.78328570e+00  2.45368335e+00  2.45127605e+00 -3.35081732e-05 
 2.94264000e-02  2.50044614e+00  3.78591184e+00  2.45631141e+00  2.45386031e+00 -3.34892650e-05 
 2.94314000e-02  2.50041780e+00  3.78858115e+00  2.45898233e+00  2.45648986e+00 -3.34700455e-05 
 2.94364000e-02  2.50038906e+00  3.79129097e+00  2.46169344e+00  2.45916210e+00 -3.34505341e-05 
 2.94414000e-02  2.50035993e+00  3.79403859e+00  2.46444204e+00  2.46187435e+00 -3.34307500e-05 
 2.94464000e-02  2.50033045e+00  3.79682127e+00  2.46722539e+00  2.46462391e+00 -3.34107132e-05 
 2.94514000e-02  2.50030064e+00  3.79963626e+00  2.47004073e+00  2.46740804e+00 -3.33904436e-05 
 2.94564000e-02  2.50027053e+00  3.80248074e+00  2.47288525e+00  2.47022398e+00 -3.33699613e-05 
 2.94614000e-02  2.50024016e+00  3.80535189e+00  2.47575612e+00  2.47306891e+00 -3.33492869e-05 
 2.94664000e-02  2.50020955e+00  3.80824686e+00  2.47865050e+00  2.47594002e+00 -3.33284408e-05 
 2.94714000e-02  2.50017873e+00  3.81116278e+00  2.48156551e+00  2.47883446e+00 -3.33074438e-05 
 2.94764000e-02  2.50014774e+00  3.81409674e+00  2.48449825e+00  2.48174933e+00 -3.32863169e-05 
 2.94814000e-02  2.50011660e+00  3.81704583e+00  2.48744582e+00  2.48468176e+00 -3.32650809e-05 
 2.94864000e-02  2.50008535e+00  3.82000714e+00  2.49040529e+00  2.48762884e+00 -3.32437569e-05 
 2.94914000e-02  2.50005401e+00  3.82297773e+00  2.49337373e+00  2.49058764e+00 -3.32223661e-05 
 2.94964000e-02  2.50002262e+00  3.82595466e+00  2.49634820e+00  2.49355523e+00 -3.32009298e-05 
 2.95014000e-02  2.49999120e+00  3.82893498e+00  2.49932576e+00  2.49652867e+00 -3.31794690e-05 
 2.95064000e-02  2.49995980e+00  3.83191574e+00  2.50230347e+00  2.49950502e+00 -3.31580051e-05 
 2.95114000e-02  2.49992843e+00  3.83489401e+00  2.50527838e+00  2.50248134e+00 -3.31365592e-05 
 2.95164000e-02  2.49989714e+00  3.83786683e+00  2.50824755e+00  2.50545469e+00 -3.31151526e-05 
 2.95214000e-02  2.49986594e+00  3.84083128e+00  2.51120806e+00  2.50842213e+00 -3.30938063e-05 
 2.95264000e-02  2.49983488e+00  3.84378443e+00  2.51415698e+00  2.51138074e+00 -3.30725414e-05 
 2.95314000e-02  2.49980399e+00  3.84672337e+00  2.51709141e+00  2.51432758e+00 -3.30513788e-05 
 2.95364000e-02  2.49977328e+00  3.84964520e+00  2.52000847e+00  2.51725978e+00 -3.30303395e-05 
 2.95414000e-02  2.49974280e+00  3.85254707e+00  2.52290527e+00  2.52017442e+00 -3.30094439e-05 
 2.95464000e-02  2.49971257e+00  3.85542610e+00  2.52577897e+00  2.52306866e+00 -3.29887128e-05 
 2.95514000e-02  2.49968263e+00  3.85827947e+00  2.52862675e+00  2.52593963e+00 -3.29681663e-05 
 2.95564000e-02  2.49965300e+00  3.86110438e+00  2.53144581e+00  2.52878453e+00 -3.29478247e-05 
 2.95614000e-02  2.49962371e+00  3.86389806e+00  2.53423339e+00  2.53160055e+00 -3.29277079e-05 
 2.95664000e-02  2.49959479e+00  3.86665776e+00  2.53698675e+00  2.53438494e+00 -3.29078355e-05 
 2.95714000e-02  2.49956628e+00  3.86938080e+00  2.53970320e+00  2.53713496e+00 -3.28882270e-05 
 2.95764000e-02  2.49953819e+00  3.87206449e+00  2.54238008e+00  2.53984793e+00 -3.28689015e-05 
 2.95814000e-02  2.49951056e+00  3.87470622e+00  2.54501477e+00  2.54252119e+00 -3.28498779e-05 
 2.95864000e-02  2.49948341e+00  3.87730341e+00  2.54760469e+00  2.54515212e+00 -3.28311747e-05 
 2.95914000e-02  2.49945677e+00  3.87985351e+00  2.55014732e+00  2.54773815e+00 -3.28128101e-05 
 2.95964000e-02  2.49943066e+00  3.88235405e+00  2.55264018e+00  2.55027676e+00 -3.27948020e-05 
 2.96014000e-02  2.49940512e+00  3.88480257e+00  2.55508083e+00  2.55276547e+00 -3.27771679e-05 
 2.96064000e-02  2.49938017e+00  3.88719671e+00  2.55746690e+00  2.55520185e+00 -3.27599250e-05 
 2.96114000e-02  2.49935582e+00  3.88953411e+00  2.55979606e+00  2.55758354e+00 -3.27430898e-05 
 2.96164000e-02  2.49933212e+00  3.89181252e+00  2.56206605e+00  2.55990820e+00 -3.27266788e-05 
 2.96214000e-02  2.49930907e+00  3.89402972e+00  2.56427467e+00  2.56217359e+00 -3.27107078e-05 
 2.96264000e-02  2.49928670e+00  3.89618355e+00  2.56641976e+00  2.56437749e+00 -3.26951924e-05 
 2.96314000e-02  2.49926504e+00  3.89827192e+00  2.56849925e+00  2.56651778e+00 -3.26801474e-05 
 2.96364000e-02  2.49924410e+00  3.90029281e+00  2.57051111e+00  2.56859236e+00 -3.26655874e-05 
 2.96414000e-02  2.49922391e+00  3.90224426e+00  2.57245340e+00  2.57059923e+00 -3.26515264e-05 
 2.96464000e-02  2.49920448e+00  3.90412438e+00  2.57432424e+00  2.57253645e+00 -3.26379781e-05 
 2.96514000e-02  2.49918584e+00  3.90593134e+00  2.57612182e+00  2.57440213e+00 -3.26249554e-05 
 2.96564000e-02  2.49916801e+00  3.90766340e+00  2.57784439e+00  2.57619447e+00 -3.26124708e-05 
 2.96614000e-02  2.49915099e+00  3.90931889e+00  2.57949029e+00  2.57791174e+00 -3.26005365e-05 
 2.96664000e-02  2.49913481e+00  3.91089620e+00  2.58105793e+00  2.57955228e+00 -3.25891639e-05 
 2.96714000e-02  2.49911949e+00  3.91239381e+00  2.58254580e+00  2.58111449e+00 -3.25783638e-05 
 2.96764000e-02  2.49910503e+00  3.91381028e+00  2.58395246e+00  2.58259688e+00 -3.25681467e-05 
 2.96814000e-02  2.49909146e+00  3.91514424e+00  2.58527656e+00  2.58399801e+00 -3.25585223e-05 
 2.96864000e-02  2.49907879e+00  3.91639440e+00  2.58651681e+00  2.58531654e+00 -3.25494998e-05 
 2.96914000e-02  2.49906702e+00  3.91755956e+00  2.58767203e+00  2.58655118e+00 -3.25410880e-05 
 2.96964000e-02  2.49905618e+00  3.91863859e+00  2.58874109e+00  2.58770075e+00 -3.25332949e-05 
 2.97014000e-02  2.49904626e+00  3.91963047e+00  2.58972298e+00  2.58876414e+00 -3.25261278e-05 
 2.97064000e-02  2.49903729e+00  3.92053422e+00  2.59061674e+00  2.58974033e+00 -3.25195938e-05 
 2.97114000e-02  2.49902927e+00  3.92134899e+00  2.59142151e+00  2.59062838e+00 -3.25136990e-05 
 2.97164000e-02  2.49902220e+00  3.92207398e+00  2.59213653e+00  2.59142744e+00 -3.25084490e-05 
 2.97214000e-02  2.49901610e+00  3.92270851e+00  2.59276110e+00  2.59213673e+00 -3.25038489e-05 
 2.97264000e-02  2.49901097e+00  3.92325195e+00  2.59329463e+00  2.59275557e+00 -3.24999030e-05 
 2.97314000e-02  2.49900682e+00  3.92370380e+00  2.59373659e+00  2.59328338e+00 -3.24966153e-05 
 2.97364000e-02  2.49900365e+00  3.92406360e+00  2.59408657e+00  2.59371963e+00 -3.24939886e-05 
 2.97414000e-02  2.49900146e+00  3.92433103e+00  2.59434423e+00  2.59406392e+00 -3.24920257e-05 
 2.97464000e-02  2.49900026e+00  3.92450582e+00  2.59450933e+00  2.59431591e+00 -3.24907284e-05 
 2.97514000e-02  2.49900004e+00  3.92458780e+00  2.59458169e+00  2.59447535e+00 -3.24900978e-05 
 2.97564000e-02  2.49900081e+00  3.92457689e+00  2.59456126e+00  2.59454211e+00 -3.24901347e-05 
 2.97614000e-02  2.49900256e+00  3.92447311e+00  2.59444806e+00  2.59451610e+00 -3.24908389e-05 
 2.97664000e-02  2.49900530e+00  3.92427655e+00  2.59424218e+00  2.59439736e+00 -3.24922099e-05 
 2.97714000e-02  2.49900903e+00  3.92398740e+00  2.59394384e+00  2.59418601e+00 -3.24942463e-05 
 2.97764000e-02  2.49901373e+00  3.92360594e+00  2.59355331e+00  2.59388223e+00 -3.24969461e-05 
 2.97814000e-02  2.49901940e+00  3.92313254e+00  2.59307097e+00  2.59348633e+00 -3.25003069e-05 
 2.97864000e-02  2.49902604e+00  3.92256765e+00  2.59249728e+00  2.59299869e+00 -3.25043253e-05 
 2.97914000e-02  2.49903364e+00  3.92191181e+00  2.59183281e+00  2.59241977e+00 -3.25089976e-05 
 2.97964000e-02  2.49904220e+00  3.92116565e+00  2.59107817e+00  2.59175013e+00 -3.25143194e-05 
 2.98014000e-02  2.49905170e+00  3.92032990e+00  2.59023411e+00  2.59099042e+00 -3.25202854e-05 
 2.98064000e-02  2.49906214e+00  3.91940534e+00  2.58930143e+00  2.59014136e+00 -3.25268901e-05 
 2.98114000e-02  2.49907350e+00  3.91839288e+00  2.58828103e+00  2.58920377e+00 -3.25341272e-05 
 2.98164000e-02  2.49908577e+00  3.91729349e+00  2.58717389e+00  2.58817855e+00 -3.25419896e-05 
 2.98214000e-02  2.49909895e+00  3.91610822e+00  2.58598108e+00  2.58706670e+00 -3.25504700e-05 
 2.98264000e-02  2.49911302e+00  3.91483822e+00  2.58470374e+00  2.58586928e+00 -3.25595601e-05 
 2.98314000e-02  2.49912796e+00  3.91348472e+00  2.58334311e+00  2.58458744e+00 -3.25692513e-05 
 2.98364000e-02  2.49914377e+00  3.91204900e+00  2.58190050e+00  2.58322242e+00 -3.25795343e-05 
 2.98414000e-02  2.49916042e+00  3.91053247e+00  2.58037730e+00  2.58177553e+00 -3.25903993e-05 
 2.98464000e-02  2.49917790e+00  3.90893659e+00  2.57877499e+00  2.58024818e+00 -3.26018357e-05 
 2.98514000e-02  2.49919618e+00  3.90726288e+00  2.57709510e+00  2.57864184e+00 -3.26138327e-05 
 2.98564000e-02  2.49921527e+00  3.90551299e+00  2.57533926e+00  2.57695805e+00 -3.26263788e-05 
 2.98614000e-02  2.49923512e+00  3.90368858e+00  2.57350918e+00  2.57519844e+00 -3.26394617e-05 
 2.98664000e-02  2.49925574e+00  3.90179144e+00  2.57160661e+00  2.57336473e+00 -3.26530690e-05 
 2.98714000e-02  2.49927708e+00  3.89982339e+00  2.56963341e+00  2.57145867e+00 -3.26671876e-05 
 2.98764000e-02  2.49929914e+00  3.89778635e+00  2.56759148e+00  2.56948213e+00 -3.26818038e-05 
 2.98814000e-02  2.49932189e+00  3.89568228e+00  2.56548280e+00  2.56743700e+00 -3.26969036e-05 
 2.98864000e-02  2.49934531e+00  3.89351324e+00  2.56330943e+00  2.56532528e+00 -3.27124723e-05 
 2.98914000e-02  2.49936938e+00  3.89128131e+00  2.56107347e+00  2.56314901e+00 -3.27284950e-05 
 2.98964000e-02  2.49939407e+00  3.88898868e+00  2.55877708e+00  2.56091030e+00 -3.27449560e-05 
 2.99014000e-02  2.49941935e+00  3.88663758e+00  2.55642252e+00  2.55861134e+00 -3.27618396e-05 
 2.99064000e-02  2.49944521e+00  3.88423028e+00  2.55401205e+00  2.55625436e+00 -3.27791292e-05 
 2.99114000e-02  2.49947162e+00  3.88176914e+00  2.55154805e+00  2.55384164e+00 -3.27968082e-05 
 2.99164000e-02  2.49949855e+00  3.87925655e+00  2.54903289e+00  2.55137555e+00 -3.28148594e-05 
 2.99214000e-02  2.49952597e+00  3.87669496e+00  2.54646904e+00  2.54885848e+00 -3.28332652e-05 
 2.99264000e-02  2.49955386e+00  3.87408687e+00  2.54385901e+00  2.54629289e+00 -3.28520077e-05 
 2.99314000e-02  2.49958220e+00  3.87143484e+00  2.54120533e+00  2.54368128e+00 -3.28710687e-05 
 2.99364000e-02  2.49961094e+00  3.86874144e+00  2.53851060e+00  2.54102620e+00 -3.28904295e-05 
 2.99414000e-02  2.49964007e+00  3.86600932e+00  2.53577747e+00  2.53833025e+00 -3.29100714e-05 
 2.99464000e-02  2.49966955e+00  3.86324116e+00  2.53300860e+00  2.53559607e+00 -3.29299750e-05 
 2.99514000e-02  2.49969936e+00  3.86043965e+00  2.53020670e+00  2.53282633e+00 -3.29501210e-05 
 2.99564000e-02  2.49972947e+00  3.85760756e+00  2.52737453e+00  2.53002375e+00 -3.29704897e-05 
 2.99614000e-02  2.49975984e+00  3.85474766e+00  2.52451487e+00  2.52719108e+00 -3.29910610e-05 
 2.99664000e-02  2.49979045e+00  3.85186276e+00  2.52163052e+00  2.52433109e+00 -3.30118148e-05 
 2.99714000e-02  2.49982127e+00  3.84895568e+00  2.51872431e+00  2.52144659e+00 -3.30327307e-05 
 2.99764000e-02  2.49985226e+00  3.84602931e+00  2.51579912e+00  2.51854043e+00 -3.30537882e-05 
 2.99814000e-02  2.49988340e+00  3.84308650e+00  2.51285780e+00  2.51561545e+00 -3.30749666e-05 
 2.99864000e-02  2.49991465e+00  3.84013016e+00  2.50990327e+00  2.51267454e+00 -3.30962450e-05 
 2.99914000e-02  2.49994599e+00  3.83716321e+00  2.50693843e+00  2.50972059e+00 -3.31176025e-05 
 2.99964000e-02  2.49997738e+00  3.83418857e+00  2.50396621e+00  2.50675651e+00 -3.31390179e-05 
 3.00014000e-02  2.50000880e+00  3.83120918e+00  2.50098954e+00  2.50378524e+00 -3.31604703e-05 
 3.00064000e-02  2.50004020e+00  3.82822798e+00  2.49801137e+00  2.50080969e+00 -3.31819383e-05 
 3.00114000e-02  2.50007157e+00  3.82524792e+00  2.49503463e+00  2.49783282e+00 -3.32034007e-05 
 3.00164000e-02  2.50010286e+00  3.82227194e+00  2.49206227e+00  2.49485756e+00 -3.32248363e-05 
 3.00214000e-02  2.50013406e+00  3.81930299e+00  2.48909723e+00  2.49188686e+00 -3.32462240e-05 
 3.00264000e-02  2.50016512e+00  3.81634401e+00  2.48614246e+00  2.48892366e+00 -3.32675424e-05 
 3.00314000e-02  2.50019601e+00  3.81339794e+00  2.48320087e+00  2.48597088e+00 -3.32887704e-05 
 3.00364000e-02  2.50022672e+00  3.81046769e+00  2.48027538e+00  2.48303147e+00 -3.33098870e-05 
 3.00414000e-02  2.50025720e+00  3.80755617e+00  2.47736890e+00  2.48010832e+00 -3.33308711e-05 
 3.00464000e-02  2.50028743e+00  3.80466627e+00  2.47448431e+00  2.47720435e+00 -3.33517019e-05 
 3.00514000e-02  2.50031737e+00  3.80180086e+00  2.47162449e+00  2.47432244e+00 -3.33723588e-05 
 3.00564000e-02  2.50034700e+00  3.79896280e+00  2.46879226e+00  2.47146545e+00 -3.33928210e-05 
 3.00614000e-02  2.50037629e+00  3.79615490e+00  2.46599044e+00  2.46863621e+00 -3.34130683e-05 
 3.00664000e-02  2.50040521e+00  3.79337995e+00  2.46322184e+00  2.46583755e+00 -3.34330803e-05 
 3.00714000e-02  2.50043372e+00  3.79064072e+00  2.46048919e+00  2.46307225e+00 -3.34528373e-05 
 3.00764000e-02  2.50046181e+00  3.78793994e+00  2.45779523e+00  2.46034305e+00 -3.34723194e-05 
 3.00814000e-02  2.50048944e+00  3.78528030e+00  2.45514263e+00  2.45765269e+00 -3.34915071e-05 
 3.00864000e-02  2.50051659e+00  3.78266445e+00  2.45253404e+00  2.45500383e+00 -3.35103814e-05 
 3.00914000e-02  2.50054323e+00  3.78009500e+00  2.44997207e+00  2.45239912e+00 -3.35289233e-05 
 3.00964000e-02  2.50056934e+00  3.77757451e+00  2.44745926e+00  2.44984117e+00 -3.35471142e-05 
 3.01014000e-02  2.50059488e+00  3.77510549e+00  2.44499814e+00  2.44733251e+00 -3.35649360e-05 
 3.01064000e-02  2.50061983e+00  3.77269042e+00  2.44259114e+00  2.44487566e+00 -3.35823707e-05 
 3.01114000e-02  2.50064418e+00  3.77033171e+00  2.44024069e+00  2.44247306e+00 -3.35994010e-05 
 3.01164000e-02  2.50066788e+00  3.76803171e+00  2.43794913e+00  2.44012712e+00 -3.36160097e-05 
 3.01214000e-02  2.50069093e+00  3.76579273e+00  2.43571875e+00  2.43784019e+00 -3.36321802e-05 
 3.01264000e-02  2.50071330e+00  3.76361699e+00  2.43355177e+00  2.43561454e+00 -3.36478963e-05 
 3.01314000e-02  2.50073496e+00  3.76150669e+00  2.43145038e+00  2.43345241e+00 -3.36631421e-05 
 3.01364000e-02  2.50075590e+00  3.75946392e+00  2.42941667e+00  2.43135596e+00 -3.36779024e-05 
 3.01414000e-02  2.50077609e+00  3.75749074e+00  2.42745267e+00  2.42932729e+00 -3.36921622e-05 
 3.01464000e-02  2.50079552e+00  3.75558912e+00  2.42556036e+00  2.42736842e+00 -3.37059074e-05 
 3.01514000e-02  2.50081416e+00  3.75376097e+00  2.42374163e+00  2.42548132e+00 -3.37191240e-05 
 3.01564000e-02  2.50083199e+00  3.75200811e+00  2.42199830e+00  2.42366788e+00 -3.37317988e-05 
 3.01614000e-02  2.50084901e+00  3.75033230e+00  2.42033211e+00  2.42192991e+00 -3.37439189e-05 
 3.01664000e-02  2.50086519e+00  3.74873523e+00  2.41874475e+00  2.42026916e+00 -3.37554723e-05 
 3.01714000e-02  2.50088051e+00  3.74721849e+00  2.41723779e+00  2.41868729e+00 -3.37664473e-05 
 3.01764000e-02  2.50089497e+00  3.74578361e+00  2.41581276e+00  2.41718589e+00 -3.37768328e-05 
 3.01814000e-02  2.50090854e+00  3.74443202e+00  2.41447107e+00  2.41576646e+00 -3.37866183e-05 
 3.01864000e-02  2.50092121e+00  3.74316507e+00  2.41321408e+00  2.41443043e+00 -3.37957941e-05 
 3.01914000e-02  2.50093298e+00  3.74198405e+00  2.41204305e+00  2.41317913e+00 -3.38043508e-05 
 3.01964000e-02  2.50094382e+00  3.74089014e+00  2.41095915e+00  2.41201383e+00 -3.38122798e-05 
 3.02014000e-02  2.50095374e+00  3.73988442e+00  2.40996346e+00  2.41093569e+00 -3.38195732e-05 
 3.02064000e-02  2.50096271e+00  3.73896792e+00  2.40905700e+00  2.40994579e+00 -3.38262236e-05 
 3.02114000e-02  2.50097073e+00  3.73814155e+00  2.40824066e+00  2.40904512e+00 -3.38322242e-05 
 3.02164000e-02  2.50097780e+00  3.73740614e+00  2.40751528e+00  2.40823460e+00 -3.38375691e-05 
 3.02214000e-02  2.50098390e+00  3.73676243e+00  2.40688157e+00  2.40751503e+00 -3.38422528e-05 
 3.02264000e-02  2.50098903e+00  3.73621106e+00  2.40634017e+00  2.40688714e+00 -3.38462706e-05 
 3.02314000e-02  2.50099318e+00  3.73575259e+00  2.40589162e+00  2.40635155e+00 -3.38496185e-05 
 3.02364000e-02  2.50099635e+00  3.73538749e+00  2.40553639e+00  2.40590881e+00 -3.38522930e-05 
 3.02414000e-02  2.50099854e+00  3.73511610e+00  2.40527481e+00  2.40555936e+00 -3.38542916e-05 
 3.02464000e-02  2.50099974e+00  3.73493872e+00  2.40510717e+00  2.40530355e+00 -3.38556121e-05 
 3.02514000e-02  2.50099996e+00  3.73485551e+00  2.40503361e+00  2.40514163e+00 -3.38562533e-05 
 3.02564000e-02  2.50099919e+00  3.73486656e+00  2.40505423e+00  2.40507378e+00 -3.38562145e-05 
 3.02614000e-02  2.50099744e+00  3.73497186e+00  2.40516899e+00  2.40510005e+00 -3.38554957e-05 
 3.02664000e-02  2.50099470e+00  3.73517130e+00  2.40537778e+00  2.40522042e+00 -3.38540977e-05 
 3.02714000e-02  2.50099097e+00  3.73546468e+00  2.40568039e+00  2.40543477e+00 -3.38520219e-05 
 3.02764000e-02  2.50098627e+00  3.73585171e+00  2.40607652e+00  2.40574289e+00 -3.38492704e-05 
 3.02814000e-02  2.50098060e+00  3.73633199e+00  2.40656577e+00  2.40614446e+00 -3.38458460e-05 
 3.02864000e-02  2.50097396e+00  3.73690505e+00  2.40714765e+00  2.40663908e+00 -3.38417521e-05 
 3.02914000e-02  2.50096636e+00  3.73757031e+00  2.40782157e+00  2.40722626e+00 -3.38369928e-05 
 3.02964000e-02  2.50095780e+00  3.73832709e+00  2.40858686e+00  2.40790540e+00 -3.38315730e-05 
 3.03014000e-02  2.50094830e+00  3.73917465e+00  2.40944275e+00  2.40867582e+00 -3.38254982e-05 
 3.03064000e-02  2.50093786e+00  3.74011213e+00  2.41038838e+00  2.40953675e+00 -3.38187744e-05 
 3.03114000e-02  2.50092650e+00  3.74113859e+00  2.41142279e+00  2.41048733e+00 -3.38114085e-05 
 3.03164000e-02  2.50091423e+00  3.74225299e+00  2.41254496e+00  2.41152660e+00 -3.38034079e-05 
 3.03214000e-02  2.50090105e+00  3.74345423e+00  2.41375375e+00  2.41265351e+00 -3.37947807e-05 
 3.03264000e-02  2.50088698e+00  3.74474109e+00  2.41504795e+00  2.41386694e+00 -3.37855355e-05 
 3.03314000e-02  2.50087204e+00  3.74611228e+00  2.41642627e+00  2.41516567e+00 -3.37756817e-05 
 3.03364000e-02  2.50085623e+00  3.74756642e+00  2.41788732e+00  2.41654840e+00 -3.37652293e-05 
 3.03414000e-02  2.50083958e+00  3.74910207e+00  2.41942963e+00  2.41801373e+00 -3.37541887e-05 
 3.03464000e-02  2.50082210e+00  3.75071767e+00  2.42105167e+00  2.41956020e+00 -3.37425710e-05 
 3.03514000e-02  2.50080382e+00  3.75241161e+00  2.42275179e+00  2.42118626e+00 -3.37303881e-05 
 3.03564000e-02  2.50078473e+00  3.75418219e+00  2.42452831e+00  2.42289028e+00 -3.37176520e-05 
 3.03614000e-02  2.50076488e+00  3.75602764e+00  2.42637943e+00  2.42467055e+00 -3.37043758e-05 
 3.03664000e-02  2.50074426e+00  3.75794611e+00  2.42830330e+00  2.42652528e+00 -3.36905726e-05 
 3.03714000e-02  2.50072292e+00  3.75993567e+00  2.43029801e+00  2.42845263e+00 -3.36762565e-05 
 3.03764000e-02  2.50070086e+00  3.76199433e+00  2.43236154e+00  2.43045065e+00 -3.36614418e-05 
 3.03814000e-02  2.50067811e+00  3.76412004e+00  2.43449184e+00  2.43251734e+00 -3.36461433e-05 
 3.03864000e-02  2.50065469e+00  3.76631066e+00  2.43668677e+00  2.43465065e+00 -3.36303765e-05 
 3.03914000e-02  2.50063062e+00  3.76856401e+00  2.43894414e+00  2.43684843e+00 -3.36141572e-05 
 3.03964000e-02  2.50060593e+00  3.77087783e+00  2.44126169e+00  2.43910849e+00 -3.35975017e-05 
 3.04014000e-02  2.50058065e+00  3.77324981e+00  2.44363710e+00  2.44142856e+00 -3.35804266e-05 
 3.04064000e-02  2.50055479e+00  3.77567757e+00  2.44606800e+00  2.44380633e+00 -3.35629491e-05 
 3.04114000e-02  2.50052838e+00  3.77815870e+00  2.44855197e+00  2.44623942e+00 -3.35450867e-05 
 3.04164000e-02  2.50050145e+00  3.78069071e+00  2.45108651e+00  2.44872541e+00 -3.35268574e-05 
 3.04214000e-02  2.50047403e+00  3.78327108e+00  2.45366911e+00  2.45126180e+00 -3.35082793e-05 
 3.04264000e-02  2.50044614e+00  3.78589724e+00  2.45629718e+00  2.45384606e+00 -3.34893710e-05 
 3.04314000e-02  2.50041780e+00  3.78856655e+00  2.45896810e+00  2.45647563e+00 -3.34701515e-05 
 3.04364000e-02  2.50038906e+00  3.79127638e+00  2.46167922e+00  2.45914787e+00 -3.34506400e-05 
 3.04414000e-02  2.50035993e+00  3.79402400e+00  2.46442783e+00  2.46186013e+00 -3.34308559e-05 
 3.04464000e-02  2.50033045e+00  3.79680670e+00  2.46721119e+00  2.46460970e+00 -3.34108190e-05 
 3.04514000e-02  2.50030064e+00  3.79962169e+00  2.47002654e+00  2.46739384e+00 -3.33905493e-05 
 3.04564000e-02  2.50027053e+00  3.80246618e+00  2.47287107e+00  2.47020979e+00 -3.33700670e-05 
 3.04614000e-02  2.50024016e+00  3.80533734e+00  2.47574196e+00  2.47305474e+00 -3.33493924e-05 
 3.04664000e-02  2.50020955e+00  3.80823232e+00  2.47863635e+00  2.47592586e+00 -3.33285463e-05 
 3.04714000e-02  2.50017873e+00  3.81114824e+00  2.48155136e+00  2.47882030e+00 -3.33075493e-05 
 3.04764000e-02  2.50014774e+00  3.81408221e+00  2.48448411e+00  2.48173519e+00 -3.32864222e-05 
 3.04814000e-02  2.50011660e+00  3.81703131e+00  2.48743169e+00  2.48466763e+00 -3.32651862e-05 
 3.04864000e-02  2.50008535e+00  3.81999263e+00  2.49039117e+00  2.48761471e+00 -3.32438621e-05 
 3.04914000e-02  2.50005401e+00  3.82296323e+00  2.49335962e+00  2.49057352e+00 -3.32224713e-05 
 3.04964000e-02  2.50002262e+00  3.82594017e+00  2.49633410e+00  2.49354112e+00 -3.32010348e-05 
 3.05014000e-02  2.49999120e+00  3.82892049e+00  2.49931167e+00  2.49651457e+00 -3.31795740e-05 
 3.05064000e-02  2.49995980e+00  3.83190127e+00  2.50228939e+00  2.49949093e+00 -3.31581100e-05 
 3.05114000e-02  2.49992843e+00  3.83487954e+00  2.50526431e+00  2.50246726e+00 -3.31366641e-05 
 3.05164000e-02  2.49989714e+00  3.83785237e+00  2.50823349e+00  2.50544062e+00 -3.31152574e-05 
 3.05214000e-02  2.49986594e+00  3.84081683e+00  2.51119401e+00  2.50840807e+00 -3.30939110e-05 
 3.05264000e-02  2.49983488e+00  3.84376998e+00  2.51414294e+00  2.51136669e+00 -3.30726461e-05 
 3.05314000e-02  2.49980399e+00  3.84670893e+00  2.51707738e+00  2.51431354e+00 -3.30514835e-05 
 3.05364000e-02  2.49977328e+00  3.84963078e+00  2.51999444e+00  2.51724575e+00 -3.30304440e-05 
 3.05414000e-02  2.49974280e+00  3.85253265e+00  2.52289125e+00  2.52016040e+00 -3.30095484e-05 
 3.05464000e-02  2.49971257e+00  3.85541169e+00  2.52576497e+00  2.52305464e+00 -3.29888172e-05 
 3.05514000e-02  2.49968263e+00  3.85826507e+00  2.52861276e+00  2.52592563e+00 -3.29682706e-05 
 3.05564000e-02  2.49965300e+00  3.86108999e+00  2.53143183e+00  2.52877053e+00 -3.29479290e-05 
 3.05614000e-02  2.49962371e+00  3.86388367e+00  2.53421942e+00  2.53158657e+00 -3.29278121e-05 
 3.05664000e-02  2.49959479e+00  3.86664339e+00  2.53697279e+00  2.53437097e+00 -3.29079396e-05 
 3.05714000e-02  2.49956628e+00  3.86936643e+00  2.53968925e+00  2.53712100e+00 -3.28883310e-05 
 3.05764000e-02  2.49953819e+00  3.87205013e+00  2.54236613e+00  2.53983398e+00 -3.28690055e-05 
 3.05814000e-02  2.49951056e+00  3.87469187e+00  2.54500083e+00  2.54250725e+00 -3.28499818e-05 
 3.05864000e-02  2.49948341e+00  3.87728907e+00  2.54759076e+00  2.54513818e+00 -3.28312785e-05 
 3.05914000e-02  2.49945677e+00  3.87983918e+00  2.55013340e+00  2.54772423e+00 -3.28129139e-05 
 3.05964000e-02  2.49943066e+00  3.88233972e+00  2.55262627e+00  2.55026284e+00 -3.27949057e-05 
 3.06014000e-02  2.49940512e+00  3.88478825e+00  2.55506693e+00  2.55275156e+00 -3.27772716e-05 
 3.06064000e-02  2.49938017e+00  3.88718240e+00  2.55745301e+00  2.55518796e+00 -3.27600285e-05 
 3.06114000e-02  2.49935582e+00  3.88951981e+00  2.55978218e+00  2.55756965e+00 -3.27431933e-05 
 3.06164000e-02  2.49933212e+00  3.89179823e+00  2.56205218e+00  2.55989433e+00 -3.27267823e-05 
 3.06214000e-02  2.49930907e+00  3.89401543e+00  2.56426081e+00  2.56215972e+00 -3.27108112e-05 
 3.06264000e-02  2.49928670e+00  3.89616927e+00  2.56640591e+00  2.56436364e+00 -3.26952957e-05 
 3.06314000e-02  2.49926504e+00  3.89825765e+00  2.56848540e+00  2.56650393e+00 -3.26802506e-05 
 3.06364000e-02  2.49924410e+00  3.90027855e+00  2.57049728e+00  2.56857852e+00 -3.26656906e-05 
 3.06414000e-02  2.49922391e+00  3.90223001e+00  2.57243958e+00  2.57058540e+00 -3.26516295e-05 
 3.06464000e-02  2.49920448e+00  3.90411013e+00  2.57431043e+00  2.57252262e+00 -3.26380811e-05 
 3.06514000e-02  2.49918584e+00  3.90591710e+00  2.57610801e+00  2.57438832e+00 -3.26250584e-05 
 3.06564000e-02  2.49916801e+00  3.90764917e+00  2.57783059e+00  2.57618067e+00 -3.26125738e-05 
 3.06614000e-02  2.49915099e+00  3.90930466e+00  2.57947650e+00  2.57789794e+00 -3.26006394e-05 
 3.06664000e-02  2.49913481e+00  3.91088198e+00  2.58104415e+00  2.57953849e+00 -3.25892667e-05 
 3.06714000e-02  2.49911949e+00  3.91237960e+00  2.58253203e+00  2.58110071e+00 -3.25784666e-05 
 3.06764000e-02  2.49910503e+00  3.91379607e+00  2.58393870e+00  2.58258311e+00 -3.25682494e-05 
 3.06814000e-02  2.49909146e+00  3.91513004e+00  2.58526280e+00  2.58398425e+00 -3.25586250e-05 
 3.06864000e-02  2.49907879e+00  3.91638021e+00  2.58650306e+00  2.58530278e+00 -3.25496025e-05 
 3.06914000e-02  2.49906702e+00  3.91754537e+00  2.58765829e+00  2.58653743e+00 -3.25411906e-05 
 3.06964000e-02  2.49905618e+00  3.91862441e+00  2.58872736e+00  2.58768701e+00 -3.25333974e-05 
 3.07014000e-02  2.49904626e+00  3.91961629e+00  2.58970925e+00  2.58875041e+00 -3.25262303e-05 
 3.07064000e-02  2.49903729e+00  3.92052005e+00  2.59060302e+00  2.58972661e+00 -3.25196962e-05 
 3.07114000e-02  2.49902927e+00  3.92133482e+00  2.59140780e+00  2.59061467e+00 -3.25138013e-05 
 3.07164000e-02  2.49902220e+00  3.92205982e+00  2.59212283e+00  2.59141373e+00 -3.25085513e-05 
 3.07214000e-02  2.49901610e+00  3.92269436e+00  2.59274741e+00  2.59212303e+00 -3.25039512e-05 
 3.07264000e-02  2.49901097e+00  3.92323781e+00  2.59328094e+00  2.59274188e+00 -3.25000053e-05 
 3.07314000e-02  2.49900682e+00  3.92368966e+00  2.59372291e+00  2.59326969e+00 -3.24967175e-05 
 3.07364000e-02  2.49900365e+00  3.92404947e+00  2.59407290e+00  2.59370595e+00 -3.24940908e-05 
 3.07414000e-02  2.49900146e+00  3.92431690e+00  2.59433057e+00  2.59405024e+00 -3.24921278e-05 
 3.07464000e-02  2.49900026e+00  3.92449170e+00  2.59449567e+00  2.59430224e+00 -3.24908305e-05 
 3.07514000e-02  2.49900004e+00  3.92457368e+00  2.59456804e+00  2.59446169e+00 -3.24901999e-05 
 3.07564000e-02  2.49900081e+00  3.92456278e+00  2.59454761e+00  2.59452845e+00 -3.24902367e-05 
 3.07614000e-02  2.49900256e+00  3.92445900e+00  2.59443441e+00  2.59450245e+00 -3.24909409e-05 
 3.07664000e-02  2.49900530e+00  3.92426245e+00  2.59422854e+00  2.59438372e+00 -3.24923118e-05 
 3.07714000e-02  2.49900903e+00  3.92397330e+00  2.59393020e+00  2.59417237e+00 -3.24943482e-05 
 3.07764000e-02  2.49901373e+00  3.92359185e+00  2.59353968e+00  2.59386860e+00 -3.24970480e-05 
 3.07814000e-02  2.49901940e+00  3.92311845e+00  2.59305735e+00  2.59347271e+00 -3.25004087e-05 
 3.07864000e-02  2.49902604e+00  3.92255356e+00  2.59248367e+00  2.59298507e+00 -3.25044271e-05 
 3.07914000e-02  2.49903364e+00  3.92189773e+00  2.59181920e+00  2.59240616e+00 -3.25090994e-05 
 3.07964000e-02  2.49904220e+00  3.92115157e+00  2.59106457e+00  2.59173652e+00 -3.25144211e-05 
 3.08014000e-02  2.49905170e+00  3.92031582e+00  2.59022051e+00  2.59097681e+00 -3.25203871e-05 
 3.08064000e-02  2.49906214e+00  3.91939127e+00  2.58928784e+00  2.59012776e+00 -3.25269918e-05 
 3.08114000e-02  2.49907350e+00  3.91837882e+00  2.58826744e+00  2.58919018e+00 -3.25342288e-05 
 3.08164000e-02  2.49908577e+00  3.91727943e+00  2.58716031e+00  2.58816497e+00 -3.25420913e-05 
 3.08214000e-02  2.49909895e+00  3.91609416e+00  2.58596750e+00  2.58705312e+00 -3.25505716e-05 
 3.08264000e-02  2.49911302e+00  3.91482417e+00  2.58469017e+00  2.58585570e+00 -3.25596617e-05 
 3.08314000e-02  2.49912796e+00  3.91347066e+00  2.58332954e+00  2.58457386e+00 -3.25693529e-05 
 3.08364000e-02  2.49914377e+00  3.91203495e+00  2.58188694e+00  2.58320885e+00 -3.25796359e-05 
 3.08414000e-02  2.49916042e+00  3.91051842e+00  2.58036374e+00  2.58176197e+00 -3.25905008e-05 
 3.08464000e-02  2.49917790e+00  3.90892254e+00  2.57876143e+00  2.58023462e+00 -3.26019372e-05 
 3.08514000e-02  2.49919618e+00  3.90724884e+00  2.57708155e+00  2.57862828e+00 -3.26139342e-05 
 3.08564000e-02  2.49921527e+00  3.90549895e+00  2.57532571e+00  2.57694450e+00 -3.26264802e-05 
 3.08614000e-02  2.49923512e+00  3.90367455e+00  2.57349563e+00  2.57518490e+00 -3.26395632e-05 
 3.08664000e-02  2.49925574e+00  3.90177741e+00  2.57159307e+00  2.57335119e+00 -3.26531705e-05 
 3.08714000e-02  2.49927708e+00  3.89980936e+00  2.56961987e+00  2.57144513e+00 -3.26672890e-05 
 3.08764000e-02  2.49929914e+00  3.89777232e+00  2.56757795e+00  2.56946859e+00 -3.26819052e-05 
 3.08814000e-02  2.49932189e+00  3.89566826e+00  2.56546928e+00  2.56742347e+00 -3.26970050e-05 
 3.08864000e-02  2.49934531e+00  3.89349921e+00  2.56329590e+00  2.56531175e+00 -3.27125737e-05 
 3.08914000e-02  2.49936938e+00  3.89126729e+00  2.56105994e+00  2.56313548e+00 -3.27285963e-05 
 3.08964000e-02  2.49939407e+00  3.88897466e+00  2.55876356e+00  2.56089678e+00 -3.27450574e-05 
 3.09014000e-02  2.49941935e+00  3.88662356e+00  2.55640900e+00  2.55859782e+00 -3.27619409e-05 
 3.09064000e-02  2.49944521e+00  3.88421626e+00  2.55399854e+00  2.55624084e+00 -3.27792305e-05 
 3.09114000e-02  2.49947162e+00  3.88175512e+00  2.55153454e+00  2.55382813e+00 -3.27969095e-05 
 3.09164000e-02  2.49949855e+00  3.87924253e+00  2.54901939e+00  2.55136204e+00 -3.28149607e-05 
 3.09214000e-02  2.49952597e+00  3.87668095e+00  2.54645554e+00  2.54884497e+00 -3.28333665e-05 
 3.09264000e-02  2.49955386e+00  3.87407286e+00  2.54384551e+00  2.54627938e+00 -3.28521090e-05 
 3.09314000e-02  2.49958220e+00  3.87142083e+00  2.54119183e+00  2.54366778e+00 -3.28711699e-05 
 3.09364000e-02  2.49961094e+00  3.86872744e+00  2.53849711e+00  2.54101271e+00 -3.28905308e-05 
 3.09414000e-02  2.49964007e+00  3.86599532e+00  2.53576398e+00  2.53831676e+00 -3.29101726e-05 
 3.09464000e-02  2.49966955e+00  3.86322716e+00  2.53299511e+00  2.53558258e+00 -3.29300763e-05 
 3.09514000e-02  2.49969936e+00  3.86042565e+00  2.53019322e+00  2.53281285e+00 -3.29502223e-05 
 3.09564000e-02  2.49972947e+00  3.85759356e+00  2.52736105e+00  2.53001027e+00 -3.29705909e-05 
 3.09614000e-02  2.49975984e+00  3.85473366e+00  2.52450139e+00  2.52717760e+00 -3.29911622e-05 
 3.09664000e-02  2.49979045e+00  3.85184876e+00  2.52161704e+00  2.52431761e+00 -3.30119160e-05 
 3.09714000e-02  2.49982127e+00  3.84894169e+00  2.51871084e+00  2.52143312e+00 -3.30328319e-05 
 3.09764000e-02  2.49985226e+00  3.84601531e+00  2.51578565e+00  2.51852696e+00 -3.30538894e-05 
 3.09814000e-02  2.49988340e+00  3.84307251e+00  2.51284434e+00  2.51560198e+00 -3.30750678e-05 
 3.09864000e-02  2.49991465e+00  3.84011618e+00  2.50988981e+00  2.51266107e+00 -3.30963462e-05 
 3.09914000e-02  2.49994599e+00  3.83714923e+00  2.50692497e+00  2.50970713e+00 -3.31177036e-05 
 3.09964000e-02  2.49997738e+00  3.83417459e+00  2.50395275e+00  2.50674305e+00 -3.31391191e-05 
 3.10014000e-02  2.50000880e+00  3.83119520e+00  2.50097609e+00  2.50377178e+00 -3.31605714e-05 
 3.10064000e-02  2.50004020e+00  3.82821400e+00  2.49799792e+00  2.50079624e+00 -3.31820394e-05 
 3.10114000e-02  2.50007157e+00  3.82523394e+00  2.49502118e+00  2.49781937e+00 -3.32035018e-05 
 3.10164000e-02  2.50010286e+00  3.82225796e+00  2.49204883e+00  2.49484412e+00 -3.32249375e-05 
 3.10214000e-02  2.50013406e+00  3.81928902e+00  2.48908379e+00  2.49187342e+00 -3.32463251e-05 
 3.10264000e-02  2.50016512e+00  3.81633004e+00  2.48612902e+00  2.48891021e+00 -3.32676435e-05 
 3.10314000e-02  2.50019601e+00  3.81338397e+00  2.48318743e+00  2.48595744e+00 -3.32888715e-05 
 3.10364000e-02  2.50022672e+00  3.81045372e+00  2.48026195e+00  2.48301803e+00 -3.33099880e-05 
 3.10414000e-02  2.50025720e+00  3.80754220e+00  2.47735547e+00  2.48009489e+00 -3.33309722e-05 
 3.10464000e-02  2.50028743e+00  3.80465230e+00  2.47447089e+00  2.47719093e+00 -3.33518030e-05 
 3.10514000e-02  2.50031737e+00  3.80178690e+00  2.47161106e+00  2.47430902e+00 -3.33724598e-05 
 3.10564000e-02  2.50034700e+00  3.79894884e+00  2.46877884e+00  2.47145203e+00 -3.33929221e-05 
 3.10614000e-02  2.50037629e+00  3.79614094e+00  2.46597703e+00  2.46862280e+00 -3.34131693e-05 
 3.10664000e-02  2.50040521e+00  3.79336599e+00  2.46320843e+00  2.46582414e+00 -3.34331814e-05 
 3.10714000e-02  2.50043372e+00  3.79062677e+00  2.46047578e+00  2.46305884e+00 -3.34529383e-05 
 3.10764000e-02  2.50046181e+00  3.78792599e+00  2.45778182e+00  2.46032965e+00 -3.34724204e-05 
 3.10814000e-02  2.50048944e+00  3.78526635e+00  2.45512923e+00  2.45763928e+00 -3.34916081e-05 
 3.10864000e-02  2.50051659e+00  3.78265050e+00  2.45252065e+00  2.45499043e+00 -3.35104824e-05 
 3.10914000e-02  2.50054323e+00  3.78008105e+00  2.44995868e+00  2.45238573e+00 -3.35290242e-05 
 3.10964000e-02  2.50056934e+00  3.77756056e+00  2.44744587e+00  2.44982777e+00 -3.35472151e-05 
 3.11014000e-02  2.50059488e+00  3.77509155e+00  2.44498475e+00  2.44731912e+00 -3.35650369e-05 
 3.11064000e-02  2.50061983e+00  3.77267649e+00  2.44257776e+00  2.44486227e+00 -3.35824716e-05 
 3.11114000e-02  2.50064418e+00  3.77031778e+00  2.44022732e+00  2.44245968e+00 -3.35995019e-05 
 3.11164000e-02  2.50066788e+00  3.76801778e+00  2.43793576e+00  2.44011375e+00 -3.36161106e-05 
 3.11214000e-02  2.50069093e+00  3.76577880e+00  2.43570538e+00  2.43782682e+00 -3.36322811e-05 
 3.11264000e-02  2.50071330e+00  3.76360306e+00  2.43353841e+00  2.43560118e+00 -3.36479971e-05 
 3.11314000e-02  2.50073496e+00  3.76149276e+00  2.43143702e+00  2.43343905e+00 -3.36632429e-05 
 3.11364000e-02  2.50075590e+00  3.75945000e+00  2.42940331e+00  2.43134260e+00 -3.36780031e-05 
 3.11414000e-02  2.50077609e+00  3.75747682e+00  2.42743932e+00  2.42931393e+00 -3.36922630e-05 
 3.11464000e-02  2.50079552e+00  3.75557521e+00  2.42554702e+00  2.42735507e+00 -3.37060081e-05 
 3.11514000e-02  2.50081416e+00  3.75374705e+00  2.42372829e+00  2.42546797e+00 -3.37192247e-05 
 3.11564000e-02  2.50083199e+00  3.75199420e+00  2.42198496e+00  2.42365454e+00 -3.37318995e-05 
 3.11614000e-02  2.50084901e+00  3.75031840e+00  2.42031878e+00  2.42191657e+00 -3.37440196e-05 
 3.11664000e-02  2.50086519e+00  3.74872133e+00  2.41873142e+00  2.42025583e+00 -3.37555730e-05 
 3.11714000e-02  2.50088051e+00  3.74720459e+00  2.41722447e+00  2.41867397e+00 -3.37665479e-05 
 3.11764000e-02  2.50089497e+00  3.74576971e+00  2.41579944e+00  2.41717257e+00 -3.37769334e-05 
 3.11814000e-02  2.50090854e+00  3.74441813e+00  2.41445776e+00  2.41575315e+00 -3.37867189e-05 
 3.11864000e-02  2.50092121e+00  3.74315119e+00  2.41320077e+00  2.41441712e+00 -3.37958946e-05 
 3.11914000e-02  2.50093298e+00  3.74197017e+00  2.41202975e+00  2.41316583e+00 -3.38044513e-05 
 3.11964000e-02  2.50094382e+00  3.74087626e+00  2.41094585e+00  2.41200053e+00 -3.38123803e-05 
 3.12014000e-02  2.50095374e+00  3.73987055e+00  2.40995017e+00  2.41092239e+00 -3.38196737e-05 
 3.12064000e-02  2.50096271e+00  3.73895405e+00  2.40904371e+00  2.40993250e+00 -3.38263240e-05 
 3.12114000e-02  2.50097073e+00  3.73812768e+00  2.40822738e+00  2.40903184e+00 -3.38323246e-05 
 3.12164000e-02  2.50097780e+00  3.73739228e+00  2.40750200e+00  2.40822132e+00 -3.38376694e-05 
 3.12214000e-02  2.50098390e+00  3.73674857e+00  2.40686830e+00  2.40750176e+00 -3.38423531e-05 
 3.12264000e-02  2.50098903e+00  3.73619721e+00  2.40632690e+00  2.40687387e+00 -3.38463709e-05 
 3.12314000e-02  2.50099318e+00  3.73573875e+00  2.40587837e+00  2.40633829e+00 -3.38497187e-05 
 3.12364000e-02  2.50099635e+00  3.73537364e+00  2.40552314e+00  2.40589556e+00 -3.38523933e-05 
 3.12414000e-02  2.50099854e+00  3.73510226e+00  2.40526157e+00  2.40554611e+00 -3.38543918e-05 
 3.12464000e-02  2.50099974e+00  3.73492488e+00  2.40509393e+00  2.40529030e+00 -3.38557123e-05 
 3.12514000e-02  2.50099996e+00  3.73484168e+00  2.40502038e+00  2.40512839e+00 -3.38563534e-05 
 3.12564000e-02  2.50099919e+00  3.73485274e+00  2.40504100e+00  2.40506054e+00 -3.38563146e-05 
 3.12614000e-02  2.50099744e+00  3.73495804e+00  2.40515577e+00  2.40508682e+00 -3.38555958e-05 
 3.12664000e-02  2.50099470e+00  3.73515748e+00  2.40536456e+00  2.40520720e+00 -3.38541977e-05 
 3.12714000e-02  2.50099097e+00  3.73545087e+00  2.40566718e+00  2.40542156e+00 -3.38521219e-05 
 3.12764000e-02  2.50098627e+00  3.73583790e+00  2.40606332e+00  2.40572968e+00 -3.38493703e-05 
 3.12814000e-02  2.50098060e+00  3.73631819e+00  2.40655258e+00  2.40613126e+00 -3.38459458e-05 
 3.12864000e-02  2.50097396e+00  3.73689126e+00  2.40713446e+00  2.40662589e+00 -3.38418519e-05 
 3.12914000e-02  2.50096636e+00  3.73755652e+00  2.40780839e+00  2.40721307e+00 -3.38370926e-05 
 3.12964000e-02  2.50095780e+00  3.73831331e+00  2.40857369e+00  2.40789222e+00 -3.38316728e-05 
 3.13014000e-02  2.50094830e+00  3.73916088e+00  2.40942958e+00  2.40866265e+00 -3.38255979e-05 
 3.13064000e-02  2.50093786e+00  3.74009836e+00  2.41037522e+00  2.40952359e+00 -3.38188741e-05 
 3.13114000e-02  2.50092650e+00  3.74112482e+00  2.41140964e+00  2.41047417e+00 -3.38115081e-05 
 3.13164000e-02  2.50091423e+00  3.74223923e+00  2.41253181e+00  2.41151345e+00 -3.38035075e-05 
 3.13214000e-02  2.50090105e+00  3.74344047e+00  2.41374061e+00  2.41264037e+00 -3.37948802e-05 
 3.13264000e-02  2.50088698e+00  3.74472734e+00  2.41503482e+00  2.41385381e+00 -3.37856350e-05 
 3.13314000e-02  2.50087204e+00  3.74609853e+00  2.41641315e+00  2.41515254e+00 -3.37757812e-05 
 3.13364000e-02  2.50085623e+00  3.74755269e+00  2.41787420e+00  2.41653527e+00 -3.37653286e-05 
 3.13414000e-02  2.50083958e+00  3.74908834e+00  2.41941653e+00  2.41800061e+00 -3.37542880e-05 
 3.13464000e-02  2.50082210e+00  3.75070395e+00  2.42103857e+00  2.41954709e+00 -3.37426703e-05 
 3.13514000e-02  2.50080382e+00  3.75239789e+00  2.42273870e+00  2.42117316e+00 -3.37304873e-05 
 3.13564000e-02  2.50078473e+00  3.75416848e+00  2.42451522e+00  2.42287719e+00 -3.37177512e-05 
 3.13614000e-02  2.50076488e+00  3.75601394e+00  2.42636635e+00  2.42465746e+00 -3.37044749e-05 
 3.13664000e-02  2.50074426e+00  3.75793241e+00  2.42829023e+00  2.42651221e+00 -3.36906717e-05 
 3.13714000e-02  2.50072292e+00  3.75992198e+00  2.43028495e+00  2.42843956e+00 -3.36763555e-05 
 3.13764000e-02  2.50070086e+00  3.76198065e+00  2.43234849e+00  2.43043758e+00 -3.36615407e-05 
 3.13814000e-02  2.50067811e+00  3.76410636e+00  2.43447879e+00  2.43250429e+00 -3.36462422e-05 
 3.13864000e-02  2.50065469e+00  3.76629699e+00  2.43667373e+00  2.43463761e+00 -3.36304754e-05 
 3.13914000e-02  2.50063062e+00  3.76855035e+00  2.43893111e+00  2.43683540e+00 -3.36142560e-05 
 3.13964000e-02  2.50060593e+00  3.77086417e+00  2.44124867e+00  2.43909546e+00 -3.35976004e-05 
 3.14014000e-02  2.50058065e+00  3.77323616e+00  2.44362409e+00  2.44141554e+00 -3.35805252e-05 
 3.14064000e-02  2.50055479e+00  3.77566393e+00  2.44605500e+00  2.44379332e+00 -3.35630477e-05 
 3.14114000e-02  2.50052838e+00  3.77814506e+00  2.44853897e+00  2.44622642e+00 -3.35451853e-05 
 3.14164000e-02  2.50050145e+00  3.78067708e+00  2.45107352e+00  2.44871241e+00 -3.35269559e-05 
 3.14214000e-02  2.50047403e+00  3.78325746e+00  2.45365613e+00  2.45124881e+00 -3.35083777e-05 
 3.14264000e-02  2.50044614e+00  3.78588362e+00  2.45628421e+00  2.45383309e+00 -3.34894694e-05 
 3.14314000e-02  2.50041780e+00  3.78855295e+00  2.45895514e+00  2.45646266e+00 -3.34702498e-05 
 3.14364000e-02  2.50038906e+00  3.79126278e+00  2.46166627e+00  2.45913491e+00 -3.34507382e-05 
 3.14414000e-02  2.50035993e+00  3.79401041e+00  2.46441489e+00  2.46184718e+00 -3.34309541e-05 
 3.14464000e-02  2.50033045e+00  3.79679311e+00  2.46719826e+00  2.46459676e+00 -3.34109171e-05 
 3.14514000e-02  2.50030064e+00  3.79960812e+00  2.47001361e+00  2.46738091e+00 -3.33906473e-05 
 3.14564000e-02  2.50027053e+00  3.80245261e+00  2.47285815e+00  2.47019686e+00 -3.33701650e-05 
 3.14614000e-02  2.50024016e+00  3.80532378e+00  2.47572905e+00  2.47304182e+00 -3.33494904e-05 
 3.14664000e-02  2.50020955e+00  3.80821877e+00  2.47862344e+00  2.47591295e+00 -3.33286442e-05 
 3.14714000e-02  2.50017873e+00  3.81113470e+00  2.48153847e+00  2.47880740e+00 -3.33076471e-05 
 3.14764000e-02  2.50014774e+00  3.81406867e+00  2.48447123e+00  2.48172230e+00 -3.32865200e-05 
 3.14814000e-02  2.50011660e+00  3.81701778e+00  2.48741882e+00  2.48465474e+00 -3.32652838e-05 
 3.14864000e-02  2.50008535e+00  3.81997911e+00  2.49037830e+00  2.48760184e+00 -3.32439597e-05 
 3.14914000e-02  2.50005401e+00  3.82294972e+00  2.49334676e+00  2.49056065e+00 -3.32225688e-05 
 3.14964000e-02  2.50002262e+00  3.82592666e+00  2.49632126e+00  2.49352826e+00 -3.32011323e-05 
 3.15014000e-02  2.49999120e+00  3.82890699e+00  2.49929884e+00  2.49650172e+00 -3.31796714e-05 
 3.15064000e-02  2.49995980e+00  3.83188777e+00  2.50227656e+00  2.49947810e+00 -3.31582074e-05 
 3.15114000e-02  2.49992843e+00  3.83486606e+00  2.50525149e+00  2.50245444e+00 -3.31367614e-05 
 3.15164000e-02  2.49989714e+00  3.83783889e+00  2.50822068e+00  2.50542780e+00 -3.31153546e-05 
 3.15214000e-02  2.49986594e+00  3.84080336e+00  2.51118121e+00  2.50839526e+00 -3.30940082e-05 
 3.15264000e-02  2.49983488e+00  3.84375652e+00  2.51413015e+00  2.51135389e+00 -3.30727432e-05 
 3.15314000e-02  2.49980399e+00  3.84669548e+00  2.51706460e+00  2.51430075e+00 -3.30515805e-05 
 3.15364000e-02  2.49977328e+00  3.84961734e+00  2.51998167e+00  2.51723296e+00 -3.30305410e-05 
 3.15414000e-02  2.49974280e+00  3.85251921e+00  2.52287849e+00  2.52014763e+00 -3.30096453e-05 
 3.15464000e-02  2.49971257e+00  3.85539826e+00  2.52575221e+00  2.52304188e+00 -3.29889140e-05 
 3.15514000e-02  2.49968263e+00  3.85825165e+00  2.52860001e+00  2.52591287e+00 -3.29683674e-05 
 3.15564000e-02  2.49965300e+00  3.86107657e+00  2.53141909e+00  2.52875779e+00 -3.29480257e-05 
 3.15614000e-02  2.49962371e+00  3.86387027e+00  2.53420669e+00  2.53157383e+00 -3.29279087e-05 
 3.15664000e-02  2.49959479e+00  3.86662999e+00  2.53696007e+00  2.53435824e+00 -3.29080362e-05 
 3.15714000e-02  2.49956628e+00  3.86935304e+00  2.53967654e+00  2.53710828e+00 -3.28884275e-05 
 3.15764000e-02  2.49953819e+00  3.87203675e+00  2.54235343e+00  2.53982127e+00 -3.28691019e-05 
 3.15814000e-02  2.49951056e+00  3.87467850e+00  2.54498814e+00  2.54249455e+00 -3.28500782e-05 
 3.15864000e-02  2.49948341e+00  3.87727570e+00  2.54757808e+00  2.54512549e+00 -3.28313749e-05 
 3.15914000e-02  2.49945677e+00  3.87982582e+00  2.55012073e+00  2.54771154e+00 -3.28130102e-05 
 3.15964000e-02  2.49943066e+00  3.88232637e+00  2.55261361e+00  2.55025017e+00 -3.27950019e-05 
 3.16014000e-02  2.49940512e+00  3.88477491e+00  2.55505427e+00  2.55273890e+00 -3.27773677e-05 
 3.16064000e-02  2.49938017e+00  3.88716906e+00  2.55744036e+00  2.55517530e+00 -3.27601246e-05 
 3.16114000e-02  2.49935582e+00  3.88950648e+00  2.55976954e+00  2.55755700e+00 -3.27432893e-05 
 3.16164000e-02  2.49933212e+00  3.89178491e+00  2.56203955e+00  2.55988169e+00 -3.27268782e-05 
 3.16214000e-02  2.49930907e+00  3.89400212e+00  2.56424819e+00  2.56214709e+00 -3.27109071e-05 
 3.16264000e-02  2.49928670e+00  3.89615597e+00  2.56639330e+00  2.56435102e+00 -3.26953915e-05 
 3.16314000e-02  2.49926504e+00  3.89824436e+00  2.56847280e+00  2.56649132e+00 -3.26803464e-05 
 3.16364000e-02  2.49924410e+00  3.90026526e+00  2.57048468e+00  2.56856592e+00 -3.26657863e-05 
 3.16414000e-02  2.49922391e+00  3.90221672e+00  2.57242699e+00  2.57057281e+00 -3.26517252e-05 
 3.16464000e-02  2.49920448e+00  3.90409685e+00  2.57429785e+00  2.57251004e+00 -3.26381767e-05 
 3.16514000e-02  2.49918584e+00  3.90590383e+00  2.57609544e+00  2.57437574e+00 -3.26251539e-05 
 3.16564000e-02  2.49916801e+00  3.90763590e+00  2.57781803e+00  2.57616810e+00 -3.26126693e-05 
 3.16614000e-02  2.49915099e+00  3.90929140e+00  2.57946395e+00  2.57788538e+00 -3.26007349e-05 
 3.16664000e-02  2.49913481e+00  3.91086873e+00  2.58103160e+00  2.57952593e+00 -3.25893621e-05 
 3.16714000e-02  2.49911949e+00  3.91236635e+00  2.58251949e+00  2.58108817e+00 -3.25785619e-05 
 3.16764000e-02  2.49910503e+00  3.91378284e+00  2.58392617e+00  2.58257057e+00 -3.25683447e-05 
 3.16814000e-02  2.49909146e+00  3.91511681e+00  2.58525028e+00  2.58397172e+00 -3.25587202e-05 
 3.16864000e-02  2.49907879e+00  3.91636698e+00  2.58649055e+00  2.58529026e+00 -3.25496977e-05 
 3.16914000e-02  2.49906702e+00  3.91753215e+00  2.58764578e+00  2.58652491e+00 -3.25412857e-05 
 3.16964000e-02  2.49905618e+00  3.91861120e+00  2.58871486e+00  2.58767450e+00 -3.25334925e-05 
 3.17014000e-02  2.49904626e+00  3.91960308e+00  2.58969676e+00  2.58873791e+00 -3.25263254e-05 
 3.17064000e-02  2.49903729e+00  3.92050685e+00  2.59059053e+00  2.58971411e+00 -3.25197912e-05 
 3.17114000e-02  2.49902927e+00  3.92132163e+00  2.59139532e+00  2.59060218e+00 -3.25138963e-05 
 3.17164000e-02  2.49902220e+00  3.92204663e+00  2.59211036e+00  2.59140125e+00 -3.25086462e-05 
 3.17214000e-02  2.49901610e+00  3.92268117e+00  2.59273494e+00  2.59211055e+00 -3.25040460e-05 
 3.17264000e-02  2.49901097e+00  3.92322463e+00  2.59326848e+00  2.59272941e+00 -3.25001001e-05 
 3.17314000e-02  2.49900682e+00  3.92367648e+00  2.59371046e+00  2.59325723e+00 -3.24968122e-05 
 3.17364000e-02  2.49900365e+00  3.92403630e+00  2.59406045e+00  2.59369350e+00 -3.24941855e-05 
 3.17414000e-02  2.49900146e+00  3.92430374e+00  2.59431812e+00  2.59403780e+00 -3.24922225e-05 
 3.17464000e-02  2.49900026e+00  3.92447854e+00  2.59448323e+00  2.59428980e+00 -3.24909251e-05 
 3.17514000e-02  2.49900004e+00  3.92456053e+00  2.59455561e+00  2.59444926e+00 -3.24902945e-05 
 3.17564000e-02  2.49900081e+00  3.92454963e+00  2.59453519e+00  2.59451602e+00 -3.24903313e-05 
 3.17614000e-02  2.49900256e+00  3.92444586e+00  2.59442200e+00  2.59449003e+00 -3.24910354e-05 
 3.17664000e-02  2.49900530e+00  3.92424931e+00  2.59421613e+00  2.59437130e+00 -3.24924063e-05 
 3.17714000e-02  2.49900903e+00  3.92396017e+00  2.59391780e+00  2.59415996e+00 -3.24944426e-05 
 3.17764000e-02  2.49901373e+00  3.92357872e+00  2.59352728e+00  2.59385619e+00 -3.24971424e-05 
 3.17814000e-02  2.49901940e+00  3.92310532e+00  2.59304495e+00  2.59346031e+00 -3.25005031e-05 
 3.17864000e-02  2.49902604e+00  3.92254044e+00  2.59247128e+00  2.59297267e+00 -3.25045215e-05 
 3.17914000e-02  2.49903364e+00  3.92188461e+00  2.59180681e+00  2.59239377e+00 -3.25091938e-05 
 3.17964000e-02  2.49904220e+00  3.92113846e+00  2.59105219e+00  2.59172414e+00 -3.25145154e-05 
 3.18014000e-02  2.49905170e+00  3.92030271e+00  2.59020814e+00  2.59096443e+00 -3.25204815e-05 
 3.18064000e-02  2.49906214e+00  3.91937816e+00  2.58927547e+00  2.59011538e+00 -3.25270861e-05 
 3.18114000e-02  2.49907350e+00  3.91836571e+00  2.58825508e+00  2.58917781e+00 -3.25343231e-05 
 3.18164000e-02  2.49908577e+00  3.91726632e+00  2.58714794e+00  2.58815260e+00 -3.25421855e-05 
 3.18214000e-02  2.49909895e+00  3.91608106e+00  2.58595514e+00  2.58704076e+00 -3.25506658e-05 
 3.18264000e-02  2.49911302e+00  3.91481107e+00  2.58467781e+00  2.58584334e+00 -3.25597559e-05 
 3.18314000e-02  2.49912796e+00  3.91345757e+00  2.58331719e+00  2.58456151e+00 -3.25694471e-05 
 3.18364000e-02  2.49914377e+00  3.91202186e+00  2.58187459e+00  2.58319650e+00 -3.25797300e-05 
 3.18414000e-02  2.49916042e+00  3.91050534e+00  2.58035140e+00  2.58174962e+00 -3.25905949e-05 
 3.18464000e-02  2.49917790e+00  3.90890946e+00  2.57874909e+00  2.58022228e+00 -3.26020314e-05 
 3.18514000e-02  2.49919618e+00  3.90723576e+00  2.57706921e+00  2.57861594e+00 -3.26140283e-05 
 3.18564000e-02  2.49921527e+00  3.90548587e+00  2.57531339e+00  2.57693216e+00 -3.26265743e-05 
 3.18614000e-02  2.49923512e+00  3.90366147e+00  2.57348331e+00  2.57517257e+00 -3.26396572e-05 
 3.18664000e-02  2.49925574e+00  3.90176433e+00  2.57158075e+00  2.57333886e+00 -3.26532645e-05 
 3.18714000e-02  2.49927708e+00  3.89979629e+00  2.56960755e+00  2.57143281e+00 -3.26673830e-05 
 3.18764000e-02  2.49929914e+00  3.89775925e+00  2.56756563e+00  2.56945627e+00 -3.26819992e-05 
 3.18814000e-02  2.49932189e+00  3.89565519e+00  2.56545697e+00  2.56741115e+00 -3.26970990e-05 
 3.18864000e-02  2.49934531e+00  3.89348615e+00  2.56328360e+00  2.56529944e+00 -3.27126677e-05 
 3.18914000e-02  2.49936938e+00  3.89125423e+00  2.56104764e+00  2.56312317e+00 -3.27286903e-05 
 3.18964000e-02  2.49939407e+00  3.88896160e+00  2.55875126e+00  2.56088448e+00 -3.27451513e-05 
 3.19014000e-02  2.49941935e+00  3.88661050e+00  2.55639670e+00  2.55858552e+00 -3.27620348e-05 
 3.19064000e-02  2.49944521e+00  3.88420321e+00  2.55398625e+00  2.55622855e+00 -3.27793245e-05 
 3.19114000e-02  2.49947162e+00  3.88174207e+00  2.55152225e+00  2.55381584e+00 -3.27970034e-05 
 3.19164000e-02  2.49949855e+00  3.87922948e+00  2.54900710e+00  2.55134975e+00 -3.28150546e-05 
 3.19214000e-02  2.49952597e+00  3.87666790e+00  2.54644326e+00  2.54883269e+00 -3.28334604e-05 
 3.19264000e-02  2.49955386e+00  3.87405981e+00  2.54383323e+00  2.54626710e+00 -3.28522029e-05 
 3.19314000e-02  2.49958220e+00  3.87140778e+00  2.54117955e+00  2.54365550e+00 -3.28712638e-05 
 3.19364000e-02  2.49961094e+00  3.86871439e+00  2.53848484e+00  2.54100043e+00 -3.28906247e-05 
 3.19414000e-02  2.49964007e+00  3.86598228e+00  2.53575171e+00  2.53830448e+00 -3.29102665e-05 
 3.19464000e-02  2.49966955e+00  3.86321411e+00  2.53298284e+00  2.53557031e+00 -3.29301701e-05 
 3.19514000e-02  2.49969936e+00  3.86041261e+00  2.53018095e+00  2.53280058e+00 -3.29503161e-05 
 3.19564000e-02  2.49972947e+00  3.85758052e+00  2.52734879e+00  2.52999800e+00 -3.29706847e-05 
 3.19614000e-02  2.49975984e+00  3.85472063e+00  2.52448913e+00  2.52716533e+00 -3.29912560e-05 
 3.19664000e-02  2.49979045e+00  3.85183572e+00  2.52160479e+00  2.52430535e+00 -3.30120098e-05 
 3.19714000e-02  2.49982127e+00  3.84892866e+00  2.51869859e+00  2.52142086e+00 -3.30329257e-05 
 3.19764000e-02  2.49985226e+00  3.84600228e+00  2.51577339e+00  2.51851470e+00 -3.30539832e-05 
 3.19814000e-02  2.49988340e+00  3.84305948e+00  2.51283209e+00  2.51558973e+00 -3.30751616e-05 
 3.19864000e-02  2.49991465e+00  3.84010315e+00  2.50987756e+00  2.51264882e+00 -3.30964400e-05 
 3.19914000e-02  2.49994599e+00  3.83713620e+00  2.50691273e+00  2.50969488e+00 -3.31177974e-05 
 3.19964000e-02  2.49997738e+00  3.83416156e+00  2.50394051e+00  2.50673081e+00 -3.31392129e-05 
 3.20014000e-02  2.50000880e+00  3.83118218e+00  2.50096385e+00  2.50375954e+00 -3.31606652e-05 
 3.20064000e-02  2.50004020e+00  3.82820098e+00  2.49798568e+00  2.50078400e+00 -3.31821332e-05 
 3.20114000e-02  2.50007157e+00  3.82522092e+00  2.49500895e+00  2.49780714e+00 -3.32035956e-05 
 3.20164000e-02  2.50010286e+00  3.82224494e+00  2.49203660e+00  2.49483188e+00 -3.32250312e-05 
 3.20214000e-02  2.50013406e+00  3.81927600e+00  2.48907157e+00  2.49186119e+00 -3.32464188e-05 
 3.20264000e-02  2.50016512e+00  3.81631702e+00  2.48611680e+00  2.48889799e+00 -3.32677372e-05 
 3.20314000e-02  2.50019601e+00  3.81337095e+00  2.48317521e+00  2.48594522e+00 -3.32889652e-05 
 3.20364000e-02  2.50022672e+00  3.81044070e+00  2.48024973e+00  2.48300581e+00 -3.33100817e-05 
 3.20414000e-02  2.50025720e+00  3.80752919e+00  2.47734326e+00  2.48008268e+00 -3.33310659e-05 
 3.20464000e-02  2.50028743e+00  3.80463929e+00  2.47445868e+00  2.47717871e+00 -3.33518967e-05 
 3.20514000e-02  2.50031737e+00  3.80177389e+00  2.47159886e+00  2.47429681e+00 -3.33725535e-05 
 3.20564000e-02  2.50034700e+00  3.79893583e+00  2.46876663e+00  2.47143982e+00 -3.33930157e-05 
 3.20614000e-02  2.50037629e+00  3.79612793e+00  2.46596483e+00  2.46861059e+00 -3.34132629e-05 
 3.20664000e-02  2.50040521e+00  3.79335299e+00  2.46319623e+00  2.46581194e+00 -3.34332750e-05 
 3.20714000e-02  2.50043372e+00  3.79061377e+00  2.46046359e+00  2.46304664e+00 -3.34530319e-05 
 3.20764000e-02  2.50046181e+00  3.78791299e+00  2.45776963e+00  2.46031745e+00 -3.34725140e-05 
 3.20814000e-02  2.50048944e+00  3.78525336e+00  2.45511704e+00  2.45762709e+00 -3.34917017e-05 
 3.20864000e-02  2.50051659e+00  3.78263751e+00  2.45250846e+00  2.45497824e+00 -3.35105759e-05 
 3.20914000e-02  2.50054323e+00  3.78006806e+00  2.44994649e+00  2.45237355e+00 -3.35291178e-05 
 3.20964000e-02  2.50056934e+00  3.77754758e+00  2.44743370e+00  2.44981559e+00 -3.35473087e-05 
 3.21014000e-02  2.50059488e+00  3.77507857e+00  2.44497258e+00  2.44730694e+00 -3.35651304e-05 
 3.21064000e-02  2.50061983e+00  3.77266350e+00  2.44256559e+00  2.44485010e+00 -3.35825651e-05 
 3.21114000e-02  2.50064418e+00  3.77030480e+00  2.44021515e+00  2.44244751e+00 -3.35995954e-05 
 3.21164000e-02  2.50066788e+00  3.76800480e+00  2.43792360e+00  2.44010158e+00 -3.36162041e-05 
 3.21214000e-02  2.50069093e+00  3.76576582e+00  2.43569322e+00  2.43781466e+00 -3.36323745e-05 
 3.21264000e-02  2.50071330e+00  3.76359009e+00  2.43352626e+00  2.43558902e+00 -3.36480906e-05 
 3.21314000e-02  2.50073496e+00  3.76147979e+00  2.43142487e+00  2.43342690e+00 -3.36633363e-05 
 3.21364000e-02  2.50075590e+00  3.75943704e+00  2.42939117e+00  2.43133045e+00 -3.36780965e-05 
 3.21414000e-02  2.50077609e+00  3.75746386e+00  2.42742718e+00  2.42930179e+00 -3.36923564e-05 
 3.21464000e-02  2.50079552e+00  3.75556225e+00  2.42553488e+00  2.42734293e+00 -3.37061015e-05 
 3.21514000e-02  2.50081416e+00  3.75373410e+00  2.42371615e+00  2.42545584e+00 -3.37193180e-05 
 3.21564000e-02  2.50083199e+00  3.75198125e+00  2.42197283e+00  2.42364240e+00 -3.37319928e-05 
 3.21614000e-02  2.50084901e+00  3.75030545e+00  2.42030666e+00  2.42190445e+00 -3.37441129e-05 
 3.21664000e-02  2.50086519e+00  3.74870838e+00  2.41871930e+00  2.42024371e+00 -3.37556662e-05 
 3.21714000e-02  2.50088051e+00  3.74719165e+00  2.41721236e+00  2.41866185e+00 -3.37666412e-05 
 3.21764000e-02  2.50089497e+00  3.74575678e+00  2.41578733e+00  2.41716046e+00 -3.37770266e-05 
 3.21814000e-02  2.50090854e+00  3.74440519e+00  2.41444565e+00  2.41574104e+00 -3.37868121e-05 
 3.21864000e-02  2.50092121e+00  3.74313826e+00  2.41318867e+00  2.41440501e+00 -3.37959878e-05 
 3.21914000e-02  2.50093298e+00  3.74195724e+00  2.41201765e+00  2.41315373e+00 -3.38045444e-05 
 3.21964000e-02  2.50094382e+00  3.74086333e+00  2.41093376e+00  2.41198843e+00 -3.38124734e-05 
 3.22014000e-02  2.50095374e+00  3.73985763e+00  2.40993809e+00  2.41091030e+00 -3.38197667e-05 
 3.22064000e-02  2.50096271e+00  3.73894113e+00  2.40903163e+00  2.40992041e+00 -3.38264170e-05 
 3.22114000e-02  2.50097073e+00  3.73811477e+00  2.40821531e+00  2.40901976e+00 -3.38324176e-05 
 3.22164000e-02  2.50097780e+00  3.73737937e+00  2.40748993e+00  2.40820925e+00 -3.38377624e-05 
 3.22214000e-02  2.50098390e+00  3.73673567e+00  2.40685623e+00  2.40748969e+00 -3.38424461e-05 
 3.22264000e-02  2.50098903e+00  3.73618431e+00  2.40631484e+00  2.40686181e+00 -3.38464638e-05 
 3.22314000e-02  2.50099318e+00  3.73572585e+00  2.40586631e+00  2.40632623e+00 -3.38498116e-05 
 3.22364000e-02  2.50099635e+00  3.73536075e+00  2.40551109e+00  2.40588350e+00 -3.38524861e-05 
 3.22414000e-02  2.50099854e+00  3.73508938e+00  2.40524953e+00  2.40553406e+00 -3.38544846e-05 
 3.22464000e-02  2.50099974e+00  3.73491200e+00  2.40508189e+00  2.40527826e+00 -3.38558051e-05 
 3.22514000e-02  2.50099996e+00  3.73482880e+00  2.40500835e+00  2.40511636e+00 -3.38564462e-05 
 3.22564000e-02  2.50099919e+00  3.73483986e+00  2.40502897e+00  2.40504851e+00 -3.38564073e-05 
 3.22614000e-02  2.50099744e+00  3.73494517e+00  2.40514375e+00  2.40507480e+00 -3.38556884e-05 
 3.22664000e-02  2.50099470e+00  3.73514462e+00  2.40535255e+00  2.40519518e+00 -3.38542904e-05 
 3.22714000e-02  2.50099097e+00  3.73543801e+00  2.40565518e+00  2.40540954e+00 -3.38522145e-05 
 3.22764000e-02  2.50098627e+00  3.73582505e+00  2.40605132e+00  2.40571767e+00 -3.38494629e-05 
 3.22814000e-02  2.50098060e+00  3.73630534e+00  2.40654058e+00  2.40611926e+00 -3.38460384e-05 
 3.22864000e-02  2.50097396e+00  3.73687841e+00  2.40712248e+00  2.40661389e+00 -3.38419444e-05 
 3.22914000e-02  2.50096636e+00  3.73754368e+00  2.40779641e+00  2.40720108e+00 -3.38371850e-05 
 3.22964000e-02  2.50095780e+00  3.73830048e+00  2.40856171e+00  2.40788023e+00 -3.38317652e-05 
 3.23014000e-02  2.50094830e+00  3.73914805e+00  2.40941761e+00  2.40865067e+00 -3.38256903e-05 
 3.23064000e-02  2.50093786e+00  3.74008554e+00  2.41036325e+00  2.40951162e+00 -3.38189664e-05 
 3.23114000e-02  2.50092650e+00  3.74111201e+00  2.41139768e+00  2.41046221e+00 -3.38116004e-05 
 3.23164000e-02  2.50091423e+00  3.74222642e+00  2.41251986e+00  2.41150149e+00 -3.38035997e-05 
 3.23214000e-02  2.50090105e+00  3.74342767e+00  2.41372867e+00  2.41262842e+00 -3.37949724e-05 
 3.23264000e-02  2.50088698e+00  3.74471454e+00  2.41502289e+00  2.41384186e+00 -3.37857271e-05 
 3.23314000e-02  2.50087204e+00  3.74608574e+00  2.41640122e+00  2.41514061e+00 -3.37758733e-05 
 3.23364000e-02  2.50085623e+00  3.74753990e+00  2.41786228e+00  2.41652335e+00 -3.37654207e-05 
 3.23414000e-02  2.50083958e+00  3.74907556e+00  2.41940461e+00  2.41798869e+00 -3.37543800e-05 
 3.23464000e-02  2.50082210e+00  3.75069117e+00  2.42102666e+00  2.41953518e+00 -3.37427622e-05 
 3.23514000e-02  2.50080382e+00  3.75238512e+00  2.42272680e+00  2.42116125e+00 -3.37305792e-05 
 3.23564000e-02  2.50078473e+00  3.75415572e+00  2.42450333e+00  2.42286529e+00 -3.37178431e-05 
 3.23614000e-02  2.50076488e+00  3.75600118e+00  2.42635446e+00  2.42464557e+00 -3.37045667e-05 
 3.23664000e-02  2.50074426e+00  3.75791966e+00  2.42827836e+00  2.42650032e+00 -3.36907635e-05 
 3.23714000e-02  2.50072292e+00  3.75990923e+00  2.43027308e+00  2.42842768e+00 -3.36764472e-05 
 3.23764000e-02  2.50070086e+00  3.76196791e+00  2.43233662e+00  2.43042571e+00 -3.36616324e-05 
 3.23814000e-02  2.50067811e+00  3.76409363e+00  2.43446694e+00  2.43249243e+00 -3.36463338e-05 
 3.23864000e-02  2.50065469e+00  3.76628427e+00  2.43666189e+00  2.43462575e+00 -3.36305669e-05 
 3.23914000e-02  2.50063062e+00  3.76853763e+00  2.43891927e+00  2.43682355e+00 -3.36143475e-05 
 3.23964000e-02  2.50060593e+00  3.77085146e+00  2.44123683e+00  2.43908362e+00 -3.35976918e-05 
 3.24014000e-02  2.50058065e+00  3.77322345e+00  2.44361226e+00  2.44140371e+00 -3.35806166e-05 
 3.24064000e-02  2.50055479e+00  3.77565123e+00  2.44604318e+00  2.44378150e+00 -3.35631391e-05 
 3.24114000e-02  2.50052838e+00  3.77813237e+00  2.44852716e+00  2.44621460e+00 -3.35452766e-05 
 3.24164000e-02  2.50050145e+00  3.78066440e+00  2.45106172e+00  2.44870060e+00 -3.35270471e-05 
 3.24214000e-02  2.50047403e+00  3.78324478e+00  2.45364433e+00  2.45123701e+00 -3.35084689e-05 
 3.24264000e-02  2.50044614e+00  3.78587095e+00  2.45627242e+00  2.45382129e+00 -3.34895605e-05 
 3.24314000e-02  2.50041780e+00  3.78854028e+00  2.45894336e+00  2.45645088e+00 -3.34703409e-05 
 3.24364000e-02  2.50038906e+00  3.79125012e+00  2.46165450e+00  2.45912314e+00 -3.34508292e-05 
 3.24414000e-02  2.50035993e+00  3.79399776e+00  2.46440312e+00  2.46183541e+00 -3.34310450e-05 
 3.24464000e-02  2.50033045e+00  3.79678047e+00  2.46718650e+00  2.46458500e+00 -3.34110080e-05 
 3.24514000e-02  2.50030064e+00  3.79959548e+00  2.47000187e+00  2.46736916e+00 -3.33907382e-05 
 3.24564000e-02  2.50027053e+00  3.80243998e+00  2.47284642e+00  2.47018512e+00 -3.33702557e-05 
 3.24614000e-02  2.50024016e+00  3.80531116e+00  2.47571732e+00  2.47303008e+00 -3.33495811e-05 
 3.24664000e-02  2.50020955e+00  3.80820615e+00  2.47861172e+00  2.47590122e+00 -3.33287348e-05 
 3.24714000e-02  2.50017873e+00  3.81112209e+00  2.48152676e+00  2.47879568e+00 -3.33077377e-05 
 3.24764000e-02  2.50014774e+00  3.81405607e+00  2.48445953e+00  2.48171058e+00 -3.32866105e-05 
 3.24814000e-02  2.50011660e+00  3.81700519e+00  2.48740712e+00  2.48464304e+00 -3.32653743e-05 
 3.24864000e-02  2.50008535e+00  3.81996652e+00  2.49036662e+00  2.48759014e+00 -3.32440502e-05 
 3.24914000e-02  2.50005401e+00  3.82293713e+00  2.49333509e+00  2.49054897e+00 -3.32226592e-05 
 3.24964000e-02  2.50002262e+00  3.82591409e+00  2.49630959e+00  2.49351659e+00 -3.32012226e-05 
 3.25014000e-02  2.49999120e+00  3.82889443e+00  2.49928718e+00  2.49649005e+00 -3.31797617e-05 
 3.25064000e-02  2.49995980e+00  3.83187522e+00  2.50226491e+00  2.49946644e+00 -3.31582975e-05 
 3.25114000e-02  2.49992843e+00  3.83485350e+00  2.50523985e+00  2.50244278e+00 -3.31368515e-05 
 3.25164000e-02  2.49989714e+00  3.83782635e+00  2.50820905e+00  2.50541616e+00 -3.31154447e-05 
 3.25214000e-02  2.49986594e+00  3.84079082e+00  2.51116958e+00  2.50838363e+00 -3.30940982e-05 
 3.25264000e-02  2.49983488e+00  3.84374400e+00  2.51411853e+00  2.51134226e+00 -3.30728331e-05 
 3.25314000e-02  2.49980399e+00  3.84668296e+00  2.51705299e+00  2.51428914e+00 -3.30516704e-05 
 3.25364000e-02  2.49977328e+00  3.84960482e+00  2.51997007e+00  2.51722135e+00 -3.30306308e-05 
 3.25414000e-02  2.49974280e+00  3.85250671e+00  2.52286690e+00  2.52013603e+00 -3.30097350e-05 
 3.25464000e-02  2.49971257e+00  3.85538576e+00  2.52574063e+00  2.52303029e+00 -3.29890037e-05 
 3.25514000e-02  2.49968263e+00  3.85823916e+00  2.52858844e+00  2.52590129e+00 -3.29684570e-05 
 3.25564000e-02  2.49965300e+00  3.86106409e+00  2.53140752e+00  2.52874621e+00 -3.29481152e-05 
 3.25614000e-02  2.49962371e+00  3.86385779e+00  2.53419513e+00  2.53156226e+00 -3.29279982e-05 
 3.25664000e-02  2.49959479e+00  3.86661752e+00  2.53694852e+00  2.53434668e+00 -3.29081256e-05 
 3.25714000e-02  2.49956628e+00  3.86934058e+00  2.53966500e+00  2.53709673e+00 -3.28885169e-05 
 3.25764000e-02  2.49953819e+00  3.87202430e+00  2.54234190e+00  2.53980973e+00 -3.28691912e-05 
 3.25814000e-02  2.49951056e+00  3.87466605e+00  2.54497662e+00  2.54248301e+00 -3.28501674e-05 
 3.25864000e-02  2.49948341e+00  3.87726326e+00  2.54756657e+00  2.54511397e+00 -3.28314640e-05 
 3.25914000e-02  2.49945677e+00  3.87981339e+00  2.55010922e+00  2.54770003e+00 -3.28130993e-05 
 3.25964000e-02  2.49943066e+00  3.88231394e+00  2.55260211e+00  2.55023866e+00 -3.27950910e-05 
 3.26014000e-02  2.49940512e+00  3.88476249e+00  2.55504278e+00  2.55272740e+00 -3.27774567e-05 
 3.26064000e-02  2.49938017e+00  3.88715665e+00  2.55742888e+00  2.55516381e+00 -3.27602136e-05 
 3.26114000e-02  2.49935582e+00  3.88949408e+00  2.55975807e+00  2.55754552e+00 -3.27433783e-05 
 3.26164000e-02  2.49933212e+00  3.89177251e+00  2.56202809e+00  2.55987021e+00 -3.27269671e-05 
 3.26214000e-02  2.49930907e+00  3.89398973e+00  2.56423673e+00  2.56213563e+00 -3.27109959e-05 
 3.26264000e-02  2.49928670e+00  3.89614358e+00  2.56638184e+00  2.56433956e+00 -3.26954803e-05 
 3.26314000e-02  2.49926504e+00  3.89823198e+00  2.56846136e+00  2.56647987e+00 -3.26804351e-05 
 3.26364000e-02  2.49924410e+00  3.90025289e+00  2.57047325e+00  2.56855447e+00 -3.26658749e-05 
 3.26414000e-02  2.49922391e+00  3.90220436e+00  2.57241556e+00  2.57056137e+00 -3.26518138e-05 
 3.26464000e-02  2.49920448e+00  3.90408449e+00  2.57428643e+00  2.57249861e+00 -3.26382653e-05 
 3.26514000e-02  2.49918584e+00  3.90589148e+00  2.57608403e+00  2.57436432e+00 -3.26252424e-05 
 3.26564000e-02  2.49916801e+00  3.90762356e+00  2.57780662e+00  2.57615668e+00 -3.26127577e-05 
 3.26614000e-02  2.49915099e+00  3.90927906e+00  2.57945255e+00  2.57787398e+00 -3.26008232e-05 
 3.26664000e-02  2.49913481e+00  3.91085640e+00  2.58102021e+00  2.57951454e+00 -3.25894504e-05 
 3.26714000e-02  2.49911949e+00  3.91235403e+00  2.58250811e+00  2.58107678e+00 -3.25786502e-05 
 3.26764000e-02  2.49910503e+00  3.91377052e+00  2.58391479e+00  2.58255919e+00 -3.25684329e-05 
 3.26814000e-02  2.49909146e+00  3.91510449e+00  2.58523891e+00  2.58396034e+00 -3.25588084e-05 
 3.26864000e-02  2.49907879e+00  3.91635467e+00  2.58647919e+00  2.58527889e+00 -3.25497858e-05 
 3.26914000e-02  2.49906702e+00  3.91751985e+00  2.58763442e+00  2.58651355e+00 -3.25413738e-05 
 3.26964000e-02  2.49905618e+00  3.91859890e+00  2.58870351e+00  2.58766315e+00 -3.25335805e-05 
 3.27014000e-02  2.49904626e+00  3.91959079e+00  2.58968542e+00  2.58872656e+00 -3.25264133e-05 
 3.27064000e-02  2.49903729e+00  3.92049456e+00  2.59057920e+00  2.58970277e+00 -3.25198792e-05 
 3.27114000e-02  2.49902927e+00  3.92130935e+00  2.59138400e+00  2.59059085e+00 -3.25139842e-05 
 3.27164000e-02  2.49902220e+00  3.92203436e+00  2.59209903e+00  2.59138992e+00 -3.25087341e-05 
 3.27214000e-02  2.49901610e+00  3.92266890e+00  2.59272363e+00  2.59209923e+00 -3.25041338e-05 
 3.27264000e-02  2.49901097e+00  3.92321236e+00  2.59325717e+00  2.59271810e+00 -3.25001879e-05 
 3.27314000e-02  2.49900682e+00  3.92366422e+00  2.59369915e+00  2.59324592e+00 -3.24969000e-05 
 3.27364000e-02  2.49900365e+00  3.92402405e+00  2.59404915e+00  2.59368219e+00 -3.24942732e-05 
 3.27414000e-02  2.49900146e+00  3.92429149e+00  2.59430683e+00  2.59402650e+00 -3.24923102e-05 
 3.27464000e-02  2.49900026e+00  3.92446629e+00  2.59447194e+00  2.59427851e+00 -3.24910127e-05 
 3.27514000e-02  2.49900004e+00  3.92454828e+00  2.59454433e+00  2.59443797e+00 -3.24903821e-05 
 3.27564000e-02  2.49900081e+00  3.92453739e+00  2.59452392e+00  2.59450474e+00 -3.24904188e-05 
 3.27614000e-02  2.49900256e+00  3.92443362e+00  2.59441073e+00  2.59447876e+00 -3.24911230e-05 
 3.27664000e-02  2.49900530e+00  3.92423708e+00  2.59420487e+00  2.59436003e+00 -3.24924938e-05 
 3.27714000e-02  2.49900903e+00  3.92394794e+00  2.59390654e+00  2.59414869e+00 -3.24945301e-05 
 3.27764000e-02  2.49901373e+00  3.92356650e+00  2.59351603e+00  2.59384494e+00 -3.24972299e-05 
 3.27814000e-02  2.49901940e+00  3.92309311e+00  2.59303370e+00  2.59344905e+00 -3.25005905e-05 
 3.27864000e-02  2.49902604e+00  3.92252823e+00  2.59246004e+00  2.59296143e+00 -3.25046089e-05 
 3.27914000e-02  2.49903364e+00  3.92187240e+00  2.59179557e+00  2.59238252e+00 -3.25092811e-05 
 3.27964000e-02  2.49904220e+00  3.92112625e+00  2.59104096e+00  2.59171290e+00 -3.25146028e-05 
 3.28014000e-02  2.49905170e+00  3.92029051e+00  2.59019691e+00  2.59095320e+00 -3.25205688e-05 
 3.28064000e-02  2.49906214e+00  3.91936596e+00  2.58926424e+00  2.59010416e+00 -3.25271734e-05 
 3.28114000e-02  2.49907350e+00  3.91835351e+00  2.58824386e+00  2.58916658e+00 -3.25344103e-05 
 3.28164000e-02  2.49908577e+00  3.91725413e+00  2.58713673e+00  2.58814138e+00 -3.25422727e-05 
 3.28214000e-02  2.49909895e+00  3.91606887e+00  2.58594393e+00  2.58702954e+00 -3.25507530e-05 
 3.28264000e-02  2.49911302e+00  3.91479888e+00  2.58466661e+00  2.58583213e+00 -3.25598431e-05 
 3.28314000e-02  2.49912796e+00  3.91344539e+00  2.58330599e+00  2.58455030e+00 -3.25695342e-05 
 3.28364000e-02  2.49914377e+00  3.91200968e+00  2.58186339e+00  2.58318530e+00 -3.25798172e-05 
 3.28414000e-02  2.49916042e+00  3.91049316e+00  2.58034021e+00  2.58173842e+00 -3.25906821e-05 
 3.28464000e-02  2.49917790e+00  3.90889728e+00  2.57873790e+00  2.58021108e+00 -3.26021185e-05 
 3.28514000e-02  2.49919618e+00  3.90722359e+00  2.57705803e+00  2.57860475e+00 -3.26141154e-05 
 3.28564000e-02  2.49921527e+00  3.90547370e+00  2.57530220e+00  2.57692097e+00 -3.26266614e-05 
 3.28614000e-02  2.49923512e+00  3.90364930e+00  2.57347213e+00  2.57516138e+00 -3.26397443e-05 
 3.28664000e-02  2.49925574e+00  3.90175217e+00  2.57156957e+00  2.57332768e+00 -3.26533516e-05 
 3.28714000e-02  2.49927708e+00  3.89978413e+00  2.56959638e+00  2.57142163e+00 -3.26674701e-05 
 3.28764000e-02  2.49929914e+00  3.89774709e+00  2.56755446e+00  2.56944510e+00 -3.26820863e-05 
 3.28814000e-02  2.49932189e+00  3.89564303e+00  2.56544580e+00  2.56739998e+00 -3.26971860e-05 
 3.28864000e-02  2.49934531e+00  3.89347399e+00  2.56327243e+00  2.56528827e+00 -3.27127547e-05 
 3.28914000e-02  2.49936938e+00  3.89124207e+00  2.56103648e+00  2.56311201e+00 -3.27287773e-05 
 3.28964000e-02  2.49939407e+00  3.88894945e+00  2.55874010e+00  2.56087332e+00 -3.27452383e-05 
 3.29014000e-02  2.49941935e+00  3.88659835e+00  2.55638555e+00  2.55857436e+00 -3.27621218e-05 
 3.29064000e-02  2.49944521e+00  3.88419106e+00  2.55397509e+00  2.55621739e+00 -3.27794114e-05 
 3.29114000e-02  2.49947162e+00  3.88172992e+00  2.55151110e+00  2.55380469e+00 -3.27970904e-05 
 3.29164000e-02  2.49949855e+00  3.87921734e+00  2.54899595e+00  2.55133860e+00 -3.28151415e-05 
 3.29214000e-02  2.49952597e+00  3.87665575e+00  2.54643211e+00  2.54882154e+00 -3.28335473e-05 
 3.29264000e-02  2.49955386e+00  3.87404767e+00  2.54382209e+00  2.54625596e+00 -3.28522898e-05 
 3.29314000e-02  2.49958220e+00  3.87139564e+00  2.54116842e+00  2.54364436e+00 -3.28713507e-05 
 3.29364000e-02  2.49961094e+00  3.86870225e+00  2.53847370e+00  2.54098929e+00 -3.28907115e-05 
 3.29414000e-02  2.49964007e+00  3.86597014e+00  2.53574057e+00  2.53829335e+00 -3.29103534e-05 
 3.29464000e-02  2.49966955e+00  3.86320198e+00  2.53297171e+00  2.53555918e+00 -3.29302570e-05 
 3.29514000e-02  2.49969936e+00  3.86040048e+00  2.53016983e+00  2.53278945e+00 -3.29504030e-05 
 3.29564000e-02  2.49972947e+00  3.85756839e+00  2.52733767e+00  2.52998688e+00 -3.29707716e-05 
 3.29614000e-02  2.49975984e+00  3.85470850e+00  2.52447801e+00  2.52715421e+00 -3.29913429e-05 
 3.29664000e-02  2.49979045e+00  3.85182360e+00  2.52159367e+00  2.52429423e+00 -3.30120966e-05 
 3.29714000e-02  2.49982127e+00  3.84891653e+00  2.51868747e+00  2.52140974e+00 -3.30330126e-05 
 3.29764000e-02  2.49985226e+00  3.84599016e+00  2.51576228e+00  2.51850359e+00 -3.30540700e-05 
 3.29814000e-02  2.49988340e+00  3.84304735e+00  2.51282098e+00  2.51557862e+00 -3.30752484e-05 
 3.29864000e-02  2.49991465e+00  3.84009102e+00  2.50986645e+00  2.51263771e+00 -3.30965268e-05 
 3.29914000e-02  2.49994599e+00  3.83712408e+00  2.50690162e+00  2.50968377e+00 -3.31178842e-05 
 3.29964000e-02  2.49997738e+00  3.83414944e+00  2.50392941e+00  2.50671970e+00 -3.31392997e-05 
 3.30014000e-02  2.50000880e+00  3.83117006e+00  2.50095275e+00  2.50374844e+00 -3.31607520e-05 
 3.30064000e-02  2.50004020e+00  3.82818886e+00  2.49797458e+00  2.50077290e+00 -3.31822199e-05 
 3.30114000e-02  2.50007157e+00  3.82520880e+00  2.49499785e+00  2.49779604e+00 -3.32036823e-05 
 3.30164000e-02  2.50010286e+00  3.82223283e+00  2.49202550e+00  2.49482079e+00 -3.32251180e-05 
 3.30214000e-02  2.50013406e+00  3.81926389e+00  2.48906048e+00  2.49185010e+00 -3.32465056e-05 
 3.30264000e-02  2.50016512e+00  3.81630491e+00  2.48610571e+00  2.48888690e+00 -3.32678239e-05 
 3.30314000e-02  2.50019601e+00  3.81335884e+00  2.48316413e+00  2.48593414e+00 -3.32890519e-05 
 3.30364000e-02  2.50022672e+00  3.81042860e+00  2.48023865e+00  2.48299473e+00 -3.33101685e-05 
 3.30414000e-02  2.50025720e+00  3.80751708e+00  2.47733218e+00  2.48007160e+00 -3.33311526e-05 
 3.30464000e-02  2.50028743e+00  3.80462719e+00  2.47444761e+00  2.47716764e+00 -3.33519834e-05 
 3.30514000e-02  2.50031737e+00  3.80176179e+00  2.47158779e+00  2.47428573e+00 -3.33726402e-05 
 3.30564000e-02  2.50034700e+00  3.79892373e+00  2.46875557e+00  2.47142875e+00 -3.33931024e-05 
 3.30614000e-02  2.50037629e+00  3.79611584e+00  2.46595377e+00  2.46859952e+00 -3.34133496e-05 
 3.30664000e-02  2.50040521e+00  3.79334090e+00  2.46318517e+00  2.46580087e+00 -3.34333616e-05 
 3.30714000e-02  2.50043372e+00  3.79060168e+00  2.46045253e+00  2.46303558e+00 -3.34531185e-05 
 3.30764000e-02  2.50046181e+00  3.78790091e+00  2.45775858e+00  2.46030639e+00 -3.34726006e-05 
 3.30814000e-02  2.50048944e+00  3.78524127e+00  2.45510599e+00  2.45761604e+00 -3.34917883e-05 
 3.30864000e-02  2.50051659e+00  3.78262543e+00  2.45249741e+00  2.45496719e+00 -3.35106625e-05 
 3.30914000e-02  2.50054323e+00  3.78005598e+00  2.44993545e+00  2.45236250e+00 -3.35292043e-05 
 3.30964000e-02  2.50056934e+00  3.77753550e+00  2.44742266e+00  2.44980455e+00 -3.35473952e-05 
 3.31014000e-02  2.50059488e+00  3.77506649e+00  2.44496154e+00  2.44729590e+00 -3.35652170e-05 
 3.31064000e-02  2.50061983e+00  3.77265143e+00  2.44255456e+00  2.44483906e+00 -3.35826517e-05 
 3.31114000e-02  2.50064418e+00  3.77029273e+00  2.44020412e+00  2.44243648e+00 -3.35996819e-05 
 3.31164000e-02  2.50066788e+00  3.76799273e+00  2.43791257e+00  2.44009055e+00 -3.36162906e-05 
 3.31214000e-02  2.50069093e+00  3.76575376e+00  2.43568220e+00  2.43780363e+00 -3.36324610e-05 
 3.31264000e-02  2.50071330e+00  3.76357803e+00  2.43351524e+00  2.43557800e+00 -3.36481770e-05 
 3.31314000e-02  2.50073496e+00  3.76146773e+00  2.43141386e+00  2.43341588e+00 -3.36634228e-05 
 3.31364000e-02  2.50075590e+00  3.75942498e+00  2.42938016e+00  2.43131944e+00 -3.36781830e-05 
 3.31414000e-02  2.50077609e+00  3.75745181e+00  2.42741617e+00  2.42929078e+00 -3.36924428e-05 
 3.31464000e-02  2.50079552e+00  3.75555019e+00  2.42552388e+00  2.42733192e+00 -3.37061879e-05 
 3.31514000e-02  2.50081416e+00  3.75372205e+00  2.42370516e+00  2.42544483e+00 -3.37194044e-05 
 3.31564000e-02  2.50083199e+00  3.75196920e+00  2.42196184e+00  2.42363141e+00 -3.37320791e-05 
 3.31614000e-02  2.50084901e+00  3.75029341e+00  2.42029567e+00  2.42189345e+00 -3.37441992e-05 
 3.31664000e-02  2.50086519e+00  3.74869634e+00  2.41870832e+00  2.42023272e+00 -3.37557525e-05 
 3.31714000e-02  2.50088051e+00  3.74717962e+00  2.41720137e+00  2.41865086e+00 -3.37667274e-05 
 3.31764000e-02  2.50089497e+00  3.74574474e+00  2.41577635e+00  2.41714947e+00 -3.37771128e-05 
 3.31814000e-02  2.50090854e+00  3.74439316e+00  2.41443468e+00  2.41573006e+00 -3.37868983e-05 
 3.31864000e-02  2.50092121e+00  3.74312623e+00  2.41317771e+00  2.41439404e+00 -3.37960740e-05 
 3.31914000e-02  2.50093298e+00  3.74194522e+00  2.41200669e+00  2.41314276e+00 -3.38046306e-05 
 3.31964000e-02  2.50094382e+00  3.74085131e+00  2.41092280e+00  2.41197747e+00 -3.38125596e-05 
 3.32014000e-02  2.50095374e+00  3.73984561e+00  2.40992713e+00  2.41089934e+00 -3.38198529e-05 
 3.32064000e-02  2.50096271e+00  3.73892912e+00  2.40902068e+00  2.40990946e+00 -3.38265031e-05 
 3.32114000e-02  2.50097073e+00  3.73810276e+00  2.40820436e+00  2.40900881e+00 -3.38325037e-05 
 3.32164000e-02  2.50097780e+00  3.73736736e+00  2.40747899e+00  2.40819830e+00 -3.38378485e-05 
 3.32214000e-02  2.50098390e+00  3.73672366e+00  2.40684530e+00  2.40747875e+00 -3.38425321e-05 
 3.32264000e-02  2.50098903e+00  3.73617231e+00  2.40630391e+00  2.40685087e+00 -3.38465498e-05 
 3.32314000e-02  2.50099318e+00  3.73571386e+00  2.40585539e+00  2.40631530e+00 -3.38498976e-05 
 3.32364000e-02  2.50099635e+00  3.73534876e+00  2.40550017e+00  2.40587258e+00 -3.38525720e-05 
 3.32414000e-02  2.50099854e+00  3.73507739e+00  2.40523861e+00  2.40552314e+00 -3.38545705e-05 
 3.32464000e-02  2.50099974e+00  3.73490002e+00  2.40507098e+00  2.40526735e+00 -3.38558909e-05 
 3.32514000e-02  2.50099996e+00  3.73481683e+00  2.40499745e+00  2.40510545e+00 -3.38565320e-05 
 3.32564000e-02  2.50099919e+00  3.73482789e+00  2.40501808e+00  2.40503761e+00 -3.38564931e-05 
 3.32614000e-02  2.50099744e+00  3.73493320e+00  2.40513285e+00  2.40506390e+00 -3.38557742e-05 
 3.32664000e-02  2.50099470e+00  3.73513266e+00  2.40534166e+00  2.40518429e+00 -3.38543761e-05 
 3.32714000e-02  2.50099097e+00  3.73542605e+00  2.40564430e+00  2.40539866e+00 -3.38523002e-05 
 3.32764000e-02  2.50098627e+00  3.73581309e+00  2.40604045e+00  2.40570679e+00 -3.38495485e-05 
 3.32814000e-02  2.50098060e+00  3.73629339e+00  2.40652971e+00  2.40610838e+00 -3.38461240e-05 
 3.32864000e-02  2.50097396e+00  3.73686647e+00  2.40711161e+00  2.40660302e+00 -3.38420299e-05 
 3.32914000e-02  2.50096636e+00  3.73753174e+00  2.40778555e+00  2.40719022e+00 -3.38372706e-05 
 3.32964000e-02  2.50095780e+00  3.73828855e+00  2.40855086e+00  2.40786938e+00 -3.38318507e-05 
 3.33014000e-02  2.50094830e+00  3.73913612e+00  2.40940677e+00  2.40863982e+00 -3.38257757e-05 
 3.33064000e-02  2.50093786e+00  3.74007362e+00  2.41035241e+00  2.40950077e+00 -3.38190518e-05 
 3.33114000e-02  2.50092650e+00  3.74110009e+00  2.41138685e+00  2.41045137e+00 -3.38116858e-05 
 3.33164000e-02  2.50091423e+00  3.74221451e+00  2.41250904e+00  2.41149066e+00 -3.38036851e-05 
 3.33214000e-02  2.50090105e+00  3.74341576e+00  2.41371785e+00  2.41261759e+00 -3.37950577e-05 
 3.33264000e-02  2.50088698e+00  3.74470263e+00  2.41501207e+00  2.41383104e+00 -3.37858124e-05 
 3.33314000e-02  2.50087204e+00  3.74607384e+00  2.41639041e+00  2.41512979e+00 -3.37759585e-05 
 3.33364000e-02  2.50085623e+00  3.74752801e+00  2.41785148e+00  2.41651254e+00 -3.37655058e-05 
 3.33414000e-02  2.50083958e+00  3.74906367e+00  2.41939382e+00  2.41797789e+00 -3.37544651e-05 
 3.33464000e-02  2.50082210e+00  3.75067929e+00  2.42101587e+00  2.41952439e+00 -3.37428473e-05 
 3.33514000e-02  2.50080382e+00  3.75237325e+00  2.42271602e+00  2.42115047e+00 -3.37306642e-05 
 3.33564000e-02  2.50078473e+00  3.75414385e+00  2.42449255e+00  2.42285451e+00 -3.37179280e-05 
 3.33614000e-02  2.50076488e+00  3.75598932e+00  2.42634370e+00  2.42463480e+00 -3.37046516e-05 
 3.33664000e-02  2.50074426e+00  3.75790780e+00  2.42826760e+00  2.42648955e+00 -3.36908483e-05 
 3.33714000e-02  2.50072292e+00  3.75989738e+00  2.43026232e+00  2.42841692e+00 -3.36765321e-05 
 3.33764000e-02  2.50070086e+00  3.76195606e+00  2.43232588e+00  2.43041496e+00 -3.36617172e-05 
 3.33814000e-02  2.50067811e+00  3.76408179e+00  2.43445620e+00  2.43248168e+00 -3.36464186e-05 
 3.33864000e-02  2.50065469e+00  3.76627243e+00  2.43665115e+00  2.43461501e+00 -3.36306516e-05 
 3.33914000e-02  2.50063062e+00  3.76852580e+00  2.43890854e+00  2.43681282e+00 -3.36144321e-05 
 3.33964000e-02  2.50060593e+00  3.77083964e+00  2.44122612e+00  2.43907290e+00 -3.35977764e-05 
 3.34014000e-02  2.50058065e+00  3.77321164e+00  2.44360155e+00  2.44139299e+00 -3.35807012e-05 
 3.34064000e-02  2.50055479e+00  3.77563942e+00  2.44603248e+00  2.44377079e+00 -3.35632235e-05 
 3.34114000e-02  2.50052838e+00  3.77812057e+00  2.44851646e+00  2.44620390e+00 -3.35453610e-05 
 3.34164000e-02  2.50050145e+00  3.78065260e+00  2.45105103e+00  2.44868991e+00 -3.35271315e-05 
 3.34214000e-02  2.50047403e+00  3.78323299e+00  2.45363365e+00  2.45122632e+00 -3.35085532e-05 
 3.34264000e-02  2.50044614e+00  3.78585916e+00  2.45626175e+00  2.45381061e+00 -3.34896448e-05 
 3.34314000e-02  2.50041780e+00  3.78852850e+00  2.45893270e+00  2.45644020e+00 -3.34704251e-05 
 3.34364000e-02  2.50038906e+00  3.79123835e+00  2.46164384e+00  2.45911247e+00 -3.34509134e-05 
 3.34414000e-02  2.50035993e+00  3.79398600e+00  2.46439247e+00  2.46182475e+00 -3.34311291e-05 
 3.34464000e-02  2.50033045e+00  3.79676871e+00  2.46717586e+00  2.46457435e+00 -3.34110920e-05 
 3.34514000e-02  2.50030064e+00  3.79958373e+00  2.46999123e+00  2.46735851e+00 -3.33908222e-05 
 3.34564000e-02  2.50027053e+00  3.80242824e+00  2.47283579e+00  2.47017448e+00 -3.33703397e-05 
 3.34614000e-02  2.50024016e+00  3.80529942e+00  2.47570670e+00  2.47301946e+00 -3.33496650e-05 
 3.34664000e-02  2.50020955e+00  3.80819442e+00  2.47860111e+00  2.47589060e+00 -3.33288187e-05 
 3.34714000e-02  2.50017873e+00  3.81111036e+00  2.48151615e+00  2.47878507e+00 -3.33078215e-05 
 3.34764000e-02  2.50014774e+00  3.81404435e+00  2.48444893e+00  2.48169998e+00 -3.32866942e-05 
 3.34814000e-02  2.50011660e+00  3.81699348e+00  2.48739653e+00  2.48463245e+00 -3.32654580e-05 
 3.34864000e-02  2.50008535e+00  3.81995482e+00  2.49035604e+00  2.48757956e+00 -3.32441338e-05 
 3.34914000e-02  2.50005401e+00  3.82292544e+00  2.49332451e+00  2.49053839e+00 -3.32227428e-05 
 3.34964000e-02  2.50002262e+00  3.82590240e+00  2.49629902e+00  2.49350601e+00 -3.32013061e-05 
 3.35014000e-02  2.49999120e+00  3.82888274e+00  2.49927662e+00  2.49647949e+00 -3.31798451e-05 
 3.35064000e-02  2.49995980e+00  3.83186354e+00  2.50225436e+00  2.49945588e+00 -3.31583809e-05 
 3.35114000e-02  2.49992843e+00  3.83484183e+00  2.50522931e+00  2.50243224e+00 -3.31369348e-05 
 3.35164000e-02  2.49989714e+00  3.83781469e+00  2.50819851e+00  2.50540562e+00 -3.31155279e-05 
 3.35214000e-02  2.49986594e+00  3.84077917e+00  2.51115906e+00  2.50837310e+00 -3.30941814e-05 
 3.35264000e-02  2.49983488e+00  3.84373235e+00  2.51410801e+00  2.51133173e+00 -3.30729162e-05 
 3.35314000e-02  2.49980399e+00  3.84667132e+00  2.51704248e+00  2.51427862e+00 -3.30517534e-05 
 3.35364000e-02  2.49977328e+00  3.84959319e+00  2.51995957e+00  2.51721085e+00 -3.30307138e-05 
 3.35414000e-02  2.49974280e+00  3.85249508e+00  2.52285641e+00  2.52012553e+00 -3.30098180e-05 
 3.35464000e-02  2.49971257e+00  3.85537414e+00  2.52573014e+00  2.52301980e+00 -3.29890866e-05 
 3.35514000e-02  2.49968263e+00  3.85822754e+00  2.52857796e+00  2.52589081e+00 -3.29685399e-05 
 3.35564000e-02  2.49965300e+00  3.86105248e+00  2.53139706e+00  2.52873574e+00 -3.29481980e-05 
 3.35614000e-02  2.49962371e+00  3.86384619e+00  2.53418467e+00  2.53155180e+00 -3.29280809e-05 
 3.35664000e-02  2.49959479e+00  3.86660593e+00  2.53693807e+00  2.53433622e+00 -3.29082083e-05 
 3.35714000e-02  2.49956628e+00  3.86932899e+00  2.53965455e+00  2.53708628e+00 -3.28885996e-05 
 3.35764000e-02  2.49953819e+00  3.87201272e+00  2.54233146e+00  2.53979928e+00 -3.28692738e-05 
 3.35814000e-02  2.49951056e+00  3.87465448e+00  2.54496619e+00  2.54247258e+00 -3.28502500e-05 
 3.35864000e-02  2.49948341e+00  3.87725169e+00  2.54755614e+00  2.54510354e+00 -3.28315465e-05 
 3.35914000e-02  2.49945677e+00  3.87980183e+00  2.55009881e+00  2.54768961e+00 -3.28131817e-05 
 3.35964000e-02  2.49943066e+00  3.88230239e+00  2.55259170e+00  2.55022825e+00 -3.27951734e-05 
 3.36014000e-02  2.49940512e+00  3.88475095e+00  2.55503238e+00  2.55271699e+00 -3.27775391e-05 
 3.36064000e-02  2.49938017e+00  3.88714511e+00  2.55741849e+00  2.55515341e+00 -3.27602958e-05 
 3.36114000e-02  2.49935582e+00  3.88948255e+00  2.55974768e+00  2.55753513e+00 -3.27434605e-05 
 3.36164000e-02  2.49933212e+00  3.89176098e+00  2.56201771e+00  2.55985983e+00 -3.27270492e-05 
 3.36214000e-02  2.49930907e+00  3.89397821e+00  2.56422636e+00  2.56212525e+00 -3.27110780e-05 
 3.36264000e-02  2.49928670e+00  3.89613207e+00  2.56637148e+00  2.56432919e+00 -3.26955623e-05 
 3.36314000e-02  2.49926504e+00  3.89822047e+00  2.56845100e+00  2.56646950e+00 -3.26805171e-05 
 3.36364000e-02  2.49924410e+00  3.90024139e+00  2.57046290e+00  2.56854412e+00 -3.26659568e-05 
 3.36414000e-02  2.49922391e+00  3.90219286e+00  2.57240523e+00  2.57055102e+00 -3.26518957e-05 
 3.36464000e-02  2.49920448e+00  3.90407301e+00  2.57427610e+00  2.57248827e+00 -3.26383471e-05 
 3.36514000e-02  2.49918584e+00  3.90587999e+00  2.57607370e+00  2.57435399e+00 -3.26253242e-05 
 3.36564000e-02  2.49916801e+00  3.90761208e+00  2.57779630e+00  2.57614636e+00 -3.26128395e-05 
 3.36614000e-02  2.49915099e+00  3.90926759e+00  2.57944224e+00  2.57786366e+00 -3.26009049e-05 
 3.36664000e-02  2.49913481e+00  3.91084493e+00  2.58100991e+00  2.57950422e+00 -3.25895321e-05 
 3.36714000e-02  2.49911949e+00  3.91234257e+00  2.58249781e+00  2.58106647e+00 -3.25787318e-05 
 3.36764000e-02  2.49910503e+00  3.91375906e+00  2.58390450e+00  2.58254889e+00 -3.25685145e-05 
 3.36814000e-02  2.49909146e+00  3.91509304e+00  2.58522863e+00  2.58395005e+00 -3.25588899e-05 
 3.36864000e-02  2.49907879e+00  3.91634323e+00  2.58646891e+00  2.58526860e+00 -3.25498672e-05 
 3.36914000e-02  2.49906702e+00  3.91750841e+00  2.58762415e+00  2.58650327e+00 -3.25414552e-05 
 3.36964000e-02  2.49905618e+00  3.91858747e+00  2.58869325e+00  2.58765287e+00 -3.25336619e-05 
 3.37014000e-02  2.49904626e+00  3.91957937e+00  2.58967516e+00  2.58871630e+00 -3.25264947e-05 
 3.37064000e-02  2.49903729e+00  3.92048314e+00  2.59056895e+00  2.58969252e+00 -3.25199604e-05 
 3.37114000e-02  2.49902927e+00  3.92129793e+00  2.59137375e+00  2.59058059e+00 -3.25140654e-05 
 3.37164000e-02  2.49902220e+00  3.92202295e+00  2.59208879e+00  2.59137968e+00 -3.25088153e-05 
 3.37214000e-02  2.49901610e+00  3.92265749e+00  2.59271339e+00  2.59208899e+00 -3.25042150e-05 
 3.37264000e-02  2.49901097e+00  3.92320096e+00  2.59324694e+00  2.59270786e+00 -3.25002690e-05 
 3.37314000e-02  2.49900682e+00  3.92365283e+00  2.59368893e+00  2.59323569e+00 -3.24969811e-05 
 3.37364000e-02  2.49900365e+00  3.92401265e+00  2.59403894e+00  2.59367197e+00 -3.24943543e-05 
 3.37414000e-02  2.49900146e+00  3.92428010e+00  2.59429662e+00  2.59401628e+00 -3.24923912e-05 
 3.37464000e-02  2.49900026e+00  3.92445491e+00  2.59446174e+00  2.59426829e+00 -3.24910937e-05 
 3.37514000e-02  2.49900004e+00  3.92453691e+00  2.59453413e+00  2.59442777e+00 -3.24904630e-05 
 3.37564000e-02  2.49900081e+00  3.92452602e+00  2.59451372e+00  2.59449454e+00 -3.24904998e-05 
 3.37614000e-02  2.49900256e+00  3.92442225e+00  2.59440054e+00  2.59446856e+00 -3.24912039e-05 
 3.37664000e-02  2.49900530e+00  3.92422571e+00  2.59419468e+00  2.59434984e+00 -3.24925747e-05 
 3.37714000e-02  2.49900903e+00  3.92393658e+00  2.59389636e+00  2.59413851e+00 -3.24946110e-05 
 3.37764000e-02  2.49901373e+00  3.92355514e+00  2.59350585e+00  2.59383476e+00 -3.24973107e-05 
 3.37814000e-02  2.49901940e+00  3.92308175e+00  2.59302353e+00  2.59343888e+00 -3.25006713e-05 
 3.37864000e-02  2.49902604e+00  3.92251687e+00  2.59244987e+00  2.59295126e+00 -3.25046897e-05 
 3.37914000e-02  2.49903364e+00  3.92186105e+00  2.59178541e+00  2.59237236e+00 -3.25093619e-05 
 3.37964000e-02  2.49904220e+00  3.92111491e+00  2.59103080e+00  2.59170274e+00 -3.25146835e-05 
 3.38014000e-02  2.49905170e+00  3.92027916e+00  2.59018676e+00  2.59094304e+00 -3.25206494e-05 
 3.38064000e-02  2.49906214e+00  3.91935463e+00  2.58925409e+00  2.59009400e+00 -3.25272541e-05 
 3.38114000e-02  2.49907350e+00  3.91834218e+00  2.58823371e+00  2.58915643e+00 -3.25344910e-05 
 3.38164000e-02  2.49908577e+00  3.91724280e+00  2.58712659e+00  2.58813124e+00 -3.25423533e-05 
 3.38214000e-02  2.49909895e+00  3.91605755e+00  2.58593379e+00  2.58701940e+00 -3.25508336e-05 
 3.38264000e-02  2.49911302e+00  3.91478756e+00  2.58465647e+00  2.58582199e+00 -3.25599237e-05 
 3.38314000e-02  2.49912796e+00  3.91343406e+00  2.58329586e+00  2.58454017e+00 -3.25696148e-05 
 3.38364000e-02  2.49914377e+00  3.91199836e+00  2.58185327e+00  2.58317517e+00 -3.25798977e-05 
 3.38414000e-02  2.49916042e+00  3.91048184e+00  2.58033008e+00  2.58172830e+00 -3.25907626e-05 
 3.38464000e-02  2.49917790e+00  3.90888597e+00  2.57872778e+00  2.58020096e+00 -3.26021990e-05 
 3.38514000e-02  2.49919618e+00  3.90721227e+00  2.57704791e+00  2.57859463e+00 -3.26141959e-05 
 3.38564000e-02  2.49921527e+00  3.90546239e+00  2.57529209e+00  2.57691086e+00 -3.26267418e-05 
 3.38614000e-02  2.49923512e+00  3.90363799e+00  2.57346202e+00  2.57515127e+00 -3.26398247e-05 
 3.38664000e-02  2.49925574e+00  3.90174086e+00  2.57155947e+00  2.57331757e+00 -3.26534320e-05 
 3.38714000e-02  2.49927708e+00  3.89977282e+00  2.56958628e+00  2.57141153e+00 -3.26675505e-05 
 3.38764000e-02  2.49929914e+00  3.89773579e+00  2.56754436e+00  2.56943499e+00 -3.26821667e-05 
 3.38814000e-02  2.49932189e+00  3.89563173e+00  2.56543570e+00  2.56738988e+00 -3.26972664e-05 
 3.38864000e-02  2.49934531e+00  3.89346269e+00  2.56326234e+00  2.56527817e+00 -3.27128351e-05 
 3.38914000e-02  2.49936938e+00  3.89123078e+00  2.56102639e+00  2.56310192e+00 -3.27288577e-05 
 3.38964000e-02  2.49939407e+00  3.88893816e+00  2.55873002e+00  2.56086323e+00 -3.27453187e-05 
 3.39014000e-02  2.49941935e+00  3.88658706e+00  2.55637546e+00  2.55856428e+00 -3.27622022e-05 
 3.39064000e-02  2.49944521e+00  3.88417977e+00  2.55396501e+00  2.55620731e+00 -3.27794918e-05 
 3.39114000e-02  2.49947162e+00  3.88171863e+00  2.55150102e+00  2.55379460e+00 -3.27971707e-05 
 3.39164000e-02  2.49949855e+00  3.87920605e+00  2.54898588e+00  2.55132852e+00 -3.28152218e-05 
 3.39214000e-02  2.49952597e+00  3.87664447e+00  2.54642204e+00  2.54881146e+00 -3.28336276e-05 
 3.39264000e-02  2.49955386e+00  3.87403639e+00  2.54381202e+00  2.54624588e+00 -3.28523701e-05 
 3.39314000e-02  2.49958220e+00  3.87138436e+00  2.54115835e+00  2.54363429e+00 -3.28714310e-05 
 3.39364000e-02  2.49961094e+00  3.86869097e+00  2.53846364e+00  2.54097922e+00 -3.28907918e-05 
 3.39414000e-02  2.49964007e+00  3.86595886e+00  2.53573051e+00  2.53828328e+00 -3.29104337e-05 
 3.39464000e-02  2.49966955e+00  3.86319070e+00  2.53296165e+00  2.53554912e+00 -3.29303373e-05 
 3.39514000e-02  2.49969936e+00  3.86038921e+00  2.53015977e+00  2.53277939e+00 -3.29504832e-05 
 3.39564000e-02  2.49972947e+00  3.85755712e+00  2.52732761e+00  2.52997682e+00 -3.29708518e-05 
 3.39614000e-02  2.49975984e+00  3.85469722e+00  2.52446796e+00  2.52714416e+00 -3.29914231e-05 
 3.39664000e-02  2.49979045e+00  3.85181233e+00  2.52158362e+00  2.52428418e+00 -3.30121769e-05 
 3.39714000e-02  2.49982127e+00  3.84890526e+00  2.51867742e+00  2.52139969e+00 -3.30330928e-05 
 3.39764000e-02  2.49985226e+00  3.84597889e+00  2.51575224e+00  2.51849354e+00 -3.30541503e-05 
 3.39814000e-02  2.49988340e+00  3.84303609e+00  2.51281093e+00  2.51556857e+00 -3.30753286e-05 
 3.39864000e-02  2.49991465e+00  3.84007976e+00  2.50985641e+00  2.51262767e+00 -3.30966070e-05 
 3.39914000e-02  2.49994599e+00  3.83711282e+00  2.50689159e+00  2.50967373e+00 -3.31179644e-05 
 3.39964000e-02  2.49997738e+00  3.83413818e+00  2.50391938e+00  2.50670967e+00 -3.31393798e-05 
 3.40014000e-02  2.50000880e+00  3.83115880e+00  2.50094272e+00  2.50373840e+00 -3.31608321e-05 
 3.40064000e-02  2.50004020e+00  3.82817761e+00  2.49796456e+00  2.50076287e+00 -3.31823001e-05 
 3.40114000e-02  2.50007157e+00  3.82519755e+00  2.49498783e+00  2.49778601e+00 -3.32037625e-05 
 3.40164000e-02  2.50010286e+00  3.82222158e+00  2.49201548e+00  2.49481076e+00 -3.32251981e-05 
 3.40214000e-02  2.50013406e+00  3.81925264e+00  2.48905046e+00  2.49184007e+00 -3.32465857e-05 
 3.40264000e-02  2.50016512e+00  3.81629366e+00  2.48609569e+00  2.48887688e+00 -3.32679041e-05 
 3.40314000e-02  2.50019601e+00  3.81334760e+00  2.48315411e+00  2.48592412e+00 -3.32891320e-05 
 3.40364000e-02  2.50022672e+00  3.81041735e+00  2.48022864e+00  2.48298472e+00 -3.33102486e-05 
 3.40414000e-02  2.50025720e+00  3.80750584e+00  2.47732217e+00  2.48006158e+00 -3.33312327e-05 
 3.40464000e-02  2.50028743e+00  3.80461595e+00  2.47443760e+00  2.47715763e+00 -3.33520635e-05 
 3.40514000e-02  2.50031737e+00  3.80175055e+00  2.47157778e+00  2.47427573e+00 -3.33727202e-05 
 3.40564000e-02  2.50034700e+00  3.79891249e+00  2.46874557e+00  2.47141875e+00 -3.33931824e-05 
 3.40614000e-02  2.50037629e+00  3.79610460e+00  2.46594377e+00  2.46858952e+00 -3.34134296e-05 
 3.40664000e-02  2.50040521e+00  3.79332966e+00  2.46317517e+00  2.46579088e+00 -3.34334417e-05 
 3.40714000e-02  2.50043372e+00  3.79059045e+00  2.46044254e+00  2.46302558e+00 -3.34531986e-05 
 3.40764000e-02  2.50046181e+00  3.78788967e+00  2.45774859e+00  2.46029640e+00 -3.34726806e-05 
 3.40814000e-02  2.50048944e+00  3.78523004e+00  2.45509600e+00  2.45760605e+00 -3.34918683e-05 
 3.40864000e-02  2.50051659e+00  3.78261420e+00  2.45248743e+00  2.45495721e+00 -3.35107425e-05 
 3.40914000e-02  2.50054323e+00  3.78004476e+00  2.44992547e+00  2.45235252e+00 -3.35292843e-05 
 3.40964000e-02  2.50056934e+00  3.77752427e+00  2.44741268e+00  2.44979457e+00 -3.35474752e-05 
 3.41014000e-02  2.50059488e+00  3.77505527e+00  2.44495157e+00  2.44728593e+00 -3.35652969e-05 
 3.41064000e-02  2.50061983e+00  3.77264021e+00  2.44254459e+00  2.44482909e+00 -3.35827316e-05 
 3.41114000e-02  2.50064418e+00  3.77028151e+00  2.44019415e+00  2.44242651e+00 -3.35997618e-05 
 3.41164000e-02  2.50066788e+00  3.76798152e+00  2.43790261e+00  2.44008059e+00 -3.36163705e-05 
 3.41214000e-02  2.50069093e+00  3.76574255e+00  2.43567224e+00  2.43779367e+00 -3.36325409e-05 
 3.41264000e-02  2.50071330e+00  3.76356682e+00  2.43350528e+00  2.43556804e+00 -3.36482569e-05 
 3.41314000e-02  2.50073496e+00  3.76145653e+00  2.43140391e+00  2.43340592e+00 -3.36635026e-05 
 3.41364000e-02  2.50075590e+00  3.75941377e+00  2.42937021e+00  2.43130949e+00 -3.36782628e-05 
 3.41414000e-02  2.50077609e+00  3.75744061e+00  2.42740623e+00  2.42928083e+00 -3.36925226e-05 
 3.41464000e-02  2.50079552e+00  3.75553900e+00  2.42551394e+00  2.42732198e+00 -3.37062676e-05 
 3.41514000e-02  2.50081416e+00  3.75371086e+00  2.42369522e+00  2.42543489e+00 -3.37194842e-05 
 3.41564000e-02  2.50083199e+00  3.75195801e+00  2.42195191e+00  2.42362147e+00 -3.37321589e-05 
 3.41614000e-02  2.50084901e+00  3.75028222e+00  2.42028574e+00  2.42188352e+00 -3.37442790e-05 
 3.41664000e-02  2.50086519e+00  3.74868516e+00  2.41869839e+00  2.42022279e+00 -3.37558322e-05 
 3.41714000e-02  2.50088051e+00  3.74716843e+00  2.41719145e+00  2.41864094e+00 -3.37668071e-05 
 3.41764000e-02  2.50089497e+00  3.74573356e+00  2.41576644e+00  2.41713955e+00 -3.37771925e-05 
 3.41814000e-02  2.50090854e+00  3.74438199e+00  2.41442477e+00  2.41572014e+00 -3.37869780e-05 
 3.41864000e-02  2.50092121e+00  3.74311506e+00  2.41316780e+00  2.41438413e+00 -3.37961536e-05 
 3.41914000e-02  2.50093298e+00  3.74193405e+00  2.41199678e+00  2.41313285e+00 -3.38047102e-05 
 3.41964000e-02  2.50094382e+00  3.74084015e+00  2.41091290e+00  2.41196757e+00 -3.38126391e-05 
 3.42014000e-02  2.50095374e+00  3.73983445e+00  2.40991724e+00  2.41088944e+00 -3.38199324e-05 
 3.42064000e-02  2.50096271e+00  3.73891796e+00  2.40901079e+00  2.40989956e+00 -3.38265826e-05 
 3.42114000e-02  2.50097073e+00  3.73809161e+00  2.40819448e+00  2.40899892e+00 -3.38325832e-05 
 3.42164000e-02  2.50097780e+00  3.73735621e+00  2.40746911e+00  2.40818842e+00 -3.38379279e-05 
 3.42214000e-02  2.50098390e+00  3.73671252e+00  2.40683542e+00  2.40746887e+00 -3.38426115e-05 
 3.42264000e-02  2.50098903e+00  3.73616117e+00  2.40629404e+00  2.40684100e+00 -3.38466292e-05 
 3.42314000e-02  2.50099318e+00  3.73570272e+00  2.40584552e+00  2.40630543e+00 -3.38499769e-05 
 3.42364000e-02  2.50099635e+00  3.73533763e+00  2.40549031e+00  2.40586271e+00 -3.38526514e-05 
 3.42414000e-02  2.50099854e+00  3.73506626e+00  2.40522876e+00  2.40551328e+00 -3.38546498e-05 
 3.42464000e-02  2.50099974e+00  3.73488890e+00  2.40506113e+00  2.40525749e+00 -3.38559702e-05 
 3.42514000e-02  2.50099996e+00  3.73480570e+00  2.40498760e+00  2.40509560e+00 -3.38566112e-05 
 3.42564000e-02  2.50099919e+00  3.73481677e+00  2.40500824e+00  2.40502776e+00 -3.38565723e-05 
 3.42614000e-02  2.50099744e+00  3.73492209e+00  2.40512302e+00  2.40505406e+00 -3.38558534e-05 
 3.42664000e-02  2.50099470e+00  3.73512155e+00  2.40533183e+00  2.40517445e+00 -3.38544552e-05 
 3.42714000e-02  2.50099097e+00  3.73541495e+00  2.40563447e+00  2.40538883e+00 -3.38523793e-05 
 3.42764000e-02  2.50098627e+00  3.73580199e+00  2.40603063e+00  2.40569697e+00 -3.38496276e-05 
 3.42814000e-02  2.50098060e+00  3.73628230e+00  2.40651990e+00  2.40609856e+00 -3.38462030e-05 
 3.42864000e-02  2.50097396e+00  3.73685538e+00  2.40710180e+00  2.40659321e+00 -3.38421090e-05 
 3.42914000e-02  2.50096636e+00  3.73752065e+00  2.40777575e+00  2.40718041e+00 -3.38373495e-05 
 3.42964000e-02  2.50095780e+00  3.73827746e+00  2.40854106e+00  2.40785957e+00 -3.38319296e-05 
 3.43014000e-02  2.50094830e+00  3.73912504e+00  2.40939698e+00  2.40863002e+00 -3.38258546e-05 
 3.43064000e-02  2.50093786e+00  3.74006254e+00  2.41034263e+00  2.40949098e+00 -3.38191307e-05 
 3.43114000e-02  2.50092650e+00  3.74108902e+00  2.41137707e+00  2.41044158e+00 -3.38117646e-05 
 3.43164000e-02  2.50091423e+00  3.74220345e+00  2.41249926e+00  2.41148088e+00 -3.38037638e-05 
 3.43214000e-02  2.50090105e+00  3.74340470e+00  2.41370808e+00  2.41260782e+00 -3.37951364e-05 
 3.43264000e-02  2.50088698e+00  3.74469158e+00  2.41500231e+00  2.41382127e+00 -3.37858911e-05 
 3.43314000e-02  2.50087204e+00  3.74606279e+00  2.41638066e+00  2.41512003e+00 -3.37760371e-05 
 3.43364000e-02  2.50085623e+00  3.74751696e+00  2.41784173e+00  2.41650278e+00 -3.37655845e-05 
 3.43414000e-02  2.50083958e+00  3.74905263e+00  2.41938407e+00  2.41796814e+00 -3.37545437e-05 
 3.43464000e-02  2.50082210e+00  3.75066826e+00  2.42100613e+00  2.41951464e+00 -3.37429259e-05 
 3.43514000e-02  2.50080382e+00  3.75236222e+00  2.42270628e+00  2.42114073e+00 -3.37307427e-05 
 3.43564000e-02  2.50078473e+00  3.75413283e+00  2.42448283e+00  2.42284478e+00 -3.37180065e-05 
 3.43614000e-02  2.50076488e+00  3.75597830e+00  2.42633398e+00  2.42462507e+00 -3.37047300e-05 
 3.43664000e-02  2.50074426e+00  3.75789679e+00  2.42825788e+00  2.42647983e+00 -3.36909267e-05 
 3.43714000e-02  2.50072292e+00  3.75988637e+00  2.43025262e+00  2.42840721e+00 -3.36766104e-05 
 3.43764000e-02  2.50070086e+00  3.76194506e+00  2.43231618e+00  2.43040526e+00 -3.36617954e-05 
 3.43814000e-02  2.50067811e+00  3.76407079e+00  2.43444651e+00  2.43247198e+00 -3.36464968e-05 
 3.43864000e-02  2.50065469e+00  3.76626144e+00  2.43664147e+00  2.43460532e+00 -3.36307298e-05 
 3.43914000e-02  2.50063062e+00  3.76851482e+00  2.43889887e+00  2.43680313e+00 -3.36145103e-05 
 3.43964000e-02  2.50060593e+00  3.77082866e+00  2.44121644e+00  2.43906322e+00 -3.35978545e-05 
 3.44014000e-02  2.50058065e+00  3.77320066e+00  2.44359189e+00  2.44138332e+00 -3.35807792e-05 
 3.44064000e-02  2.50055479e+00  3.77562845e+00  2.44602282e+00  2.44376112e+00 -3.35633015e-05 
 3.44114000e-02  2.50052838e+00  3.77810961e+00  2.44850681e+00  2.44619424e+00 -3.35454389e-05 
 3.44164000e-02  2.50050145e+00  3.78064165e+00  2.45104139e+00  2.44868025e+00 -3.35272094e-05 
 3.44214000e-02  2.50047403e+00  3.78322204e+00  2.45362401e+00  2.45121667e+00 -3.35086311e-05 
 3.44264000e-02  2.50044614e+00  3.78584822e+00  2.45625212e+00  2.45380097e+00 -3.34897226e-05 
 3.44314000e-02  2.50041780e+00  3.78851757e+00  2.45892307e+00  2.45643057e+00 -3.34705028e-05 
 3.44364000e-02  2.50038906e+00  3.79122742e+00  2.46163422e+00  2.45910285e+00 -3.34509911e-05 
 3.44414000e-02  2.50035993e+00  3.79397507e+00  2.46438286e+00  2.46181513e+00 -3.34312068e-05 
 3.44464000e-02  2.50033045e+00  3.79675779e+00  2.46716626e+00  2.46456474e+00 -3.34111696e-05 
 3.44514000e-02  2.50030064e+00  3.79957281e+00  2.46998164e+00  2.46734891e+00 -3.33908997e-05 
 3.44564000e-02  2.50027053e+00  3.80241733e+00  2.47282620e+00  2.47016489e+00 -3.33704172e-05 
 3.44614000e-02  2.50024016e+00  3.80528852e+00  2.47569712e+00  2.47300987e+00 -3.33497424e-05 
 3.44664000e-02  2.50020955e+00  3.80818353e+00  2.47859154e+00  2.47588102e+00 -3.33288961e-05 
 3.44714000e-02  2.50017873e+00  3.81109948e+00  2.48150659e+00  2.47877549e+00 -3.33078988e-05 
 3.44764000e-02  2.50014774e+00  3.81403347e+00  2.48443937e+00  2.48169041e+00 -3.32867715e-05 
 3.44814000e-02  2.50011660e+00  3.81698260e+00  2.48738698e+00  2.48462289e+00 -3.32655352e-05 
 3.44864000e-02  2.50008535e+00  3.81994395e+00  2.49034649e+00  2.48757000e+00 -3.32442110e-05 
 3.44914000e-02  2.50005401e+00  3.82291458e+00  2.49331498e+00  2.49052884e+00 -3.32228199e-05 
 3.44964000e-02  2.50002262e+00  3.82589154e+00  2.49628949e+00  2.49349648e+00 -3.32013832e-05 
 3.45014000e-02  2.49999120e+00  3.82887190e+00  2.49926710e+00  2.49646996e+00 -3.31799221e-05 
 3.45064000e-02  2.49995980e+00  3.83185270e+00  2.50224485e+00  2.49944636e+00 -3.31584579e-05 
 3.45114000e-02  2.49992843e+00  3.83483100e+00  2.50521980e+00  2.50242272e+00 -3.31370117e-05 
 3.45164000e-02  2.49989714e+00  3.83780386e+00  2.50818901e+00  2.50539611e+00 -3.31156048e-05 
 3.45214000e-02  2.49986594e+00  3.84076834e+00  2.51114956e+00  2.50836360e+00 -3.30942582e-05 
 3.45264000e-02  2.49983488e+00  3.84372153e+00  2.51409853e+00  2.51132224e+00 -3.30729930e-05 
 3.45314000e-02  2.49980399e+00  3.84666051e+00  2.51703300e+00  2.51426913e+00 -3.30518302e-05 
 3.45364000e-02  2.49977328e+00  3.84958238e+00  2.51995010e+00  2.51720137e+00 -3.30307905e-05 
 3.45414000e-02  2.49974280e+00  3.85248428e+00  2.52284694e+00  2.52011606e+00 -3.30098946e-05 
 3.45464000e-02  2.49971257e+00  3.85536335e+00  2.52572069e+00  2.52301033e+00 -3.29891632e-05 
 3.45514000e-02  2.49968263e+00  3.85821676e+00  2.52856851e+00  2.52588135e+00 -3.29686164e-05 
 3.45564000e-02  2.49965300e+00  3.86104171e+00  2.53138761e+00  2.52872629e+00 -3.29482745e-05 
 3.45614000e-02  2.49962371e+00  3.86383542e+00  2.53417524e+00  2.53154236e+00 -3.29281573e-05 
 3.45664000e-02  2.49959479e+00  3.86659517e+00  2.53692864e+00  2.53432679e+00 -3.29082846e-05 
 3.45714000e-02  2.49956628e+00  3.86931824e+00  2.53964513e+00  2.53707686e+00 -3.28886758e-05 
 3.45764000e-02  2.49953819e+00  3.87200197e+00  2.54232205e+00  2.53978987e+00 -3.28693500e-05 
 3.45814000e-02  2.49951056e+00  3.87464373e+00  2.54495678e+00  2.54246317e+00 -3.28503261e-05 
 3.45864000e-02  2.49948341e+00  3.87724096e+00  2.54754675e+00  2.54509414e+00 -3.28316226e-05 
 3.45914000e-02  2.49945677e+00  3.87979110e+00  2.55008942e+00  2.54768021e+00 -3.28132578e-05 
 3.45964000e-02  2.49943066e+00  3.88229167e+00  2.55258232e+00  2.55021886e+00 -3.27952494e-05 
 3.46014000e-02  2.49940512e+00  3.88474023e+00  2.55502301e+00  2.55270761e+00 -3.27776150e-05 
 3.46064000e-02  2.49938017e+00  3.88713440e+00  2.55740912e+00  2.55514404e+00 -3.27603718e-05 
 3.46114000e-02  2.49935582e+00  3.88947184e+00  2.55973832e+00  2.55752576e+00 -3.27435363e-05 
 3.46164000e-02  2.49933212e+00  3.89175028e+00  2.56200836e+00  2.55985047e+00 -3.27271250e-05 
 3.46214000e-02  2.49930907e+00  3.89396752e+00  2.56421701e+00  2.56211590e+00 -3.27111538e-05 
 3.46264000e-02  2.49928670e+00  3.89612138e+00  2.56636214e+00  2.56431984e+00 -3.26956380e-05 
 3.46314000e-02  2.49926504e+00  3.89820979e+00  2.56844167e+00  2.56646016e+00 -3.26805927e-05 
 3.46364000e-02  2.49924410e+00  3.90023071e+00  2.57045357e+00  2.56853479e+00 -3.26660325e-05 
 3.46414000e-02  2.49922391e+00  3.90218219e+00  2.57239591e+00  2.57054170e+00 -3.26519712e-05 
 3.46464000e-02  2.49920448e+00  3.90406234e+00  2.57426678e+00  2.57247895e+00 -3.26384226e-05 
 3.46514000e-02  2.49918584e+00  3.90586933e+00  2.57606440e+00  2.57434467e+00 -3.26253997e-05 
 3.46564000e-02  2.49916801e+00  3.90760143e+00  2.57778700e+00  2.57613705e+00 -3.26129149e-05 
 3.46614000e-02  2.49915099e+00  3.90925695e+00  2.57943294e+00  2.57785436e+00 -3.26009803e-05 
 3.46664000e-02  2.49913481e+00  3.91083429e+00  2.58100062e+00  2.57949493e+00 -3.25896074e-05 
 3.46714000e-02  2.49911949e+00  3.91233193e+00  2.58248853e+00  2.58105719e+00 -3.25788071e-05 
 3.46764000e-02  2.49910503e+00  3.91374843e+00  2.58389523e+00  2.58253961e+00 -3.25685897e-05 
 3.46814000e-02  2.49909146e+00  3.91508242e+00  2.58521936e+00  2.58394078e+00 -3.25589651e-05 
 3.46864000e-02  2.49907879e+00  3.91633261e+00  2.58645965e+00  2.58525934e+00 -3.25499424e-05 
 3.46914000e-02  2.49906702e+00  3.91749780e+00  2.58761490e+00  2.58649401e+00 -3.25415304e-05 
 3.46964000e-02  2.49905618e+00  3.91857686e+00  2.58868400e+00  2.58764362e+00 -3.25337370e-05 
 3.47014000e-02  2.49904626e+00  3.91956876e+00  2.58966591e+00  2.58870705e+00 -3.25265697e-05 
 3.47064000e-02  2.49903729e+00  3.92047254e+00  2.59055971e+00  2.58968327e+00 -3.25200355e-05 
 3.47114000e-02  2.49902927e+00  3.92128733e+00  2.59136452e+00  2.59057136e+00 -3.25141404e-05 
 3.47164000e-02  2.49902220e+00  3.92201236e+00  2.59207957e+00  2.59137044e+00 -3.25088902e-05 
 3.47214000e-02  2.49901610e+00  3.92264691e+00  2.59270417e+00  2.59207977e+00 -3.25042899e-05 
 3.47264000e-02  2.49901097e+00  3.92319038e+00  2.59323772e+00  2.59269864e+00 -3.25003439e-05 
 3.47314000e-02  2.49900682e+00  3.92364225e+00  2.59367972e+00  2.59322648e+00 -3.24970559e-05 
 3.47364000e-02  2.49900365e+00  3.92400208e+00  2.59402973e+00  2.59366276e+00 -3.24944291e-05 
 3.47414000e-02  2.49900146e+00  3.92426953e+00  2.59428742e+00  2.59400708e+00 -3.24924660e-05 
 3.47464000e-02  2.49900026e+00  3.92444434e+00  2.59445254e+00  2.59425909e+00 -3.24911685e-05 
 3.47514000e-02  2.49900004e+00  3.92452634e+00  2.59452494e+00  2.59441857e+00 -3.24905378e-05 
 3.47564000e-02  2.49900081e+00  3.92451546e+00  2.59450453e+00  2.59448535e+00 -3.24905745e-05 
 3.47614000e-02  2.49900256e+00  3.92441170e+00  2.59439135e+00  2.59445937e+00 -3.24912785e-05 
 3.47664000e-02  2.49900530e+00  3.92421516e+00  2.59418551e+00  2.59434066e+00 -3.24926493e-05 
 3.47714000e-02  2.49900903e+00  3.92392603e+00  2.59388719e+00  2.59412933e+00 -3.24946856e-05 
 3.47764000e-02  2.49901373e+00  3.92354459e+00  2.59349668e+00  2.59382558e+00 -3.24973853e-05 
 3.47814000e-02  2.49901940e+00  3.92307121e+00  2.59301437e+00  2.59342971e+00 -3.25007459e-05 
 3.47864000e-02  2.49902604e+00  3.92250634e+00  2.59244071e+00  2.59294209e+00 -3.25047642e-05 
 3.47914000e-02  2.49903364e+00  3.92185052e+00  2.59177626e+00  2.59236320e+00 -3.25094363e-05 
 3.47964000e-02  2.49904220e+00  3.92110438e+00  2.59102165e+00  2.59169358e+00 -3.25147579e-05 
 3.48014000e-02  2.49905170e+00  3.92026864e+00  2.59017761e+00  2.59093389e+00 -3.25207239e-05 
 3.48064000e-02  2.49906214e+00  3.91934410e+00  2.58924495e+00  2.59008486e+00 -3.25273285e-05 
 3.48114000e-02  2.49907350e+00  3.91833166e+00  2.58822457e+00  2.58914729e+00 -3.25345654e-05 
 3.48164000e-02  2.49908577e+00  3.91723228e+00  2.58711745e+00  2.58812210e+00 -3.25424277e-05 
 3.48214000e-02  2.49909895e+00  3.91604703e+00  2.58592466e+00  2.58701026e+00 -3.25509080e-05 
 3.48264000e-02  2.49911302e+00  3.91477705e+00  2.58464735e+00  2.58581286e+00 -3.25599980e-05 
 3.48314000e-02  2.49912796e+00  3.91342355e+00  2.58328674e+00  2.58453104e+00 -3.25696891e-05 
 3.48364000e-02  2.49914377e+00  3.91198785e+00  2.58184415e+00  2.58316604e+00 -3.25799720e-05 
 3.48414000e-02  2.49916042e+00  3.91047134e+00  2.58032097e+00  2.58171918e+00 -3.25908369e-05 
 3.48464000e-02  2.49917790e+00  3.90887546e+00  2.57871867e+00  2.58019185e+00 -3.26022732e-05 
 3.48514000e-02  2.49919618e+00  3.90720177e+00  2.57703880e+00  2.57858552e+00 -3.26142702e-05 
 3.48564000e-02  2.49921527e+00  3.90545189e+00  2.57528298e+00  2.57690175e+00 -3.26268161e-05 
 3.48614000e-02  2.49923512e+00  3.90362750e+00  2.57345291e+00  2.57514217e+00 -3.26398990e-05 
 3.48664000e-02  2.49925574e+00  3.90173037e+00  2.57155037e+00  2.57330847e+00 -3.26535062e-05 
 3.48714000e-02  2.49927708e+00  3.89976233e+00  2.56957718e+00  2.57140243e+00 -3.26676247e-05 
 3.48764000e-02  2.49929914e+00  3.89772530e+00  2.56753527e+00  2.56942590e+00 -3.26822409e-05 
 3.48814000e-02  2.49932189e+00  3.89562124e+00  2.56542661e+00  2.56738079e+00 -3.26973406e-05 
 3.48864000e-02  2.49934531e+00  3.89345221e+00  2.56325325e+00  2.56526908e+00 -3.27129092e-05 
 3.48914000e-02  2.49936938e+00  3.89122029e+00  2.56101730e+00  2.56309283e+00 -3.27289318e-05 
 3.48964000e-02  2.49939407e+00  3.88892768e+00  2.55872093e+00  2.56085414e+00 -3.27453928e-05 
 3.49014000e-02  2.49941935e+00  3.88657658e+00  2.55636638e+00  2.55855519e+00 -3.27622763e-05 
 3.49064000e-02  2.49944521e+00  3.88416929e+00  2.55395594e+00  2.55619823e+00 -3.27795659e-05 
 3.49114000e-02  2.49947162e+00  3.88170816e+00  2.55149194e+00  2.55378553e+00 -3.27972448e-05 
 3.49164000e-02  2.49949855e+00  3.87919558e+00  2.54897680e+00  2.55131945e+00 -3.28152959e-05 
 3.49214000e-02  2.49952597e+00  3.87663400e+00  2.54641297e+00  2.54880239e+00 -3.28337017e-05 
 3.49264000e-02  2.49955386e+00  3.87402592e+00  2.54380295e+00  2.54623681e+00 -3.28524441e-05 
 3.49314000e-02  2.49958220e+00  3.87137389e+00  2.54114928e+00  2.54362522e+00 -3.28715051e-05 
 3.49364000e-02  2.49961094e+00  3.86868050e+00  2.53845457e+00  2.54097016e+00 -3.28908659e-05 
 3.49414000e-02  2.49964007e+00  3.86594840e+00  2.53572145e+00  2.53827422e+00 -3.29105077e-05 
 3.49464000e-02  2.49966955e+00  3.86318024e+00  2.53295259e+00  2.53554006e+00 -3.29304113e-05 
 3.49514000e-02  2.49969936e+00  3.86037874e+00  2.53015071e+00  2.53277033e+00 -3.29505573e-05 
 3.49564000e-02  2.49972947e+00  3.85754666e+00  2.52731856e+00  2.52996777e+00 -3.29709259e-05 
 3.49614000e-02  2.49975984e+00  3.85468676e+00  2.52445891e+00  2.52713510e+00 -3.29914971e-05 
 3.49664000e-02  2.49979045e+00  3.85180187e+00  2.52157457e+00  2.52427513e+00 -3.30122509e-05 
 3.49714000e-02  2.49982127e+00  3.84889481e+00  2.51866838e+00  2.52139065e+00 -3.30331668e-05 
 3.49764000e-02  2.49985226e+00  3.84596843e+00  2.51574319e+00  2.51848449e+00 -3.30542242e-05 
 3.49814000e-02  2.49988340e+00  3.84302564e+00  2.51280189e+00  2.51555953e+00 -3.30754026e-05 
 3.49864000e-02  2.49991465e+00  3.84006931e+00  2.50984738e+00  2.51261863e+00 -3.30966809e-05 
 3.49914000e-02  2.49994599e+00  3.83710237e+00  2.50688255e+00  2.50966469e+00 -3.31180384e-05 
 3.49964000e-02  2.49997738e+00  3.83412774e+00  2.50391034e+00  2.50670063e+00 -3.31394538e-05 
 3.50014000e-02  2.50000880e+00  3.83114835e+00  2.50093369e+00  2.50372937e+00 -3.31609061e-05 
 3.50064000e-02  2.50004020e+00  3.82816716e+00  2.49795553e+00  2.50075384e+00 -3.31823740e-05 
 3.50114000e-02  2.50007157e+00  3.82518711e+00  2.49497880e+00  2.49777698e+00 -3.32038364e-05 
 3.50164000e-02  2.50010286e+00  3.82221114e+00  2.49200646e+00  2.49480174e+00 -3.32252720e-05 
 3.50214000e-02  2.50013406e+00  3.81924220e+00  2.48904144e+00  2.49183105e+00 -3.32466596e-05 
 3.50264000e-02  2.50016512e+00  3.81628323e+00  2.48608668e+00  2.48886786e+00 -3.32679780e-05 
 3.50314000e-02  2.50019601e+00  3.81333716e+00  2.48314510e+00  2.48591510e+00 -3.32892059e-05 
 3.50364000e-02  2.50022672e+00  3.81040692e+00  2.48021963e+00  2.48297570e+00 -3.33103224e-05 
 3.50414000e-02  2.50025720e+00  3.80749541e+00  2.47731316e+00  2.48005257e+00 -3.33313065e-05 
 3.50464000e-02  2.50028743e+00  3.80460552e+00  2.47442859e+00  2.47714862e+00 -3.33521373e-05 
 3.50514000e-02  2.50031737e+00  3.80174012e+00  2.47156878e+00  2.47426672e+00 -3.33727941e-05 
 3.50564000e-02  2.50034700e+00  3.79890207e+00  2.46873657e+00  2.47140974e+00 -3.33932563e-05 
 3.50614000e-02  2.50037629e+00  3.79609418e+00  2.46593477e+00  2.46858052e+00 -3.34135035e-05 
 3.50664000e-02  2.50040521e+00  3.79331924e+00  2.46316618e+00  2.46578188e+00 -3.34335155e-05 
 3.50714000e-02  2.50043372e+00  3.79058002e+00  2.46043355e+00  2.46301659e+00 -3.34532724e-05 
 3.50764000e-02  2.50046181e+00  3.78787925e+00  2.45773960e+00  2.46028741e+00 -3.34727544e-05 
 3.50814000e-02  2.50048944e+00  3.78521962e+00  2.45508702e+00  2.45759706e+00 -3.34919421e-05 
 3.50864000e-02  2.50051659e+00  3.78260378e+00  2.45247845e+00  2.45494822e+00 -3.35108163e-05 
 3.50914000e-02  2.50054323e+00  3.78003434e+00  2.44991649e+00  2.45234353e+00 -3.35293581e-05 
 3.50964000e-02  2.50056934e+00  3.77751386e+00  2.44740370e+00  2.44978559e+00 -3.35475489e-05 
 3.51014000e-02  2.50059488e+00  3.77504486e+00  2.44494259e+00  2.44727695e+00 -3.35653706e-05 
 3.51064000e-02  2.50061983e+00  3.77262981e+00  2.44253562e+00  2.44482012e+00 -3.35828053e-05 
 3.51114000e-02  2.50064418e+00  3.77027111e+00  2.44018519e+00  2.44241754e+00 -3.35998355e-05 
 3.51164000e-02  2.50066788e+00  3.76797112e+00  2.43789364e+00  2.44007162e+00 -3.36164442e-05 
 3.51214000e-02  2.50069093e+00  3.76573215e+00  2.43566328e+00  2.43778470e+00 -3.36326146e-05 
 3.51264000e-02  2.50071330e+00  3.76355643e+00  2.43349633e+00  2.43555908e+00 -3.36483305e-05 
 3.51314000e-02  2.50073496e+00  3.76144613e+00  2.43139495e+00  2.43339697e+00 -3.36635762e-05 
 3.51364000e-02  2.50075590e+00  3.75940338e+00  2.42936126e+00  2.43130054e+00 -3.36783364e-05 
 3.51414000e-02  2.50077609e+00  3.75743022e+00  2.42739728e+00  2.42927188e+00 -3.36925962e-05 
 3.51464000e-02  2.50079552e+00  3.75552861e+00  2.42550499e+00  2.42731303e+00 -3.37063412e-05 
 3.51514000e-02  2.50081416e+00  3.75370047e+00  2.42368628e+00  2.42542595e+00 -3.37195577e-05 
 3.51564000e-02  2.50083199e+00  3.75194763e+00  2.42194297e+00  2.42361253e+00 -3.37322324e-05 
 3.51614000e-02  2.50084901e+00  3.75027184e+00  2.42027681e+00  2.42187458e+00 -3.37443525e-05 
 3.51664000e-02  2.50086519e+00  3.74867478e+00  2.41868946e+00  2.42021386e+00 -3.37559057e-05 
 3.51714000e-02  2.50088051e+00  3.74715806e+00  2.41718253e+00  2.41863201e+00 -3.37668806e-05 
 3.51764000e-02  2.50089497e+00  3.74572319e+00  2.41575752e+00  2.41713063e+00 -3.37772660e-05 
 3.51814000e-02  2.50090854e+00  3.74437162e+00  2.41441585e+00  2.41571122e+00 -3.37870514e-05 
 3.51864000e-02  2.50092121e+00  3.74310470e+00  2.41315889e+00  2.41437521e+00 -3.37962270e-05 
 3.51914000e-02  2.50093298e+00  3.74192369e+00  2.41198788e+00  2.41312394e+00 -3.38047836e-05 
 3.51964000e-02  2.50094382e+00  3.74082979e+00  2.41090400e+00  2.41195866e+00 -3.38127125e-05 
 3.52014000e-02  2.50095374e+00  3.73982410e+00  2.40990834e+00  2.41088054e+00 -3.38200057e-05 
 3.52064000e-02  2.50096271e+00  3.73890761e+00  2.40900190e+00  2.40989066e+00 -3.38266560e-05 
 3.52114000e-02  2.50097073e+00  3.73808126e+00  2.40818559e+00  2.40899002e+00 -3.38326564e-05 
 3.52164000e-02  2.50097780e+00  3.73734587e+00  2.40746023e+00  2.40817953e+00 -3.38380012e-05 
 3.52214000e-02  2.50098390e+00  3.73670218e+00  2.40682654e+00  2.40745998e+00 -3.38426847e-05 
 3.52264000e-02  2.50098903e+00  3.73615083e+00  2.40628517e+00  2.40683211e+00 -3.38467024e-05 
 3.52314000e-02  2.50099318e+00  3.73569239e+00  2.40583665e+00  2.40629655e+00 -3.38500501e-05 
 3.52364000e-02  2.50099635e+00  3.73532730e+00  2.40548144e+00  2.40585384e+00 -3.38527245e-05 
 3.52414000e-02  2.50099854e+00  3.73505594e+00  2.40521989e+00  2.40550441e+00 -3.38547229e-05 
 3.52464000e-02  2.50099974e+00  3.73487857e+00  2.40505227e+00  2.40524863e+00 -3.38560433e-05 
 3.52514000e-02  2.50099996e+00  3.73479539e+00  2.40497874e+00  2.40508674e+00 -3.38566843e-05 
 3.52564000e-02  2.50099919e+00  3.73480646e+00  2.40499939e+00  2.40501891e+00 -3.38566453e-05 
 3.52614000e-02  2.50099744e+00  3.73491178e+00  2.40511417e+00  2.40504521e+00 -3.38559264e-05 
 3.52664000e-02  2.50099470e+00  3.73511124e+00  2.40532299e+00  2.40516561e+00 -3.38545282e-05 
 3.52714000e-02  2.50099097e+00  3.73540465e+00  2.40562564e+00  2.40537999e+00 -3.38524522e-05 
 3.52764000e-02  2.50098627e+00  3.73579170e+00  2.40602180e+00  2.40568813e+00 -3.38497005e-05 
 3.52814000e-02  2.50098060e+00  3.73627200e+00  2.40651107e+00  2.40608973e+00 -3.38462759e-05 
 3.52864000e-02  2.50097396e+00  3.73684509e+00  2.40709298e+00  2.40658438e+00 -3.38421818e-05 
 3.52914000e-02  2.50096636e+00  3.73751037e+00  2.40776694e+00  2.40717159e+00 -3.38374223e-05 
 3.52964000e-02  2.50095780e+00  3.73826718e+00  2.40853225e+00  2.40785076e+00 -3.38320024e-05 
 3.53014000e-02  2.50094830e+00  3.73911477e+00  2.40938817e+00  2.40862121e+00 -3.38259273e-05 
 3.53064000e-02  2.50093786e+00  3.74005227e+00  2.41033383e+00  2.40948218e+00 -3.38192034e-05 
 3.53114000e-02  2.50092650e+00  3.74107875e+00  2.41136828e+00  2.41043278e+00 -3.38118373e-05 
 3.53164000e-02  2.50091423e+00  3.74219318e+00  2.41249047e+00  2.41147208e+00 -3.38038365e-05 
 3.53214000e-02  2.50090105e+00  3.74339444e+00  2.41369930e+00  2.41259903e+00 -3.37952090e-05 
 3.53264000e-02  2.50088698e+00  3.74468133e+00  2.41499353e+00  2.41381249e+00 -3.37859636e-05 
 3.53314000e-02  2.50087204e+00  3.74605255e+00  2.41637188e+00  2.41511125e+00 -3.37761096e-05 
 3.53364000e-02  2.50085623e+00  3.74750672e+00  2.41783296e+00  2.41649401e+00 -3.37656569e-05 
 3.53414000e-02  2.50083958e+00  3.74904239e+00  2.41937531e+00  2.41795938e+00 -3.37546161e-05 
 3.53464000e-02  2.50082210e+00  3.75065802e+00  2.42099738e+00  2.41950588e+00 -3.37429982e-05 
 3.53514000e-02  2.50080382e+00  3.75235199e+00  2.42269754e+00  2.42113198e+00 -3.37308151e-05 
 3.53564000e-02  2.50078473e+00  3.75412260e+00  2.42447408e+00  2.42283603e+00 -3.37180788e-05 
 3.53614000e-02  2.50076488e+00  3.75596808e+00  2.42632524e+00  2.42461633e+00 -3.37048023e-05 
 3.53664000e-02  2.50074426e+00  3.75788657e+00  2.42824915e+00  2.42647110e+00 -3.36909989e-05 
 3.53714000e-02  2.50072292e+00  3.75987617e+00  2.43024389e+00  2.42839848e+00 -3.36766826e-05 
 3.53764000e-02  2.50070086e+00  3.76193486e+00  2.43230746e+00  2.43039653e+00 -3.36618676e-05 
 3.53814000e-02  2.50067811e+00  3.76406060e+00  2.43443779e+00  2.43246326e+00 -3.36465689e-05 
 3.53864000e-02  2.50065469e+00  3.76625125e+00  2.43663276e+00  2.43459661e+00 -3.36308018e-05 
 3.53914000e-02  2.50063062e+00  3.76850463e+00  2.43889017e+00  2.43679442e+00 -3.36145823e-05 
 3.53964000e-02  2.50060593e+00  3.77081848e+00  2.44120775e+00  2.43905452e+00 -3.35979265e-05 
 3.54014000e-02  2.50058065e+00  3.77319049e+00  2.44358320e+00  2.44137463e+00 -3.35808511e-05 
 3.54064000e-02  2.50055479e+00  3.77561828e+00  2.44601414e+00  2.44375243e+00 -3.35633734e-05 
 3.54114000e-02  2.50052838e+00  3.77809944e+00  2.44849814e+00  2.44618556e+00 -3.35455108e-05 
 3.54164000e-02  2.50050145e+00  3.78063149e+00  2.45103272e+00  2.44867158e+00 -3.35272812e-05 
 3.54214000e-02  2.50047403e+00  3.78321189e+00  2.45361535e+00  2.45120801e+00 -3.35087028e-05 
 3.54264000e-02  2.50044614e+00  3.78583807e+00  2.45624346e+00  2.45379231e+00 -3.34897943e-05 
 3.54314000e-02  2.50041780e+00  3.78850743e+00  2.45891442e+00  2.45642192e+00 -3.34705745e-05 
 3.54364000e-02  2.50038906e+00  3.79121728e+00  2.46162558e+00  2.45909420e+00 -3.34510627e-05 
 3.54414000e-02  2.50035993e+00  3.79396494e+00  2.46437423e+00  2.46180649e+00 -3.34312783e-05 
 3.54464000e-02  2.50033045e+00  3.79674767e+00  2.46715763e+00  2.46455610e+00 -3.34112412e-05 
 3.54514000e-02  2.50030064e+00  3.79956270e+00  2.46997301e+00  2.46734028e+00 -3.33909712e-05 
 3.54564000e-02  2.50027053e+00  3.80240722e+00  2.47281758e+00  2.47015627e+00 -3.33704886e-05 
 3.54614000e-02  2.50024016e+00  3.80527842e+00  2.47568851e+00  2.47300125e+00 -3.33498138e-05 
 3.54664000e-02  2.50020955e+00  3.80817343e+00  2.47858294e+00  2.47587241e+00 -3.33289674e-05 
 3.54714000e-02  2.50017873e+00  3.81108938e+00  2.48149799e+00  2.47876689e+00 -3.33079701e-05 
 3.54764000e-02  2.50014774e+00  3.81402338e+00  2.48443078e+00  2.48168182e+00 -3.32868427e-05 
 3.54814000e-02  2.50011660e+00  3.81697252e+00  2.48737840e+00  2.48461430e+00 -3.32656064e-05 
 3.54864000e-02  2.50008535e+00  3.81993387e+00  2.49033792e+00  2.48756142e+00 -3.32442821e-05 
 3.54914000e-02  2.50005401e+00  3.82290451e+00  2.49330641e+00  2.49052027e+00 -3.32228910e-05 
 3.54964000e-02  2.50002262e+00  3.82588148e+00  2.49628093e+00  2.49348791e+00 -3.32014542e-05 
 3.55014000e-02  2.49999120e+00  3.82886184e+00  2.49925854e+00  2.49646140e+00 -3.31799931e-05 
 3.55064000e-02  2.49995980e+00  3.83184265e+00  2.50223630e+00  2.49943780e+00 -3.31585288e-05 
 3.55114000e-02  2.49992843e+00  3.83482095e+00  2.50521126e+00  2.50241417e+00 -3.31370826e-05 
 3.55164000e-02  2.49989714e+00  3.83779382e+00  2.50818048e+00  2.50538757e+00 -3.31156756e-05 
 3.55214000e-02  2.49986594e+00  3.84075831e+00  2.51114104e+00  2.50835506e+00 -3.30943290e-05 
 3.55264000e-02  2.49983488e+00  3.84371150e+00  2.51409001e+00  2.51131372e+00 -3.30730637e-05 
 3.55314000e-02  2.49980399e+00  3.84665049e+00  2.51702449e+00  2.51426062e+00 -3.30519008e-05 
 3.55364000e-02  2.49977328e+00  3.84957237e+00  2.51994159e+00  2.51719286e+00 -3.30308611e-05 
 3.55414000e-02  2.49974280e+00  3.85247427e+00  2.52283844e+00  2.52010755e+00 -3.30099652e-05 
 3.55464000e-02  2.49971257e+00  3.85535335e+00  2.52571220e+00  2.52300184e+00 -3.29892337e-05 
 3.55514000e-02  2.49968263e+00  3.85820676e+00  2.52856003e+00  2.52587286e+00 -3.29686869e-05 
 3.55564000e-02  2.49965300e+00  3.86103171e+00  2.53137914e+00  2.52871781e+00 -3.29483449e-05 
 3.55614000e-02  2.49962371e+00  3.86382544e+00  2.53416676e+00  2.53153388e+00 -3.29282277e-05 
 3.55664000e-02  2.49959479e+00  3.86658519e+00  2.53692018e+00  2.53431832e+00 -3.29083550e-05 
 3.55714000e-02  2.49956628e+00  3.86930826e+00  2.53963667e+00  2.53706839e+00 -3.28887461e-05 
 3.55764000e-02  2.49953819e+00  3.87199200e+00  2.54231360e+00  2.53978141e+00 -3.28694203e-05 
 3.55814000e-02  2.49951056e+00  3.87463377e+00  2.54494834e+00  2.54245472e+00 -3.28503963e-05 
 3.55864000e-02  2.49948341e+00  3.87723100e+00  2.54753831e+00  2.54508569e+00 -3.28316928e-05 
 3.55914000e-02  2.49945677e+00  3.87978115e+00  2.55008099e+00  2.54767177e+00 -3.28133279e-05 
 3.55964000e-02  2.49943066e+00  3.88228172e+00  2.55257389e+00  2.55021043e+00 -3.27953194e-05 
 3.56014000e-02  2.49940512e+00  3.88473029e+00  2.55501459e+00  2.55269919e+00 -3.27776850e-05 
 3.56064000e-02  2.49938017e+00  3.88712446e+00  2.55740071e+00  2.55513562e+00 -3.27604417e-05 
 3.56114000e-02  2.49935582e+00  3.88946191e+00  2.55972992e+00  2.55751735e+00 -3.27436062e-05 
 3.56164000e-02  2.49933212e+00  3.89174036e+00  2.56199996e+00  2.55984207e+00 -3.27271949e-05 
 3.56214000e-02  2.49930907e+00  3.89395760e+00  2.56420862e+00  2.56210750e+00 -3.27112236e-05 
 3.56264000e-02  2.49928670e+00  3.89611147e+00  2.56635376e+00  2.56431145e+00 -3.26957078e-05 
 3.56314000e-02  2.49926504e+00  3.89819988e+00  2.56843329e+00  2.56645178e+00 -3.26806624e-05 
 3.56364000e-02  2.49924410e+00  3.90022081e+00  2.57044520e+00  2.56852641e+00 -3.26661021e-05 
 3.56414000e-02  2.49922391e+00  3.90217230e+00  2.57238754e+00  2.57053333e+00 -3.26520409e-05 
 3.56464000e-02  2.49920448e+00  3.90405245e+00  2.57425842e+00  2.57247059e+00 -3.26384922e-05 
 3.56514000e-02  2.49918584e+00  3.90585945e+00  2.57605604e+00  2.57433631e+00 -3.26254692e-05 
 3.56564000e-02  2.49916801e+00  3.90759155e+00  2.57777866e+00  2.57612870e+00 -3.26129844e-05 
 3.56614000e-02  2.49915099e+00  3.90924707e+00  2.57942460e+00  2.57784601e+00 -3.26010498e-05 
 3.56664000e-02  2.49913481e+00  3.91082442e+00  2.58099229e+00  2.57948659e+00 -3.25896768e-05 
 3.56714000e-02  2.49911949e+00  3.91232207e+00  2.58248020e+00  2.58104885e+00 -3.25788765e-05 
 3.56764000e-02  2.49910503e+00  3.91373857e+00  2.58388691e+00  2.58253128e+00 -3.25686590e-05 
 3.56814000e-02  2.49909146e+00  3.91507257e+00  2.58521104e+00  2.58393246e+00 -3.25590344e-05 
 3.56864000e-02  2.49907879e+00  3.91632276e+00  2.58645134e+00  2.58525102e+00 -3.25500117e-05 
 3.56914000e-02  2.49906702e+00  3.91748795e+00  2.58760659e+00  2.58648570e+00 -3.25415996e-05 
 3.56964000e-02  2.49905618e+00  3.91856702e+00  2.58867570e+00  2.58763531e+00 -3.25338062e-05 
 3.57014000e-02  2.49904626e+00  3.91955893e+00  2.58965762e+00  2.58869875e+00 -3.25266389e-05 
 3.57064000e-02  2.49903729e+00  3.92046271e+00  2.59055142e+00  2.58967498e+00 -3.25201046e-05 
 3.57114000e-02  2.49902927e+00  3.92127751e+00  2.59135623e+00  2.59056307e+00 -3.25142095e-05 
 3.57164000e-02  2.49902220e+00  3.92200254e+00  2.59207129e+00  2.59136216e+00 -3.25089593e-05 
 3.57214000e-02  2.49901610e+00  3.92263709e+00  2.59269590e+00  2.59207149e+00 -3.25043589e-05 
 3.57264000e-02  2.49901097e+00  3.92318057e+00  2.59322946e+00  2.59269037e+00 -3.25004129e-05 
 3.57314000e-02  2.49900682e+00  3.92363244e+00  2.59367146e+00  2.59321821e+00 -3.24971248e-05 
 3.57364000e-02  2.49900365e+00  3.92399228e+00  2.59402147e+00  2.59365450e+00 -3.24944980e-05 
 3.57414000e-02  2.49900146e+00  3.92425973e+00  2.59427917e+00  2.59399882e+00 -3.24925349e-05 
 3.57464000e-02  2.49900026e+00  3.92443455e+00  2.59444429e+00  2.59425084e+00 -3.24912373e-05 
 3.57514000e-02  2.49900004e+00  3.92451655e+00  2.59451669e+00  2.59441032e+00 -3.24906066e-05 
 3.57564000e-02  2.49900081e+00  3.92450567e+00  2.59449630e+00  2.59447711e+00 -3.24906432e-05 
 3.57614000e-02  2.49900256e+00  3.92440192e+00  2.59438312e+00  2.59445114e+00 -3.24913473e-05 
 3.57664000e-02  2.49900530e+00  3.92420538e+00  2.59417728e+00  2.59433243e+00 -3.24927181e-05 
 3.57714000e-02  2.49900903e+00  3.92391626e+00  2.59387896e+00  2.59412110e+00 -3.24947542e-05 
 3.57764000e-02  2.49901373e+00  3.92353482e+00  2.59348846e+00  2.59381736e+00 -3.24974539e-05 
 3.57814000e-02  2.49901940e+00  3.92306144e+00  2.59300615e+00  2.59342149e+00 -3.25008145e-05 
 3.57864000e-02  2.49902604e+00  3.92249657e+00  2.59243250e+00  2.59293388e+00 -3.25048328e-05 
 3.57914000e-02  2.49903364e+00  3.92184075e+00  2.59176805e+00  2.59235499e+00 -3.25095049e-05 
 3.57964000e-02  2.49904220e+00  3.92109462e+00  2.59101344e+00  2.59168537e+00 -3.25148265e-05 
 3.58014000e-02  2.49905170e+00  3.92025888e+00  2.59016941e+00  2.59092569e+00 -3.25207924e-05 
 3.58064000e-02  2.49906214e+00  3.91933435e+00  2.58923675e+00  2.59007665e+00 -3.25273970e-05 
 3.58114000e-02  2.49907350e+00  3.91832191e+00  2.58821638e+00  2.58913909e+00 -3.25346339e-05 
 3.58164000e-02  2.49908577e+00  3.91722253e+00  2.58710926e+00  2.58811390e+00 -3.25424962e-05 
 3.58214000e-02  2.49909895e+00  3.91603728e+00  2.58591647e+00  2.58700207e+00 -3.25509764e-05 
 3.58264000e-02  2.49911302e+00  3.91476730e+00  2.58463916e+00  2.58580467e+00 -3.25600664e-05 
 3.58314000e-02  2.49912796e+00  3.91341381e+00  2.58327856e+00  2.58452286e+00 -3.25697575e-05 
 3.58364000e-02  2.49914377e+00  3.91197812e+00  2.58183597e+00  2.58315786e+00 -3.25800404e-05 
 3.58414000e-02  2.49916042e+00  3.91046160e+00  2.58031279e+00  2.58171100e+00 -3.25909053e-05 
 3.58464000e-02  2.49917790e+00  3.90886573e+00  2.57871050e+00  2.58018367e+00 -3.26023416e-05 
 3.58514000e-02  2.49919618e+00  3.90719204e+00  2.57703063e+00  2.57857735e+00 -3.26143385e-05 
 3.58564000e-02  2.49921527e+00  3.90544216e+00  2.57527482e+00  2.57689358e+00 -3.26268844e-05 
 3.58614000e-02  2.49923512e+00  3.90361777e+00  2.57344475e+00  2.57513400e+00 -3.26399673e-05 
 3.58664000e-02  2.49925574e+00  3.90172064e+00  2.57154221e+00  2.57330031e+00 -3.26535745e-05 
 3.58714000e-02  2.49927708e+00  3.89975261e+00  2.56956902e+00  2.57139427e+00 -3.26676930e-05 
 3.58764000e-02  2.49929914e+00  3.89771558e+00  2.56752711e+00  2.56941774e+00 -3.26823092e-05 
 3.58814000e-02  2.49932189e+00  3.89561152e+00  2.56541846e+00  2.56737263e+00 -3.26974088e-05 
 3.58864000e-02  2.49934531e+00  3.89344249e+00  2.56324510e+00  2.56526093e+00 -3.27129775e-05 
 3.58914000e-02  2.49936938e+00  3.89121058e+00  2.56100916e+00  2.56308468e+00 -3.27290001e-05 
 3.58964000e-02  2.49939407e+00  3.88891796e+00  2.55871279e+00  2.56084600e+00 -3.27454611e-05 
 3.59014000e-02  2.49941935e+00  3.88656687e+00  2.55635824e+00  2.55854705e+00 -3.27623445e-05 
 3.59064000e-02  2.49944521e+00  3.88415958e+00  2.55394780e+00  2.55619009e+00 -3.27796341e-05 
 3.59114000e-02  2.49947162e+00  3.88169845e+00  2.55148381e+00  2.55377739e+00 -3.27973130e-05 
 3.59164000e-02  2.49949855e+00  3.87918587e+00  2.54896867e+00  2.55131131e+00 -3.28153641e-05 
 3.59214000e-02  2.49952597e+00  3.87662429e+00  2.54640484e+00  2.54879426e+00 -3.28337699e-05 
 3.59264000e-02  2.49955386e+00  3.87401622e+00  2.54379482e+00  2.54622868e+00 -3.28525123e-05 
 3.59314000e-02  2.49958220e+00  3.87136419e+00  2.54114116e+00  2.54361709e+00 -3.28715733e-05 
 3.59364000e-02  2.49961094e+00  3.86867080e+00  2.53844645e+00  2.54096203e+00 -3.28909341e-05 
 3.59414000e-02  2.49964007e+00  3.86593870e+00  2.53571333e+00  2.53826610e+00 -3.29105759e-05 
 3.59464000e-02  2.49966955e+00  3.86317054e+00  2.53294448e+00  2.53553194e+00 -3.29304795e-05 
 3.59514000e-02  2.49969936e+00  3.86036905e+00  2.53014260e+00  2.53276221e+00 -3.29506254e-05 
 3.59564000e-02  2.49972947e+00  3.85753697e+00  2.52731045e+00  2.52995965e+00 -3.29709940e-05 
 3.59614000e-02  2.49975984e+00  3.85467707e+00  2.52445080e+00  2.52712699e+00 -3.29915653e-05 
 3.59664000e-02  2.49979045e+00  3.85179218e+00  2.52156646e+00  2.52426702e+00 -3.30123190e-05 
 3.59714000e-02  2.49982127e+00  3.84888512e+00  2.51866027e+00  2.52138254e+00 -3.30332349e-05 
 3.59764000e-02  2.49985226e+00  3.84595875e+00  2.51573509e+00  2.51847639e+00 -3.30542924e-05 
 3.59814000e-02  2.49988340e+00  3.84301595e+00  2.51279379e+00  2.51555143e+00 -3.30754707e-05 
 3.59864000e-02  2.49991465e+00  3.84005963e+00  2.50983928e+00  2.51261053e+00 -3.30967490e-05 
 3.59914000e-02  2.49994599e+00  3.83709268e+00  2.50687445e+00  2.50965660e+00 -3.31181065e-05 
 3.59964000e-02  2.49997738e+00  3.83411806e+00  2.50390225e+00  2.50669254e+00 -3.31395219e-05 
 3.60014000e-02  2.50000880e+00  3.83113867e+00  2.50092560e+00  2.50372128e+00 -3.31609741e-05 
 3.60064000e-02  2.50004020e+00  3.82815748e+00  2.49794744e+00  2.50074575e+00 -3.31824421e-05 
 3.60114000e-02  2.50007157e+00  3.82517743e+00  2.49497072e+00  2.49776890e+00 -3.32039045e-05 
 3.60164000e-02  2.50010286e+00  3.82220146e+00  2.49199838e+00  2.49479365e+00 -3.32253401e-05 
 3.60214000e-02  2.50013406e+00  3.81923252e+00  2.48903336e+00  2.49182297e+00 -3.32467276e-05 
 3.60264000e-02  2.50016512e+00  3.81627355e+00  2.48607860e+00  2.48885978e+00 -3.32680460e-05 
 3.60314000e-02  2.50019601e+00  3.81332749e+00  2.48313702e+00  2.48590702e+00 -3.32892739e-05 
 3.60364000e-02  2.50022672e+00  3.81039725e+00  2.48021155e+00  2.48296762e+00 -3.33103904e-05 
 3.60414000e-02  2.50025720e+00  3.80748574e+00  2.47730509e+00  2.48004450e+00 -3.33313745e-05 
 3.60464000e-02  2.50028743e+00  3.80459585e+00  2.47442052e+00  2.47714055e+00 -3.33522053e-05 
 3.60514000e-02  2.50031737e+00  3.80173046e+00  2.47156071e+00  2.47425865e+00 -3.33728621e-05 
 3.60564000e-02  2.50034700e+00  3.79889241e+00  2.46872850e+00  2.47140168e+00 -3.33933242e-05 
 3.60614000e-02  2.50037629e+00  3.79608452e+00  2.46592671e+00  2.46857246e+00 -3.34135714e-05 
 3.60664000e-02  2.50040521e+00  3.79330958e+00  2.46315812e+00  2.46577382e+00 -3.34335834e-05 
 3.60714000e-02  2.50043372e+00  3.79057037e+00  2.46042549e+00  2.46300853e+00 -3.34533403e-05 
 3.60764000e-02  2.50046181e+00  3.78786960e+00  2.45773155e+00  2.46027936e+00 -3.34728223e-05 
 3.60814000e-02  2.50048944e+00  3.78520997e+00  2.45507897e+00  2.45758901e+00 -3.34920100e-05 
 3.60864000e-02  2.50051659e+00  3.78259414e+00  2.45247040e+00  2.45494017e+00 -3.35108842e-05 
 3.60914000e-02  2.50054323e+00  3.78002470e+00  2.44990845e+00  2.45233549e+00 -3.35294259e-05 
 3.60964000e-02  2.50056934e+00  3.77750422e+00  2.44739566e+00  2.44977755e+00 -3.35476168e-05 
 3.61014000e-02  2.50059488e+00  3.77503522e+00  2.44493456e+00  2.44726891e+00 -3.35654385e-05 
 3.61064000e-02  2.50061983e+00  3.77262017e+00  2.44252758e+00  2.44481208e+00 -3.35828731e-05 
 3.61114000e-02  2.50064418e+00  3.77026147e+00  2.44017715e+00  2.44240950e+00 -3.35999033e-05 
 3.61164000e-02  2.50066788e+00  3.76796148e+00  2.43788561e+00  2.44006359e+00 -3.36165120e-05 
 3.61214000e-02  2.50069093e+00  3.76572251e+00  2.43565525e+00  2.43777667e+00 -3.36326823e-05 
 3.61264000e-02  2.50071330e+00  3.76354679e+00  2.43348830e+00  2.43555105e+00 -3.36483983e-05 
 3.61314000e-02  2.50073496e+00  3.76143651e+00  2.43138693e+00  2.43338894e+00 -3.36636440e-05 
 3.61364000e-02  2.50075590e+00  3.75939376e+00  2.42935324e+00  2.43129252e+00 -3.36784041e-05 
 3.61414000e-02  2.50077609e+00  3.75742059e+00  2.42738927e+00  2.42926386e+00 -3.36926639e-05 
 3.61464000e-02  2.50079552e+00  3.75551899e+00  2.42549698e+00  2.42730502e+00 -3.37064089e-05 
 3.61514000e-02  2.50081416e+00  3.75369085e+00  2.42367827e+00  2.42541794e+00 -3.37196254e-05 
 3.61564000e-02  2.50083199e+00  3.75193801e+00  2.42193497e+00  2.42360452e+00 -3.37323001e-05 
 3.61614000e-02  2.50084901e+00  3.75026223e+00  2.42026881e+00  2.42186658e+00 -3.37444201e-05 
 3.61664000e-02  2.50086519e+00  3.74866517e+00  2.41868147e+00  2.42020586e+00 -3.37559734e-05 
 3.61714000e-02  2.50088051e+00  3.74714845e+00  2.41717454e+00  2.41862401e+00 -3.37669482e-05 
 3.61764000e-02  2.50089497e+00  3.74571359e+00  2.41574953e+00  2.41712264e+00 -3.37773335e-05 
 3.61814000e-02  2.50090854e+00  3.74436202e+00  2.41440787e+00  2.41570323e+00 -3.37871189e-05 
 3.61864000e-02  2.50092121e+00  3.74309510e+00  2.41315090e+00  2.41436723e+00 -3.37962945e-05 
 3.61914000e-02  2.50093298e+00  3.74191410e+00  2.41197990e+00  2.41311596e+00 -3.38048511e-05 
 3.61964000e-02  2.50094382e+00  3.74082020e+00  2.41089602e+00  2.41195068e+00 -3.38127800e-05 
 3.62014000e-02  2.50095374e+00  3.73981451e+00  2.40990037e+00  2.41087257e+00 -3.38200732e-05 
 3.62064000e-02  2.50096271e+00  3.73889803e+00  2.40899393e+00  2.40988269e+00 -3.38267234e-05 
 3.62114000e-02  2.50097073e+00  3.73807168e+00  2.40817763e+00  2.40898206e+00 -3.38327239e-05 
 3.62164000e-02  2.50097780e+00  3.73733629e+00  2.40745227e+00  2.40817156e+00 -3.38380686e-05 
 3.62214000e-02  2.50098390e+00  3.73669260e+00  2.40681859e+00  2.40745202e+00 -3.38427521e-05 
 3.62264000e-02  2.50098903e+00  3.73614126e+00  2.40627722e+00  2.40682416e+00 -3.38467697e-05 
 3.62314000e-02  2.50099318e+00  3.73568282e+00  2.40582870e+00  2.40628860e+00 -3.38501174e-05 
 3.62364000e-02  2.50099635e+00  3.73531773e+00  2.40547350e+00  2.40584589e+00 -3.38527918e-05 
 3.62414000e-02  2.50099854e+00  3.73504638e+00  2.40521196e+00  2.40549647e+00 -3.38547902e-05 
 3.62464000e-02  2.50099974e+00  3.73486902e+00  2.40504434e+00  2.40524069e+00 -3.38561105e-05 
 3.62514000e-02  2.50099996e+00  3.73478583e+00  2.40497082e+00  2.40507881e+00 -3.38567515e-05 
 3.62564000e-02  2.50099919e+00  3.73479691e+00  2.40499146e+00  2.40501098e+00 -3.38567125e-05 
 3.62614000e-02  2.50099744e+00  3.73490223e+00  2.40510626e+00  2.40503729e+00 -3.38559935e-05 
 3.62664000e-02  2.50099470e+00  3.73510170e+00  2.40531508e+00  2.40515769e+00 -3.38545953e-05 
 3.62714000e-02  2.50099097e+00  3.73539511e+00  2.40561773e+00  2.40537207e+00 -3.38525193e-05 
 3.62764000e-02  2.50098627e+00  3.73578216e+00  2.40601389e+00  2.40568022e+00 -3.38497676e-05 
 3.62814000e-02  2.50098060e+00  3.73626247e+00  2.40650318e+00  2.40608183e+00 -3.38463429e-05 
 3.62864000e-02  2.50097396e+00  3.73683556e+00  2.40708509e+00  2.40657648e+00 -3.38422488e-05 
 3.62914000e-02  2.50096636e+00  3.73750085e+00  2.40775904e+00  2.40716369e+00 -3.38374893e-05 
 3.62964000e-02  2.50095780e+00  3.73825766e+00  2.40852437e+00  2.40784287e+00 -3.38320693e-05 
 3.63014000e-02  2.50094830e+00  3.73910525e+00  2.40938029e+00  2.40861333e+00 -3.38259942e-05 
 3.63064000e-02  2.50093786e+00  3.74004276e+00  2.41032595e+00  2.40947430e+00 -3.38192703e-05 
 3.63114000e-02  2.50092650e+00  3.74106925e+00  2.41136041e+00  2.41042491e+00 -3.38119041e-05 
 3.63164000e-02  2.50091423e+00  3.74218368e+00  2.41248261e+00  2.41146421e+00 -3.38039033e-05 
 3.63214000e-02  2.50090105e+00  3.74338495e+00  2.41369144e+00  2.41259117e+00 -3.37952758e-05 
 3.63264000e-02  2.50088698e+00  3.74467183e+00  2.41498568e+00  2.41380463e+00 -3.37860304e-05 
 3.63314000e-02  2.50087204e+00  3.74604306e+00  2.41636403e+00  2.41510340e+00 -3.37761763e-05 
 3.63364000e-02  2.50085623e+00  3.74749723e+00  2.41782512e+00  2.41648616e+00 -3.37657236e-05 
 3.63414000e-02  2.50083958e+00  3.74903291e+00  2.41936747e+00  2.41795153e+00 -3.37546827e-05 
 3.63464000e-02  2.50082210e+00  3.75064855e+00  2.42098954e+00  2.41949804e+00 -3.37430648e-05 
 3.63514000e-02  2.50080382e+00  3.75234252e+00  2.42268971e+00  2.42112414e+00 -3.37308816e-05 
 3.63564000e-02  2.50078473e+00  3.75411314e+00  2.42446626e+00  2.42282820e+00 -3.37181453e-05 
 3.63614000e-02  2.50076488e+00  3.75595862e+00  2.42631742e+00  2.42460851e+00 -3.37048688e-05 
 3.63664000e-02  2.50074426e+00  3.75787712e+00  2.42824134e+00  2.42646328e+00 -3.36910654e-05 
 3.63714000e-02  2.50072292e+00  3.75986671e+00  2.43023609e+00  2.42839066e+00 -3.36767490e-05 
 3.63764000e-02  2.50070086e+00  3.76192541e+00  2.43229966e+00  2.43038873e+00 -3.36619339e-05 
 3.63814000e-02  2.50067811e+00  3.76405116e+00  2.43443000e+00  2.43245546e+00 -3.36466352e-05 
 3.63864000e-02  2.50065469e+00  3.76624181e+00  2.43662497e+00  2.43458881e+00 -3.36308681e-05 
 3.63914000e-02  2.50063062e+00  3.76849520e+00  2.43888238e+00  2.43678664e+00 -3.36146485e-05 
 3.63964000e-02  2.50060593e+00  3.77080905e+00  2.44119997e+00  2.43904673e+00 -3.35979927e-05 
 3.64014000e-02  2.50058065e+00  3.77318107e+00  2.44357543e+00  2.44136685e+00 -3.35809173e-05 
 3.64064000e-02  2.50055479e+00  3.77560887e+00  2.44600637e+00  2.44374466e+00 -3.35634395e-05 
 3.64114000e-02  2.50052838e+00  3.77809003e+00  2.44849038e+00  2.44617780e+00 -3.35455769e-05 
 3.64164000e-02  2.50050145e+00  3.78062208e+00  2.45102497e+00  2.44866382e+00 -3.35273472e-05 
 3.64214000e-02  2.50047403e+00  3.78320249e+00  2.45360760e+00  2.45120025e+00 -3.35087688e-05 
 3.64264000e-02  2.50044614e+00  3.78582868e+00  2.45623572e+00  2.45378457e+00 -3.34898602e-05 
 3.64314000e-02  2.50041780e+00  3.78849804e+00  2.45890669e+00  2.45641418e+00 -3.34706404e-05 
 3.64364000e-02  2.50038906e+00  3.79120790e+00  2.46161785e+00  2.45908646e+00 -3.34511285e-05 
 3.64414000e-02  2.50035993e+00  3.79395556e+00  2.46436650e+00  2.46179877e+00 -3.34313441e-05 
 3.64464000e-02  2.50033045e+00  3.79673829e+00  2.46714991e+00  2.46454838e+00 -3.34113069e-05 
 3.64514000e-02  2.50030064e+00  3.79955333e+00  2.46996530e+00  2.46733257e+00 -3.33910369e-05 
 3.64564000e-02  2.50027053e+00  3.80239786e+00  2.47280988e+00  2.47014856e+00 -3.33705543e-05 
 3.64614000e-02  2.50024016e+00  3.80526906e+00  2.47568081e+00  2.47299355e+00 -3.33498794e-05 
 3.64664000e-02  2.50020955e+00  3.80816408e+00  2.47857525e+00  2.47586472e+00 -3.33290330e-05 
 3.64714000e-02  2.50017873e+00  3.81108004e+00  2.48149031e+00  2.47875920e+00 -3.33080356e-05 
 3.64764000e-02  2.50014774e+00  3.81401404e+00  2.48442310e+00  2.48167413e+00 -3.32869082e-05 
 3.64814000e-02  2.50011660e+00  3.81696319e+00  2.48737073e+00  2.48460662e+00 -3.32656718e-05 
 3.64864000e-02  2.50008535e+00  3.81992454e+00  2.49033025e+00  2.48755375e+00 -3.32443475e-05 
 3.64914000e-02  2.50005401e+00  3.82289518e+00  2.49329875e+00  2.49051260e+00 -3.32229563e-05 
 3.64964000e-02  2.50002262e+00  3.82587216e+00  2.49627328e+00  2.49348025e+00 -3.32015195e-05 
 3.65014000e-02  2.49999120e+00  3.82885253e+00  2.49925090e+00  2.49645375e+00 -3.31800584e-05 
 3.65064000e-02  2.49995980e+00  3.83183334e+00  2.50222866e+00  2.49943016e+00 -3.31585940e-05 
 3.65114000e-02  2.49992843e+00  3.83481165e+00  2.50520362e+00  2.50240654e+00 -3.31371478e-05 
 3.65164000e-02  2.49989714e+00  3.83778452e+00  2.50817285e+00  2.50537994e+00 -3.31157407e-05 
 3.65214000e-02  2.49986594e+00  3.84074902e+00  2.51113342e+00  2.50834744e+00 -3.30943940e-05 
 3.65264000e-02  2.49983488e+00  3.84370222e+00  2.51408240e+00  2.51130610e+00 -3.30731288e-05 
 3.65314000e-02  2.49980399e+00  3.84664121e+00  2.51701688e+00  2.51425300e+00 -3.30519658e-05 
 3.65364000e-02  2.49977328e+00  3.84956310e+00  2.51993399e+00  2.51718525e+00 -3.30309260e-05 
 3.65414000e-02  2.49974280e+00  3.85246501e+00  2.52283085e+00  2.52009995e+00 -3.30100301e-05 
 3.65464000e-02  2.49971257e+00  3.85534409e+00  2.52570461e+00  2.52299424e+00 -3.29892985e-05 
 3.65514000e-02  2.49968263e+00  3.85819751e+00  2.52855244e+00  2.52586527e+00 -3.29687516e-05 
 3.65564000e-02  2.49965300e+00  3.86102246e+00  2.53137156e+00  2.52871022e+00 -3.29484096e-05 
 3.65614000e-02  2.49962371e+00  3.86381619e+00  2.53415920e+00  2.53152630e+00 -3.29282924e-05 
 3.65664000e-02  2.49959479e+00  3.86657595e+00  2.53691261e+00  2.53431075e+00 -3.29084196e-05 
 3.65714000e-02  2.49956628e+00  3.86929903e+00  2.53962912e+00  2.53706083e+00 -3.28888107e-05 
 3.65764000e-02  2.49953819e+00  3.87198277e+00  2.54230605e+00  2.53977385e+00 -3.28694848e-05 
 3.65814000e-02  2.49951056e+00  3.87462455e+00  2.54494079e+00  2.54244717e+00 -3.28504608e-05 
 3.65864000e-02  2.49948341e+00  3.87722178e+00  2.54753077e+00  2.54507815e+00 -3.28317572e-05 
 3.65914000e-02  2.49945677e+00  3.87977194e+00  2.55007346e+00  2.54766424e+00 -3.28133923e-05 
 3.65964000e-02  2.49943066e+00  3.88227252e+00  2.55256637e+00  2.55020290e+00 -3.27953838e-05 
 3.66014000e-02  2.49940512e+00  3.88472109e+00  2.55500707e+00  2.55269167e+00 -3.27777493e-05 
 3.66064000e-02  2.49938017e+00  3.88711527e+00  2.55739320e+00  2.55512810e+00 -3.27605060e-05 
 3.66114000e-02  2.49935582e+00  3.88945272e+00  2.55972241e+00  2.55750984e+00 -3.27436704e-05 
 3.66164000e-02  2.49933212e+00  3.89173118e+00  2.56199246e+00  2.55983456e+00 -3.27272591e-05 
 3.66214000e-02  2.49930907e+00  3.89394842e+00  2.56420113e+00  2.56210000e+00 -3.27112877e-05 
 3.66264000e-02  2.49928670e+00  3.89610230e+00  2.56634627e+00  2.56430396e+00 -3.26957719e-05 
 3.66314000e-02  2.49926504e+00  3.89819072e+00  2.56842581e+00  2.56644429e+00 -3.26807265e-05 
 3.66364000e-02  2.49924410e+00  3.90021165e+00  2.57043773e+00  2.56851893e+00 -3.26661662e-05 
 3.66414000e-02  2.49922391e+00  3.90216314e+00  2.57238007e+00  2.57052585e+00 -3.26521048e-05 
 3.66464000e-02  2.49920448e+00  3.90404330e+00  2.57425096e+00  2.57246312e+00 -3.26385561e-05 
 3.66514000e-02  2.49918584e+00  3.90585031e+00  2.57604859e+00  2.57432885e+00 -3.26255331e-05 
 3.66564000e-02  2.49916801e+00  3.90758241e+00  2.57777121e+00  2.57612124e+00 -3.26130483e-05 
 3.66614000e-02  2.49915099e+00  3.90923794e+00  2.57941716e+00  2.57783856e+00 -3.26011136e-05 
 3.66664000e-02  2.49913481e+00  3.91081529e+00  2.58098485e+00  2.57947915e+00 -3.25897406e-05 
 3.66714000e-02  2.49911949e+00  3.91231294e+00  2.58247277e+00  2.58104141e+00 -3.25789402e-05 
 3.66764000e-02  2.49910503e+00  3.91372945e+00  2.58387947e+00  2.58252385e+00 -3.25687227e-05 
 3.66814000e-02  2.49909146e+00  3.91506345e+00  2.58520362e+00  2.58392503e+00 -3.25590980e-05 
 3.66864000e-02  2.49907879e+00  3.91631365e+00  2.58644392e+00  2.58524360e+00 -3.25500753e-05 
 3.66914000e-02  2.49906702e+00  3.91747885e+00  2.58759918e+00  2.58647828e+00 -3.25416632e-05 
 3.66964000e-02  2.49905618e+00  3.91855792e+00  2.58866829e+00  2.58762790e+00 -3.25338697e-05 
 3.67014000e-02  2.49904626e+00  3.91954983e+00  2.58965022e+00  2.58869134e+00 -3.25267024e-05 
 3.67064000e-02  2.49903729e+00  3.92045362e+00  2.59054402e+00  2.58966757e+00 -3.25201681e-05 
 3.67114000e-02  2.49902927e+00  3.92126842e+00  2.59134884e+00  2.59055567e+00 -3.25142729e-05 
 3.67164000e-02  2.49902220e+00  3.92199345e+00  2.59206390e+00  2.59135477e+00 -3.25090227e-05 
 3.67214000e-02  2.49901610e+00  3.92262801e+00  2.59268851e+00  2.59206410e+00 -3.25044223e-05 
 3.67264000e-02  2.49901097e+00  3.92317149e+00  2.59322208e+00  2.59268298e+00 -3.25004762e-05 
 3.67314000e-02  2.49900682e+00  3.92362337e+00  2.59366408e+00  2.59321083e+00 -3.24971882e-05 
 3.67364000e-02  2.49900365e+00  3.92398321e+00  2.59401410e+00  2.59364712e+00 -3.24945613e-05 
 3.67414000e-02  2.49900146e+00  3.92425066e+00  2.59427180e+00  2.59399145e+00 -3.24925982e-05 
 3.67464000e-02  2.49900026e+00  3.92442548e+00  2.59443693e+00  2.59424348e+00 -3.24913006e-05 
 3.67514000e-02  2.49900004e+00  3.92450749e+00  2.59450934e+00  2.59440296e+00 -3.24906698e-05 
 3.67564000e-02  2.49900081e+00  3.92449662e+00  2.59448894e+00  2.59446975e+00 -3.24907064e-05 
 3.67614000e-02  2.49900256e+00  3.92439286e+00  2.59437577e+00  2.59444378e+00 -3.24914105e-05 
 3.67664000e-02  2.49900530e+00  3.92419633e+00  2.59416993e+00  2.59432508e+00 -3.24927812e-05 
 3.67714000e-02  2.49900903e+00  3.92390721e+00  2.59387162e+00  2.59411376e+00 -3.24948174e-05 
 3.67764000e-02  2.49901373e+00  3.92352578e+00  2.59348112e+00  2.59381002e+00 -3.24975170e-05 
 3.67814000e-02  2.49901940e+00  3.92305240e+00  2.59299882e+00  2.59341415e+00 -3.25008776e-05 
 3.67864000e-02  2.49902604e+00  3.92248753e+00  2.59242517e+00  2.59292654e+00 -3.25048958e-05 
 3.67914000e-02  2.49903364e+00  3.92183172e+00  2.59176072e+00  2.59234766e+00 -3.25095680e-05 
 3.67964000e-02  2.49904220e+00  3.92108559e+00  2.59100612e+00  2.59167805e+00 -3.25148895e-05 
 3.68014000e-02  2.49905170e+00  3.92024985e+00  2.59016209e+00  2.59091837e+00 -3.25208554e-05 
 3.68064000e-02  2.49906214e+00  3.91932532e+00  2.58922944e+00  2.59006934e+00 -3.25274600e-05 
 3.68114000e-02  2.49907350e+00  3.91831288e+00  2.58820907e+00  2.58913178e+00 -3.25346969e-05 
 3.68164000e-02  2.49908577e+00  3.91721351e+00  2.58710195e+00  2.58810659e+00 -3.25425592e-05 
 3.68214000e-02  2.49909895e+00  3.91602827e+00  2.58590917e+00  2.58699477e+00 -3.25510394e-05 
 3.68264000e-02  2.49911302e+00  3.91475829e+00  2.58463186e+00  2.58579737e+00 -3.25601293e-05 
 3.68314000e-02  2.49912796e+00  3.91340480e+00  2.58327126e+00  2.58451556e+00 -3.25698204e-05 
 3.68364000e-02  2.49914377e+00  3.91196911e+00  2.58182867e+00  2.58315056e+00 -3.25801033e-05 
 3.68414000e-02  2.49916042e+00  3.91045259e+00  2.58030550e+00  2.58170371e+00 -3.25909681e-05 
 3.68464000e-02  2.49917790e+00  3.90885672e+00  2.57870321e+00  2.58017638e+00 -3.26024045e-05 
 3.68514000e-02  2.49919618e+00  3.90718304e+00  2.57702335e+00  2.57857006e+00 -3.26144013e-05 
 3.68564000e-02  2.49921527e+00  3.90543316e+00  2.57526753e+00  2.57688630e+00 -3.26269472e-05 
 3.68614000e-02  2.49923512e+00  3.90360877e+00  2.57343747e+00  2.57512672e+00 -3.26400301e-05 
 3.68664000e-02  2.49925574e+00  3.90171164e+00  2.57153493e+00  2.57329302e+00 -3.26536373e-05 
 3.68714000e-02  2.49927708e+00  3.89974361e+00  2.56956175e+00  2.57138699e+00 -3.26677558e-05 
 3.68764000e-02  2.49929914e+00  3.89770658e+00  2.56751984e+00  2.56941047e+00 -3.26823719e-05 
 3.68814000e-02  2.49932189e+00  3.89560253e+00  2.56541119e+00  2.56736536e+00 -3.26974716e-05 
 3.68864000e-02  2.49934531e+00  3.89343350e+00  2.56323784e+00  2.56525366e+00 -3.27130402e-05 
 3.68914000e-02  2.49936938e+00  3.89120159e+00  2.56100189e+00  2.56307741e+00 -3.27290628e-05 
 3.68964000e-02  2.49939407e+00  3.88890898e+00  2.55870553e+00  2.56083873e+00 -3.27455238e-05 
 3.69014000e-02  2.49941935e+00  3.88655788e+00  2.55635098e+00  2.55853979e+00 -3.27624072e-05 
 3.69064000e-02  2.49944521e+00  3.88415060e+00  2.55394054e+00  2.55618283e+00 -3.27796968e-05 
 3.69114000e-02  2.49947162e+00  3.88168947e+00  2.55147655e+00  2.55377013e+00 -3.27973757e-05 
 3.69164000e-02  2.49949855e+00  3.87917689e+00  2.54896142e+00  2.55130406e+00 -3.28154268e-05 
 3.69214000e-02  2.49952597e+00  3.87661531e+00  2.54639759e+00  2.54878701e+00 -3.28338325e-05 
 3.69264000e-02  2.49955386e+00  3.87400724e+00  2.54378757e+00  2.54622143e+00 -3.28525750e-05 
 3.69314000e-02  2.49958220e+00  3.87135521e+00  2.54113391e+00  2.54360984e+00 -3.28716359e-05 
 3.69364000e-02  2.49961094e+00  3.86866183e+00  2.53843921e+00  2.54095479e+00 -3.28909967e-05 
 3.69414000e-02  2.49964007e+00  3.86592973e+00  2.53570609e+00  2.53825886e+00 -3.29106385e-05 
 3.69464000e-02  2.49966955e+00  3.86316157e+00  2.53293724e+00  2.53552469e+00 -3.29305421e-05 
 3.69514000e-02  2.49969936e+00  3.86036008e+00  2.53013536e+00  2.53275498e+00 -3.29506880e-05 
 3.69564000e-02  2.49972947e+00  3.85752800e+00  2.52730321e+00  2.52995241e+00 -3.29710566e-05 
 3.69614000e-02  2.49975984e+00  3.85466811e+00  2.52444357e+00  2.52711976e+00 -3.29916278e-05 
 3.69664000e-02  2.49979045e+00  3.85178321e+00  2.52155923e+00  2.52425979e+00 -3.30123816e-05 
 3.69714000e-02  2.49982127e+00  3.84887615e+00  2.51865305e+00  2.52137531e+00 -3.30332975e-05 
 3.69764000e-02  2.49985226e+00  3.84594979e+00  2.51572787e+00  2.51846916e+00 -3.30543549e-05 
 3.69814000e-02  2.49988340e+00  3.84300699e+00  2.51278657e+00  2.51554420e+00 -3.30755332e-05 
 3.69864000e-02  2.49991465e+00  3.84005067e+00  2.50983206e+00  2.51260331e+00 -3.30968116e-05 
 3.69914000e-02  2.49994599e+00  3.83708373e+00  2.50686724e+00  2.50964938e+00 -3.31181690e-05 
 3.69964000e-02  2.49997738e+00  3.83410910e+00  2.50389503e+00  2.50668532e+00 -3.31395844e-05 
 3.70014000e-02  2.50000880e+00  3.83112972e+00  2.50091838e+00  2.50371406e+00 -3.31610367e-05 
 3.70064000e-02  2.50004020e+00  3.82814853e+00  2.49794023e+00  2.50073854e+00 -3.31825046e-05 
 3.70114000e-02  2.50007157e+00  3.82516848e+00  2.49496351e+00  2.49776168e+00 -3.32039670e-05 
 3.70164000e-02  2.50010286e+00  3.82219251e+00  2.49199117e+00  2.49478644e+00 -3.32254026e-05 
 3.70214000e-02  2.50013406e+00  3.81922358e+00  2.48902615e+00  2.49181576e+00 -3.32467901e-05 
 3.70264000e-02  2.50016512e+00  3.81626461e+00  2.48607139e+00  2.48885257e+00 -3.32681084e-05 
 3.70314000e-02  2.50019601e+00  3.81331855e+00  2.48312982e+00  2.48589982e+00 -3.32893364e-05 
 3.70364000e-02  2.50022672e+00  3.81038831e+00  2.48020436e+00  2.48296042e+00 -3.33104529e-05 
 3.70414000e-02  2.50025720e+00  3.80747680e+00  2.47729790e+00  2.48003730e+00 -3.33314370e-05 
 3.70464000e-02  2.50028743e+00  3.80458691e+00  2.47441333e+00  2.47713335e+00 -3.33522677e-05 
 3.70514000e-02  2.50031737e+00  3.80172152e+00  2.47155352e+00  2.47425146e+00 -3.33729245e-05 
 3.70564000e-02  2.50034700e+00  3.79888347e+00  2.46872131e+00  2.47139449e+00 -3.33933866e-05 
 3.70614000e-02  2.50037629e+00  3.79607558e+00  2.46591952e+00  2.46856527e+00 -3.34136338e-05 
 3.70664000e-02  2.50040521e+00  3.79330065e+00  2.46315094e+00  2.46576663e+00 -3.34336458e-05 
 3.70714000e-02  2.50043372e+00  3.79056144e+00  2.46041831e+00  2.46300135e+00 -3.34534027e-05 
 3.70764000e-02  2.50046181e+00  3.78786067e+00  2.45772437e+00  2.46027218e+00 -3.34728847e-05 
 3.70814000e-02  2.50048944e+00  3.78520105e+00  2.45507179e+00  2.45758183e+00 -3.34920723e-05 
 3.70864000e-02  2.50051659e+00  3.78258521e+00  2.45246323e+00  2.45493300e+00 -3.35109465e-05 
 3.70914000e-02  2.50054323e+00  3.78001577e+00  2.44990128e+00  2.45232831e+00 -3.35294883e-05 
 3.70964000e-02  2.50056934e+00  3.77749530e+00  2.44738849e+00  2.44977038e+00 -3.35476791e-05 
 3.71014000e-02  2.50059488e+00  3.77502630e+00  2.44492739e+00  2.44726174e+00 -3.35655008e-05 
 3.71064000e-02  2.50061983e+00  3.77261125e+00  2.44252042e+00  2.44480491e+00 -3.35829354e-05 
 3.71114000e-02  2.50064418e+00  3.77025255e+00  2.44017000e+00  2.44240234e+00 -3.35999656e-05 
 3.71164000e-02  2.50066788e+00  3.76795257e+00  2.43787846e+00  2.44005643e+00 -3.36165742e-05 
 3.71214000e-02  2.50069093e+00  3.76571360e+00  2.43564810e+00  2.43776952e+00 -3.36327446e-05 
 3.71264000e-02  2.50071330e+00  3.76353789e+00  2.43348115e+00  2.43554390e+00 -3.36484605e-05 
 3.71314000e-02  2.50073496e+00  3.76142760e+00  2.43137978e+00  2.43338179e+00 -3.36637062e-05 
 3.71364000e-02  2.50075590e+00  3.75938485e+00  2.42934610e+00  2.43128537e+00 -3.36784663e-05 
 3.71414000e-02  2.50077609e+00  3.75741169e+00  2.42738213e+00  2.42925672e+00 -3.36927261e-05 
 3.71464000e-02  2.50079552e+00  3.75551009e+00  2.42548984e+00  2.42729788e+00 -3.37064711e-05 
 3.71514000e-02  2.50081416e+00  3.75368196e+00  2.42367114e+00  2.42541080e+00 -3.37196876e-05 
 3.71564000e-02  2.50083199e+00  3.75192912e+00  2.42192784e+00  2.42359739e+00 -3.37323622e-05 
 3.71614000e-02  2.50084901e+00  3.75025334e+00  2.42026168e+00  2.42185945e+00 -3.37444822e-05 
 3.71664000e-02  2.50086519e+00  3.74865629e+00  2.41867434e+00  2.42019873e+00 -3.37560355e-05 
 3.71714000e-02  2.50088051e+00  3.74713957e+00  2.41716742e+00  2.41861689e+00 -3.37670103e-05 
 3.71764000e-02  2.50089497e+00  3.74570471e+00  2.41574241e+00  2.41711552e+00 -3.37773956e-05 
 3.71814000e-02  2.50090854e+00  3.74435314e+00  2.41440075e+00  2.41569612e+00 -3.37871810e-05 
 3.71864000e-02  2.50092121e+00  3.74308622e+00  2.41314379e+00  2.41436012e+00 -3.37963566e-05 
 3.71914000e-02  2.50093298e+00  3.74190522e+00  2.41197279e+00  2.41310885e+00 -3.38049131e-05 
 3.71964000e-02  2.50094382e+00  3.74081133e+00  2.41088892e+00  2.41194358e+00 -3.38128420e-05 
 3.72014000e-02  2.50095374e+00  3.73980564e+00  2.40989327e+00  2.41086546e+00 -3.38201351e-05 
 3.72064000e-02  2.50096271e+00  3.73888916e+00  2.40898684e+00  2.40987560e+00 -3.38267853e-05 
 3.72114000e-02  2.50097073e+00  3.73806282e+00  2.40817053e+00  2.40897496e+00 -3.38327858e-05 
 3.72164000e-02  2.50097780e+00  3.73732743e+00  2.40744518e+00  2.40816447e+00 -3.38381304e-05 
 3.72214000e-02  2.50098390e+00  3.73668375e+00  2.40681150e+00  2.40744494e+00 -3.38428140e-05 
 3.72264000e-02  2.50098903e+00  3.73613241e+00  2.40627014e+00  2.40681708e+00 -3.38468316e-05 
 3.72314000e-02  2.50099318e+00  3.73567397e+00  2.40582163e+00  2.40628152e+00 -3.38501792e-05 
 3.72364000e-02  2.50099635e+00  3.73530889e+00  2.40546643e+00  2.40583882e+00 -3.38528536e-05 
 3.72414000e-02  2.50099854e+00  3.73503753e+00  2.40520489e+00  2.40548940e+00 -3.38548519e-05 
 3.72464000e-02  2.50099974e+00  3.73486018e+00  2.40503727e+00  2.40523362e+00 -3.38561723e-05 
 3.72514000e-02  2.50099996e+00  3.73477700e+00  2.40496376e+00  2.40507174e+00 -3.38568132e-05 
 3.72564000e-02  2.50099919e+00  3.73478808e+00  2.40498441e+00  2.40500392e+00 -3.38567742e-05 
 3.72614000e-02  2.50099744e+00  3.73489340e+00  2.40509920e+00  2.40503023e+00 -3.38560552e-05 
 3.72664000e-02  2.50099470e+00  3.73509287e+00  2.40530803e+00  2.40515064e+00 -3.38546569e-05 
 3.72714000e-02  2.50099097e+00  3.73538629e+00  2.40561068e+00  2.40536503e+00 -3.38525809e-05 
 3.72764000e-02  2.50098627e+00  3.73577334e+00  2.40600685e+00  2.40567318e+00 -3.38498291e-05 
 3.72814000e-02  2.50098060e+00  3.73625366e+00  2.40649614e+00  2.40607479e+00 -3.38464045e-05 
 3.72864000e-02  2.50097396e+00  3.73682675e+00  2.40707806e+00  2.40656945e+00 -3.38423103e-05 
 3.72914000e-02  2.50096636e+00  3.73749204e+00  2.40775202e+00  2.40715666e+00 -3.38375508e-05 
 3.72964000e-02  2.50095780e+00  3.73824886e+00  2.40851735e+00  2.40783585e+00 -3.38321308e-05 
 3.73014000e-02  2.50094830e+00  3.73909645e+00  2.40937328e+00  2.40860631e+00 -3.38260557e-05 
 3.73064000e-02  2.50093786e+00  3.74003397e+00  2.41031894e+00  2.40946728e+00 -3.38193316e-05 
 3.73114000e-02  2.50092650e+00  3.74106046e+00  2.41135340e+00  2.41041790e+00 -3.38119655e-05 
 3.73164000e-02  2.50091423e+00  3.74217490e+00  2.41247561e+00  2.41145721e+00 -3.38039646e-05 
 3.73214000e-02  2.50090105e+00  3.74337616e+00  2.41368444e+00  2.41258416e+00 -3.37953371e-05 
 3.73264000e-02  2.50088698e+00  3.74466306e+00  2.41497869e+00  2.41379764e+00 -3.37860916e-05 
 3.73314000e-02  2.50087204e+00  3.74603428e+00  2.41635705e+00  2.41509641e+00 -3.37762376e-05 
 3.73364000e-02  2.50085623e+00  3.74748847e+00  2.41781814e+00  2.41647918e+00 -3.37657848e-05 
 3.73414000e-02  2.50083958e+00  3.74902415e+00  2.41936050e+00  2.41794455e+00 -3.37547439e-05 
 3.73464000e-02  2.50082210e+00  3.75063979e+00  2.42098257e+00  2.41949107e+00 -3.37431260e-05 
 3.73514000e-02  2.50080382e+00  3.75233377e+00  2.42268274e+00  2.42111717e+00 -3.37309427e-05 
 3.73564000e-02  2.50078473e+00  3.75410439e+00  2.42445930e+00  2.42282123e+00 -3.37182064e-05 
 3.73614000e-02  2.50076488e+00  3.75594987e+00  2.42631047e+00  2.42460155e+00 -3.37049298e-05 
 3.73664000e-02  2.50074426e+00  3.75786838e+00  2.42823439e+00  2.42645633e+00 -3.36911264e-05 
 3.73714000e-02  2.50072292e+00  3.75985798e+00  2.43022914e+00  2.42838371e+00 -3.36768099e-05 
 3.73764000e-02  2.50070086e+00  3.76191668e+00  2.43229272e+00  2.43038178e+00 -3.36619948e-05 
 3.73814000e-02  2.50067811e+00  3.76404243e+00  2.43442306e+00  2.43244852e+00 -3.36466961e-05 
 3.73864000e-02  2.50065469e+00  3.76623309e+00  2.43661804e+00  2.43458188e+00 -3.36309289e-05 
 3.73914000e-02  2.50063062e+00  3.76848648e+00  2.43887546e+00  2.43677971e+00 -3.36147093e-05 
 3.73964000e-02  2.50060593e+00  3.77080034e+00  2.44119305e+00  2.43903981e+00 -3.35980534e-05 
 3.74014000e-02  2.50058065e+00  3.77317236e+00  2.44356851e+00  2.44135993e+00 -3.35809780e-05 
 3.74064000e-02  2.50055479e+00  3.77560016e+00  2.44599946e+00  2.44373775e+00 -3.35635002e-05 
 3.74114000e-02  2.50052838e+00  3.77808133e+00  2.44848348e+00  2.44617089e+00 -3.35456375e-05 
 3.74164000e-02  2.50050145e+00  3.78061339e+00  2.45101807e+00  2.44865692e+00 -3.35274078e-05 
 3.74214000e-02  2.50047403e+00  3.78319380e+00  2.45360071e+00  2.45119336e+00 -3.35088293e-05 
 3.74264000e-02  2.50044614e+00  3.78581999e+00  2.45622883e+00  2.45377767e+00 -3.34899207e-05 
 3.74314000e-02  2.50041780e+00  3.78848936e+00  2.45889981e+00  2.45640729e+00 -3.34707009e-05 
 3.74364000e-02  2.50038906e+00  3.79119922e+00  2.46161098e+00  2.45907958e+00 -3.34511890e-05 
 3.74414000e-02  2.50035993e+00  3.79394689e+00  2.46435964e+00  2.46179189e+00 -3.34314045e-05 
 3.74464000e-02  2.50033045e+00  3.79672963e+00  2.46714305e+00  2.46454151e+00 -3.34113673e-05 
 3.74514000e-02  2.50030064e+00  3.79954467e+00  2.46995845e+00  2.46732570e+00 -3.33910972e-05 
 3.74564000e-02  2.50027053e+00  3.80238920e+00  2.47280303e+00  2.47014170e+00 -3.33706145e-05 
 3.74614000e-02  2.50024016e+00  3.80526041e+00  2.47567397e+00  2.47298670e+00 -3.33499396e-05 
 3.74664000e-02  2.50020955e+00  3.80815543e+00  2.47856841e+00  2.47585787e+00 -3.33290931e-05 
 3.74714000e-02  2.50017873e+00  3.81107140e+00  2.48148347e+00  2.47875236e+00 -3.33080957e-05 
 3.74764000e-02  2.50014774e+00  3.81400541e+00  2.48441628e+00  2.48166730e+00 -3.32869683e-05 
 3.74814000e-02  2.50011660e+00  3.81695456e+00  2.48736390e+00  2.48459979e+00 -3.32657319e-05 
 3.74864000e-02  2.50008535e+00  3.81991592e+00  2.49032344e+00  2.48754693e+00 -3.32444075e-05 
 3.74914000e-02  2.50005401e+00  3.82288656e+00  2.49329194e+00  2.49050579e+00 -3.32230163e-05 
 3.74964000e-02  2.50002262e+00  3.82586355e+00  2.49626647e+00  2.49347344e+00 -3.32015794e-05 
 3.75014000e-02  2.49999120e+00  3.82884392e+00  2.49924410e+00  2.49644694e+00 -3.31801182e-05 
 3.75064000e-02  2.49995980e+00  3.83182474e+00  2.50222187e+00  2.49942336e+00 -3.31586539e-05 
 3.75114000e-02  2.49992843e+00  3.83480306e+00  2.50519684e+00  2.50239974e+00 -3.31372075e-05 
 3.75164000e-02  2.49989714e+00  3.83777593e+00  2.50816607e+00  2.50537316e+00 -3.31158005e-05 
 3.75214000e-02  2.49986594e+00  3.84074043e+00  2.51112664e+00  2.50834066e+00 -3.30944537e-05 
 3.75264000e-02  2.49983488e+00  3.84369364e+00  2.51407563e+00  2.51129932e+00 -3.30731884e-05 
 3.75314000e-02  2.49980399e+00  3.84663263e+00  2.51701012e+00  2.51424623e+00 -3.30520254e-05 
 3.75364000e-02  2.49977328e+00  3.84955453e+00  2.51992724e+00  2.51717849e+00 -3.30309856e-05 
 3.75414000e-02  2.49974280e+00  3.85245644e+00  2.52282410e+00  2.52009320e+00 -3.30100896e-05 
 3.75464000e-02  2.49971257e+00  3.85533553e+00  2.52569786e+00  2.52298749e+00 -3.29893580e-05 
 3.75514000e-02  2.49968263e+00  3.85818895e+00  2.52854571e+00  2.52585853e+00 -3.29688111e-05 
 3.75564000e-02  2.49965300e+00  3.86101392e+00  2.53136483e+00  2.52870349e+00 -3.29484690e-05 
 3.75614000e-02  2.49962371e+00  3.86380765e+00  2.53415247e+00  2.53151957e+00 -3.29283517e-05 
 3.75664000e-02  2.49959479e+00  3.86656741e+00  2.53690589e+00  2.53430402e+00 -3.29084789e-05 
 3.75714000e-02  2.49956628e+00  3.86929050e+00  2.53962240e+00  2.53705411e+00 -3.28888700e-05 
 3.75764000e-02  2.49953819e+00  3.87197424e+00  2.54229934e+00  2.53976714e+00 -3.28695440e-05 
 3.75814000e-02  2.49951056e+00  3.87461603e+00  2.54493409e+00  2.54244046e+00 -3.28505200e-05 
 3.75864000e-02  2.49948341e+00  3.87721327e+00  2.54752408e+00  2.54507145e+00 -3.28318164e-05 
 3.75914000e-02  2.49945677e+00  3.87976342e+00  2.55006677e+00  2.54765754e+00 -3.28134514e-05 
 3.75964000e-02  2.49943066e+00  3.88226401e+00  2.55255968e+00  2.55019621e+00 -3.27954429e-05 
 3.76014000e-02  2.49940512e+00  3.88471259e+00  2.55500040e+00  2.55268498e+00 -3.27778083e-05 
 3.76064000e-02  2.49938017e+00  3.88710677e+00  2.55738652e+00  2.55512143e+00 -3.27605649e-05 
 3.76114000e-02  2.49935582e+00  3.88944423e+00  2.55971575e+00  2.55750317e+00 -3.27437294e-05 
 3.76164000e-02  2.49933212e+00  3.89172269e+00  2.56198580e+00  2.55982789e+00 -3.27273180e-05 
 3.76214000e-02  2.49930907e+00  3.89393994e+00  2.56419447e+00  2.56209334e+00 -3.27113466e-05 
 3.76264000e-02  2.49928670e+00  3.89609382e+00  2.56633962e+00  2.56429730e+00 -3.26958307e-05 
 3.76314000e-02  2.49926504e+00  3.89818224e+00  2.56841917e+00  2.56643764e+00 -3.26807853e-05 
 3.76364000e-02  2.49924410e+00  3.90020318e+00  2.57043109e+00  2.56851229e+00 -3.26662249e-05 
 3.76414000e-02  2.49922391e+00  3.90215468e+00  2.57237344e+00  2.57051921e+00 -3.26521635e-05 
 3.76464000e-02  2.49920448e+00  3.90403484e+00  2.57424433e+00  2.57245649e+00 -3.26386148e-05 
 3.76514000e-02  2.49918584e+00  3.90584185e+00  2.57604196e+00  2.57432222e+00 -3.26255917e-05 
 3.76564000e-02  2.49916801e+00  3.90757396e+00  2.57776459e+00  2.57611462e+00 -3.26131068e-05 
 3.76614000e-02  2.49915099e+00  3.90922949e+00  2.57941054e+00  2.57783194e+00 -3.26011721e-05 
 3.76664000e-02  2.49913481e+00  3.91080685e+00  2.58097824e+00  2.57947253e+00 -3.25897991e-05 
 3.76714000e-02  2.49911949e+00  3.91230451e+00  2.58246616e+00  2.58103480e+00 -3.25789987e-05 
 3.76764000e-02  2.49910503e+00  3.91372102e+00  2.58387288e+00  2.58251725e+00 -3.25687812e-05 
 3.76814000e-02  2.49909146e+00  3.91505502e+00  2.58519702e+00  2.58391843e+00 -3.25591564e-05 
 3.76864000e-02  2.49907879e+00  3.91630523e+00  2.58643733e+00  2.58523700e+00 -3.25501337e-05 
 3.76914000e-02  2.49906702e+00  3.91747043e+00  2.58759259e+00  2.58647170e+00 -3.25417215e-05 
 3.76964000e-02  2.49905618e+00  3.91854951e+00  2.58866171e+00  2.58762132e+00 -3.25339280e-05 
 3.77014000e-02  2.49904626e+00  3.91954142e+00  2.58964364e+00  2.58868476e+00 -3.25267607e-05 
 3.77064000e-02  2.49903729e+00  3.92044521e+00  2.59053745e+00  2.58966100e+00 -3.25202263e-05 
 3.77114000e-02  2.49902927e+00  3.92126002e+00  2.59134228e+00  2.59054910e+00 -3.25143311e-05 
 3.77164000e-02  2.49902220e+00  3.92198505e+00  2.59205734e+00  2.59134820e+00 -3.25090809e-05 
 3.77214000e-02  2.49901610e+00  3.92261962e+00  2.59268196e+00  2.59205754e+00 -3.25044805e-05 
 3.77264000e-02  2.49901097e+00  3.92316310e+00  2.59321553e+00  2.59267643e+00 -3.25005343e-05 
 3.77314000e-02  2.49900682e+00  3.92361498e+00  2.59365754e+00  2.59320428e+00 -3.24972463e-05 
 3.77364000e-02  2.49900365e+00  3.92397482e+00  2.59400756e+00  2.59364058e+00 -3.24946194e-05 
 3.77414000e-02  2.49900146e+00  3.92424229e+00  2.59426526e+00  2.59398491e+00 -3.24926562e-05 
 3.77464000e-02  2.49900026e+00  3.92441711e+00  2.59443040e+00  2.59423694e+00 -3.24913586e-05 
 3.77514000e-02  2.49900004e+00  3.92449912e+00  2.59450281e+00  2.59439643e+00 -3.24907278e-05 
 3.77564000e-02  2.49900081e+00  3.92448825e+00  2.59448242e+00  2.59446322e+00 -3.24907644e-05 
 3.77614000e-02  2.49900256e+00  3.92438450e+00  2.59436925e+00  2.59443726e+00 -3.24914684e-05 
 3.77664000e-02  2.49900530e+00  3.92418797e+00  2.59416341e+00  2.59431856e+00 -3.24928391e-05 
 3.77714000e-02  2.49900903e+00  3.92389885e+00  2.59386511e+00  2.59410724e+00 -3.24948752e-05 
 3.77764000e-02  2.49901373e+00  3.92351742e+00  2.59347461e+00  2.59380350e+00 -3.24975749e-05 
 3.77814000e-02  2.49901940e+00  3.92304405e+00  2.59299231e+00  2.59340764e+00 -3.25009354e-05 
 3.77864000e-02  2.49902604e+00  3.92247918e+00  2.59241867e+00  2.59292004e+00 -3.25049536e-05 
 3.77914000e-02  2.49903364e+00  3.92182337e+00  2.59175422e+00  2.59234115e+00 -3.25096258e-05 
 3.77964000e-02  2.49904220e+00  3.92107724e+00  2.59099963e+00  2.59167155e+00 -3.25149473e-05 
 3.78014000e-02  2.49905170e+00  3.92024151e+00  2.59015560e+00  2.59091187e+00 -3.25209132e-05 
 3.78064000e-02  2.49906214e+00  3.91931698e+00  2.58922295e+00  2.59006284e+00 -3.25275177e-05 
 3.78114000e-02  2.49907350e+00  3.91830455e+00  2.58820258e+00  2.58912529e+00 -3.25347546e-05 
 3.78164000e-02  2.49908577e+00  3.91720518e+00  2.58709547e+00  2.58810011e+00 -3.25426168e-05 
 3.78214000e-02  2.49909895e+00  3.91601994e+00  2.58590269e+00  2.58698828e+00 -3.25510970e-05 
 3.78264000e-02  2.49911302e+00  3.91474996e+00  2.58462538e+00  2.58579089e+00 -3.25601870e-05 
 3.78314000e-02  2.49912796e+00  3.91339647e+00  2.58326478e+00  2.58450908e+00 -3.25698781e-05 
 3.78364000e-02  2.49914377e+00  3.91196078e+00  2.58182220e+00  2.58314409e+00 -3.25801609e-05 
 3.78414000e-02  2.49916042e+00  3.91044427e+00  2.58029903e+00  2.58169724e+00 -3.25910257e-05 
 3.78464000e-02  2.49917790e+00  3.90884840e+00  2.57869674e+00  2.58016991e+00 -3.26024621e-05 
 3.78514000e-02  2.49919618e+00  3.90717472e+00  2.57701688e+00  2.57856359e+00 -3.26144589e-05 
 3.78564000e-02  2.49921527e+00  3.90542484e+00  2.57526107e+00  2.57687983e+00 -3.26270048e-05 
 3.78614000e-02  2.49923512e+00  3.90360046e+00  2.57343101e+00  2.57512026e+00 -3.26400877e-05 
 3.78664000e-02  2.49925574e+00  3.90170333e+00  2.57152847e+00  2.57328657e+00 -3.26536949e-05 
 3.78714000e-02  2.49927708e+00  3.89973530e+00  2.56955530e+00  2.57138054e+00 -3.26678133e-05 
 3.78764000e-02  2.49929914e+00  3.89769827e+00  2.56751339e+00  2.56940401e+00 -3.26824294e-05 
 3.78814000e-02  2.49932189e+00  3.89559423e+00  2.56540474e+00  2.56735891e+00 -3.26975291e-05 
 3.78864000e-02  2.49934531e+00  3.89342519e+00  2.56323139e+00  2.56524721e+00 -3.27130977e-05 
 3.78914000e-02  2.49936938e+00  3.89119329e+00  2.56099545e+00  2.56307097e+00 -3.27291203e-05 
 3.78964000e-02  2.49939407e+00  3.88890067e+00  2.55869909e+00  2.56083229e+00 -3.27455812e-05 
 3.79014000e-02  2.49941935e+00  3.88654958e+00  2.55634455e+00  2.55853335e+00 -3.27624647e-05 
 3.79064000e-02  2.49944521e+00  3.88414230e+00  2.55393411e+00  2.55617639e+00 -3.27797543e-05 
 3.79114000e-02  2.49947162e+00  3.88168117e+00  2.55147012e+00  2.55376370e+00 -3.27974332e-05 
 3.79164000e-02  2.49949855e+00  3.87916860e+00  2.54895499e+00  2.55129763e+00 -3.28154842e-05 
 3.79214000e-02  2.49952597e+00  3.87660702e+00  2.54639116e+00  2.54878058e+00 -3.28338900e-05 
 3.79264000e-02  2.49955386e+00  3.87399895e+00  2.54378115e+00  2.54621501e+00 -3.28526324e-05 
 3.79314000e-02  2.49958220e+00  3.87134692e+00  2.54112749e+00  2.54360342e+00 -3.28716933e-05 
 3.79364000e-02  2.49961094e+00  3.86865354e+00  2.53843279e+00  2.54094836e+00 -3.28910541e-05 
 3.79414000e-02  2.49964007e+00  3.86592144e+00  2.53569967e+00  2.53825244e+00 -3.29106959e-05 
 3.79464000e-02  2.49966955e+00  3.86315329e+00  2.53293082e+00  2.53551828e+00 -3.29305995e-05 
 3.79514000e-02  2.49969936e+00  3.86035180e+00  2.53012895e+00  2.53274856e+00 -3.29507454e-05 
 3.79564000e-02  2.49972947e+00  3.85751972e+00  2.52729680e+00  2.52994600e+00 -3.29711140e-05 
 3.79614000e-02  2.49975984e+00  3.85465983e+00  2.52443715e+00  2.52711334e+00 -3.29916852e-05 
 3.79664000e-02  2.49979045e+00  3.85177493e+00  2.52155282e+00  2.52425338e+00 -3.30124389e-05 
 3.79714000e-02  2.49982127e+00  3.84886788e+00  2.51864664e+00  2.52136890e+00 -3.30333548e-05 
 3.79764000e-02  2.49985226e+00  3.84594151e+00  2.51572146e+00  2.51846275e+00 -3.30544122e-05 
 3.79814000e-02  2.49988340e+00  3.84299872e+00  2.51278017e+00  2.51553780e+00 -3.30755906e-05 
 3.79864000e-02  2.49991465e+00  3.84004239e+00  2.50982566e+00  2.51259690e+00 -3.30968689e-05 
 3.79914000e-02  2.49994599e+00  3.83707546e+00  2.50686084e+00  2.50964297e+00 -3.31182263e-05 
 3.79964000e-02  2.49997738e+00  3.83410083e+00  2.50388864e+00  2.50667892e+00 -3.31396417e-05 
 3.80014000e-02  2.50000880e+00  3.83112145e+00  2.50091199e+00  2.50370767e+00 -3.31610940e-05 
 3.80064000e-02  2.50004020e+00  3.82814026e+00  2.49793384e+00  2.50073214e+00 -3.31825619e-05 
 3.80114000e-02  2.50007157e+00  3.82516021e+00  2.49495712e+00  2.49775529e+00 -3.32040243e-05 
 3.80164000e-02  2.50010286e+00  3.82218425e+00  2.49198478e+00  2.49478005e+00 -3.32254598e-05 
 3.80214000e-02  2.50013406e+00  3.81921531e+00  2.48901977e+00  2.49180937e+00 -3.32468474e-05 
 3.80264000e-02  2.50016512e+00  3.81625635e+00  2.48606501e+00  2.48884619e+00 -3.32681657e-05 
 3.80314000e-02  2.50019601e+00  3.81331029e+00  2.48312344e+00  2.48589344e+00 -3.32893936e-05 
 3.80364000e-02  2.50022672e+00  3.81038005e+00  2.48019798e+00  2.48295404e+00 -3.33105101e-05 
 3.80414000e-02  2.50025720e+00  3.80746854e+00  2.47729152e+00  2.48003092e+00 -3.33314942e-05 
 3.80464000e-02  2.50028743e+00  3.80457866e+00  2.47440696e+00  2.47712698e+00 -3.33523249e-05 
 3.80514000e-02  2.50031737e+00  3.80171327e+00  2.47154715e+00  2.47424509e+00 -3.33729817e-05 
 3.80564000e-02  2.50034700e+00  3.79887522e+00  2.46871494e+00  2.47138811e+00 -3.33934438e-05 
 3.80614000e-02  2.50037629e+00  3.79606733e+00  2.46591316e+00  2.46855890e+00 -3.34136910e-05 
 3.80664000e-02  2.50040521e+00  3.79329240e+00  2.46314457e+00  2.46576026e+00 -3.34337030e-05 
 3.80714000e-02  2.50043372e+00  3.79055319e+00  2.46041195e+00  2.46299498e+00 -3.34534598e-05 
 3.80764000e-02  2.50046181e+00  3.78785243e+00  2.45771801e+00  2.46026581e+00 -3.34729418e-05 
 3.80814000e-02  2.50048944e+00  3.78519281e+00  2.45506544e+00  2.45757547e+00 -3.34921295e-05 
 3.80864000e-02  2.50051659e+00  3.78257697e+00  2.45245687e+00  2.45492664e+00 -3.35110036e-05 
 3.80914000e-02  2.50054323e+00  3.78000754e+00  2.44989492e+00  2.45232196e+00 -3.35295454e-05 
 3.80964000e-02  2.50056934e+00  3.77748706e+00  2.44738215e+00  2.44976403e+00 -3.35477362e-05 
 3.81014000e-02  2.50059488e+00  3.77501807e+00  2.44492104e+00  2.44725539e+00 -3.35655579e-05 
 3.81064000e-02  2.50061983e+00  3.77260302e+00  2.44251408e+00  2.44479857e+00 -3.35829925e-05 
 3.81114000e-02  2.50064418e+00  3.77024432e+00  2.44016365e+00  2.44239600e+00 -3.36000227e-05 
 3.81164000e-02  2.50066788e+00  3.76794434e+00  2.43787212e+00  2.44005009e+00 -3.36166313e-05 
 3.81214000e-02  2.50069093e+00  3.76570538e+00  2.43564176e+00  2.43776318e+00 -3.36328016e-05 
 3.81264000e-02  2.50071330e+00  3.76352966e+00  2.43347482e+00  2.43553756e+00 -3.36485175e-05 
 3.81314000e-02  2.50073496e+00  3.76141938e+00  2.43137345e+00  2.43337546e+00 -3.36637632e-05 
 3.81364000e-02  2.50075590e+00  3.75937664e+00  2.42933977e+00  2.43127904e+00 -3.36785233e-05 
 3.81414000e-02  2.50077609e+00  3.75740348e+00  2.42737581e+00  2.42925039e+00 -3.36927830e-05 
 3.81464000e-02  2.50079552e+00  3.75550188e+00  2.42548352e+00  2.42729155e+00 -3.37065280e-05 
 3.81514000e-02  2.50081416e+00  3.75367375e+00  2.42366482e+00  2.42540448e+00 -3.37197445e-05 
 3.81564000e-02  2.50083199e+00  3.75192091e+00  2.42192152e+00  2.42359107e+00 -3.37324191e-05 
 3.81614000e-02  2.50084901e+00  3.75024513e+00  2.42025537e+00  2.42185314e+00 -3.37445391e-05 
 3.81664000e-02  2.50086519e+00  3.74864808e+00  2.41866803e+00  2.42019242e+00 -3.37560923e-05 
 3.81714000e-02  2.50088051e+00  3.74713137e+00  2.41716111e+00  2.41861058e+00 -3.37670671e-05 
 3.81764000e-02  2.50089497e+00  3.74569651e+00  2.41573611e+00  2.41710921e+00 -3.37774524e-05 
 3.81814000e-02  2.50090854e+00  3.74434494e+00  2.41439446e+00  2.41568982e+00 -3.37872378e-05 
 3.81864000e-02  2.50092121e+00  3.74307803e+00  2.41313750e+00  2.41435382e+00 -3.37964134e-05 
 3.81914000e-02  2.50093298e+00  3.74189703e+00  2.41196650e+00  2.41310255e+00 -3.38049699e-05 
 3.81964000e-02  2.50094382e+00  3.74080314e+00  2.41088263e+00  2.41193728e+00 -3.38128987e-05 
 3.82014000e-02  2.50095374e+00  3.73979745e+00  2.40988698e+00  2.41085918e+00 -3.38201919e-05 
 3.82064000e-02  2.50096271e+00  3.73888098e+00  2.40898056e+00  2.40986931e+00 -3.38268420e-05 
 3.82114000e-02  2.50097073e+00  3.73805464e+00  2.40816426e+00  2.40896868e+00 -3.38328425e-05 
 3.82164000e-02  2.50097780e+00  3.73731925e+00  2.40743890e+00  2.40815819e+00 -3.38381871e-05 
 3.82214000e-02  2.50098390e+00  3.73667557e+00  2.40680523e+00  2.40743866e+00 -3.38428706e-05 
 3.82264000e-02  2.50098903e+00  3.73612424e+00  2.40626387e+00  2.40681081e+00 -3.38468882e-05 
 3.82314000e-02  2.50099318e+00  3.73566580e+00  2.40581536e+00  2.40627526e+00 -3.38502358e-05 
 3.82364000e-02  2.50099635e+00  3.73530072e+00  2.40546017e+00  2.40583255e+00 -3.38529102e-05 
 3.82414000e-02  2.50099854e+00  3.73502937e+00  2.40519863e+00  2.40548314e+00 -3.38549085e-05 
 3.82464000e-02  2.50099974e+00  3.73485202e+00  2.40503102e+00  2.40522737e+00 -3.38562288e-05 
 3.82514000e-02  2.50099996e+00  3.73476884e+00  2.40495751e+00  2.40506549e+00 -3.38568697e-05 
 3.82564000e-02  2.50099919e+00  3.73477993e+00  2.40497816e+00  2.40499767e+00 -3.38568307e-05 
 3.82614000e-02  2.50099744e+00  3.73488526e+00  2.40509296e+00  2.40502399e+00 -3.38561116e-05 
 3.82664000e-02  2.50099470e+00  3.73508473e+00  2.40530180e+00  2.40514440e+00 -3.38547134e-05 
 3.82714000e-02  2.50099097e+00  3.73537814e+00  2.40560445e+00  2.40535879e+00 -3.38526373e-05 
 3.82764000e-02  2.50098627e+00  3.73576521e+00  2.40600062e+00  2.40566695e+00 -3.38498855e-05 
 3.82814000e-02  2.50098060e+00  3.73624553e+00  2.40648992e+00  2.40606856e+00 -3.38464608e-05 
 3.82864000e-02  2.50097396e+00  3.73681862e+00  2.40707184e+00  2.40656323e+00 -3.38423666e-05 
 3.82914000e-02  2.50096636e+00  3.73748391e+00  2.40774580e+00  2.40715045e+00 -3.38376071e-05 
 3.82964000e-02  2.50095780e+00  3.73824074e+00  2.40851114e+00  2.40782963e+00 -3.38321870e-05 
 3.83014000e-02  2.50094830e+00  3.73908833e+00  2.40936707e+00  2.40860010e+00 -3.38261119e-05 
 3.83064000e-02  2.50093786e+00  3.74002585e+00  2.41031274e+00  2.40946107e+00 -3.38193878e-05 
 3.83114000e-02  2.50092650e+00  3.74105235e+00  2.41134720e+00  2.41041170e+00 -3.38120217e-05 
 3.83164000e-02  2.50091423e+00  3.74216679e+00  2.41246941e+00  2.41145101e+00 -3.38040207e-05 
 3.83214000e-02  2.50090105e+00  3.74336806e+00  2.41367825e+00  2.41257797e+00 -3.37953932e-05 
 3.83264000e-02  2.50088698e+00  3.74465496e+00  2.41497250e+00  2.41379145e+00 -3.37861477e-05 
 3.83314000e-02  2.50087204e+00  3.74602619e+00  2.41635087e+00  2.41509022e+00 -3.37762936e-05 
 3.83364000e-02  2.50085623e+00  3.74748037e+00  2.41781196e+00  2.41647300e+00 -3.37658408e-05 
 3.83414000e-02  2.50083958e+00  3.74901606e+00  2.41935433e+00  2.41793838e+00 -3.37547999e-05 
 3.83464000e-02  2.50082210e+00  3.75063170e+00  2.42097641e+00  2.41948490e+00 -3.37431819e-05 
 3.83514000e-02  2.50080382e+00  3.75232569e+00  2.42267658e+00  2.42111101e+00 -3.37309986e-05 
 3.83564000e-02  2.50078473e+00  3.75409631e+00  2.42445314e+00  2.42281507e+00 -3.37182623e-05 
 3.83614000e-02  2.50076488e+00  3.75594180e+00  2.42630432e+00  2.42459539e+00 -3.37049857e-05 
 3.83664000e-02  2.50074426e+00  3.75786031e+00  2.42822824e+00  2.42645017e+00 -3.36911822e-05 
 3.83714000e-02  2.50072292e+00  3.75984991e+00  2.43022300e+00  2.42837757e+00 -3.36768657e-05 
 3.83764000e-02  2.50070086e+00  3.76190862e+00  2.43228658e+00  2.43037564e+00 -3.36620506e-05 
 3.83814000e-02  2.50067811e+00  3.76403437e+00  2.43441693e+00  2.43244239e+00 -3.36467518e-05 
 3.83864000e-02  2.50065469e+00  3.76622504e+00  2.43661192e+00  2.43457575e+00 -3.36309846e-05 
 3.83914000e-02  2.50063062e+00  3.76847843e+00  2.43886934e+00  2.43677358e+00 -3.36147650e-05 
 3.83964000e-02  2.50060593e+00  3.77079230e+00  2.44118694e+00  2.43903369e+00 -3.35981090e-05 
 3.84014000e-02  2.50058065e+00  3.77316432e+00  2.44356240e+00  2.44135381e+00 -3.35810336e-05 
 3.84064000e-02  2.50055479e+00  3.77559213e+00  2.44599336e+00  2.44373164e+00 -3.35635557e-05 
 3.84114000e-02  2.50052838e+00  3.77807330e+00  2.44847737e+00  2.44616478e+00 -3.35456930e-05 
 3.84164000e-02  2.50050145e+00  3.78060536e+00  2.45101197e+00  2.44865082e+00 -3.35274632e-05 
 3.84214000e-02  2.50047403e+00  3.78318578e+00  2.45359462e+00  2.45118726e+00 -3.35088848e-05 
 3.84264000e-02  2.50044614e+00  3.78581198e+00  2.45622275e+00  2.45377158e+00 -3.34899761e-05 
 3.84314000e-02  2.50041780e+00  3.78848135e+00  2.45889373e+00  2.45640120e+00 -3.34707562e-05 
 3.84364000e-02  2.50038906e+00  3.79119122e+00  2.46160490e+00  2.45907350e+00 -3.34512443e-05 
 3.84414000e-02  2.50035993e+00  3.79393889e+00  2.46435357e+00  2.46178582e+00 -3.34314598e-05 
 3.84464000e-02  2.50033045e+00  3.79672164e+00  2.46713699e+00  2.46453544e+00 -3.34114225e-05 
 3.84514000e-02  2.50030064e+00  3.79953668e+00  2.46995239e+00  2.46731964e+00 -3.33911524e-05 
 3.84564000e-02  2.50027053e+00  3.80238122e+00  2.47279698e+00  2.47013564e+00 -3.33706697e-05 
 3.84614000e-02  2.50024016e+00  3.80525243e+00  2.47566792e+00  2.47298064e+00 -3.33499948e-05 
 3.84664000e-02  2.50020955e+00  3.80814746e+00  2.47856236e+00  2.47585182e+00 -3.33291482e-05 
 3.84714000e-02  2.50017873e+00  3.81106343e+00  2.48147744e+00  2.47874632e+00 -3.33081508e-05 
 3.84764000e-02  2.50014774e+00  3.81399744e+00  2.48441024e+00  2.48166126e+00 -3.32870233e-05 
 3.84814000e-02  2.50011660e+00  3.81694660e+00  2.48735788e+00  2.48459376e+00 -3.32657868e-05 
 3.84864000e-02  2.50008535e+00  3.81990797e+00  2.49031741e+00  2.48754090e+00 -3.32444624e-05 
 3.84914000e-02  2.50005401e+00  3.82287861e+00  2.49328592e+00  2.49049977e+00 -3.32230711e-05 
 3.84964000e-02  2.50002262e+00  3.82585560e+00  2.49626046e+00  2.49346742e+00 -3.32016343e-05 
 3.85014000e-02  2.49999120e+00  3.82883598e+00  2.49923809e+00  2.49644093e+00 -3.31801730e-05 
 3.85064000e-02  2.49995980e+00  3.83181680e+00  2.50221587e+00  2.49941736e+00 -3.31587086e-05 
 3.85114000e-02  2.49992843e+00  3.83479512e+00  2.50519084e+00  2.50239375e+00 -3.31372623e-05 
 3.85164000e-02  2.49989714e+00  3.83776801e+00  2.50816009e+00  2.50536716e+00 -3.31158551e-05 
 3.85214000e-02  2.49986594e+00  3.84073251e+00  2.51112066e+00  2.50833467e+00 -3.30945084e-05 
 3.85264000e-02  2.49983488e+00  3.84368572e+00  2.51406965e+00  2.51129334e+00 -3.30732430e-05 
 3.85314000e-02  2.49980399e+00  3.84662472e+00  2.51700415e+00  2.51424026e+00 -3.30520800e-05 
 3.85364000e-02  2.49977328e+00  3.84954662e+00  2.51992127e+00  2.51717252e+00 -3.30310401e-05 
 3.85414000e-02  2.49974280e+00  3.85244854e+00  2.52281814e+00  2.52008723e+00 -3.30101441e-05 
 3.85464000e-02  2.49971257e+00  3.85532763e+00  2.52569191e+00  2.52298153e+00 -3.29894124e-05 
 3.85514000e-02  2.49968263e+00  3.85818106e+00  2.52853976e+00  2.52585257e+00 -3.29688655e-05 
 3.85564000e-02  2.49965300e+00  3.86100603e+00  2.53135889e+00  2.52869754e+00 -3.29485234e-05 
 3.85614000e-02  2.49962371e+00  3.86379977e+00  2.53414653e+00  2.53151363e+00 -3.29284061e-05 
 3.85664000e-02  2.49959479e+00  3.86655953e+00  2.53689996e+00  2.53429809e+00 -3.29085332e-05 
 3.85714000e-02  2.49956628e+00  3.86928262e+00  2.53961648e+00  2.53704818e+00 -3.28889242e-05 
 3.85764000e-02  2.49953819e+00  3.87196638e+00  2.54229342e+00  2.53976121e+00 -3.28695982e-05 
 3.85814000e-02  2.49951056e+00  3.87460817e+00  2.54492818e+00  2.54243454e+00 -3.28505741e-05 
 3.85864000e-02  2.49948341e+00  3.87720541e+00  2.54751817e+00  2.54506553e+00 -3.28318705e-05 
 3.85914000e-02  2.49945677e+00  3.87975557e+00  2.55006086e+00  2.54765163e+00 -3.28135054e-05 
 3.85964000e-02  2.49943066e+00  3.88225616e+00  2.55255378e+00  2.55019031e+00 -3.27954969e-05 
 3.86014000e-02  2.49940512e+00  3.88470475e+00  2.55499450e+00  2.55267908e+00 -3.27778623e-05 
 3.86064000e-02  2.49938017e+00  3.88709893e+00  2.55738064e+00  2.55511553e+00 -3.27606189e-05 
 3.86114000e-02  2.49935582e+00  3.88943640e+00  2.55970986e+00  2.55749728e+00 -3.27437833e-05 
 3.86164000e-02  2.49933212e+00  3.89171486e+00  2.56197992e+00  2.55982201e+00 -3.27273718e-05 
 3.86214000e-02  2.49930907e+00  3.89393212e+00  2.56418860e+00  2.56208746e+00 -3.27114004e-05 
 3.86264000e-02  2.49928670e+00  3.89608600e+00  2.56633375e+00  2.56429143e+00 -3.26958845e-05 
 3.86314000e-02  2.49926504e+00  3.89817443e+00  2.56841330e+00  2.56643178e+00 -3.26808390e-05 
 3.86364000e-02  2.49924410e+00  3.90019537e+00  2.57042523e+00  2.56850642e+00 -3.26662786e-05 
 3.86414000e-02  2.49922391e+00  3.90214687e+00  2.57236758e+00  2.57051336e+00 -3.26522172e-05 
 3.86464000e-02  2.49920448e+00  3.90402704e+00  2.57423848e+00  2.57245063e+00 -3.26386685e-05 
 3.86514000e-02  2.49918584e+00  3.90583406e+00  2.57603612e+00  2.57431638e+00 -3.26256453e-05 
 3.86564000e-02  2.49916801e+00  3.90756617e+00  2.57775875e+00  2.57610878e+00 -3.26131604e-05 
 3.86614000e-02  2.49915099e+00  3.90922171e+00  2.57940471e+00  2.57782611e+00 -3.26012257e-05 
 3.86664000e-02  2.49913481e+00  3.91079907e+00  2.58097241e+00  2.57946670e+00 -3.25898526e-05 
 3.86714000e-02  2.49911949e+00  3.91229673e+00  2.58246034e+00  2.58102898e+00 -3.25790522e-05 
 3.86764000e-02  2.49910503e+00  3.91371325e+00  2.58386706e+00  2.58251142e+00 -3.25688346e-05 
 3.86814000e-02  2.49909146e+00  3.91504725e+00  2.58519121e+00  2.58391261e+00 -3.25592099e-05 
 3.86864000e-02  2.49907879e+00  3.91629746e+00  2.58643152e+00  2.58523119e+00 -3.25501871e-05 
 3.86914000e-02  2.49906702e+00  3.91746267e+00  2.58758679e+00  2.58646589e+00 -3.25417749e-05 
 3.86964000e-02  2.49905618e+00  3.91854175e+00  2.58865591e+00  2.58761551e+00 -3.25339813e-05 
 3.87014000e-02  2.49904626e+00  3.91953366e+00  2.58963785e+00  2.58867896e+00 -3.25268140e-05 
 3.87064000e-02  2.49903729e+00  3.92043746e+00  2.59053166e+00  2.58965521e+00 -3.25202796e-05 
 3.87114000e-02  2.49902927e+00  3.92125227e+00  2.59133649e+00  2.59054331e+00 -3.25143844e-05 
 3.87164000e-02  2.49902220e+00  3.92197731e+00  2.59205156e+00  2.59134242e+00 -3.25091341e-05 
 3.87214000e-02  2.49901610e+00  3.92261187e+00  2.59267618e+00  2.59205176e+00 -3.25045336e-05 
 3.87264000e-02  2.49901097e+00  3.92315536e+00  2.59320975e+00  2.59267065e+00 -3.25005875e-05 
 3.87314000e-02  2.49900682e+00  3.92360725e+00  2.59365177e+00  2.59319850e+00 -3.24972994e-05 
 3.87364000e-02  2.49900365e+00  3.92396709e+00  2.59400179e+00  2.59363481e+00 -3.24946725e-05 
 3.87414000e-02  2.49900146e+00  3.92423456e+00  2.59425950e+00  2.59397914e+00 -3.24927093e-05 
 3.87464000e-02  2.49900026e+00  3.92440938e+00  2.59442464e+00  2.59423118e+00 -3.24914116e-05 
 3.87514000e-02  2.49900004e+00  3.92449140e+00  2.59449705e+00  2.59439067e+00 -3.24907808e-05 
 3.87564000e-02  2.49900081e+00  3.92448053e+00  2.59447667e+00  2.59445747e+00 -3.24908174e-05 
 3.87614000e-02  2.49900256e+00  3.92437678e+00  2.59436350e+00  2.59443151e+00 -3.24915214e-05 
 3.87664000e-02  2.49900530e+00  3.92418026e+00  2.59415767e+00  2.59431281e+00 -3.24928921e-05 
 3.87714000e-02  2.49900903e+00  3.92389114e+00  2.59385937e+00  2.59410150e+00 -3.24949282e-05 
 3.87764000e-02  2.49901373e+00  3.92350972e+00  2.59346888e+00  2.59379776e+00 -3.24976278e-05 
 3.87814000e-02  2.49901940e+00  3.92303635e+00  2.59298658e+00  2.59340191e+00 -3.25009883e-05 
 3.87864000e-02  2.49902604e+00  3.92247148e+00  2.59241294e+00  2.59291430e+00 -3.25050065e-05 
 3.87914000e-02  2.49903364e+00  3.92181567e+00  2.59174850e+00  2.59233542e+00 -3.25096786e-05 
 3.87964000e-02  2.49904220e+00  3.92106955e+00  2.59099390e+00  2.59166582e+00 -3.25150001e-05 
 3.88014000e-02  2.49905170e+00  3.92023382e+00  2.59014988e+00  2.59090615e+00 -3.25209660e-05 
 3.88064000e-02  2.49906214e+00  3.91930929e+00  2.58921723e+00  2.59005712e+00 -3.25275705e-05 
 3.88114000e-02  2.49907350e+00  3.91829686e+00  2.58819687e+00  2.58911957e+00 -3.25348073e-05 
 3.88164000e-02  2.49908577e+00  3.91719749e+00  2.58708976e+00  2.58809439e+00 -3.25426696e-05 
 3.88214000e-02  2.49909895e+00  3.91601225e+00  2.58589698e+00  2.58698257e+00 -3.25511498e-05 
 3.88264000e-02  2.49911302e+00  3.91474228e+00  2.58461968e+00  2.58578518e+00 -3.25602397e-05 
 3.88314000e-02  2.49912796e+00  3.91338879e+00  2.58325908e+00  2.58450337e+00 -3.25699308e-05 
 3.88364000e-02  2.49914377e+00  3.91195311e+00  2.58181650e+00  2.58313839e+00 -3.25802136e-05 
 3.88414000e-02  2.49916042e+00  3.91043660e+00  2.58029334e+00  2.58169153e+00 -3.25910784e-05 
 3.88464000e-02  2.49917790e+00  3.90884073e+00  2.57869105e+00  2.58016421e+00 -3.26025147e-05 
 3.88514000e-02  2.49919618e+00  3.90716705e+00  2.57701119e+00  2.57855790e+00 -3.26145116e-05 
 3.88564000e-02  2.49921527e+00  3.90541717e+00  2.57525538e+00  2.57687414e+00 -3.26270575e-05 
 3.88614000e-02  2.49923512e+00  3.90359279e+00  2.57342533e+00  2.57511457e+00 -3.26401403e-05 
 3.88664000e-02  2.49925574e+00  3.90169567e+00  2.57152279e+00  2.57328088e+00 -3.26537475e-05 
 3.88714000e-02  2.49927708e+00  3.89972764e+00  2.56954961e+00  2.57137485e+00 -3.26678659e-05 
 3.88764000e-02  2.49929914e+00  3.89769062e+00  2.56750771e+00  2.56939833e+00 -3.26824820e-05 
 3.88814000e-02  2.49932189e+00  3.89558657e+00  2.56539906e+00  2.56735323e+00 -3.26975817e-05 
 3.88864000e-02  2.49934531e+00  3.89341754e+00  2.56322572e+00  2.56524154e+00 -3.27131503e-05 
 3.88914000e-02  2.49936938e+00  3.89118563e+00  2.56098978e+00  2.56306529e+00 -3.27291728e-05 
 3.88964000e-02  2.49939407e+00  3.88889302e+00  2.55869342e+00  2.56082662e+00 -3.27456338e-05 
 3.89014000e-02  2.49941935e+00  3.88654193e+00  2.55633888e+00  2.55852768e+00 -3.27625172e-05 
 3.89064000e-02  2.49944521e+00  3.88413465e+00  2.55392844e+00  2.55617072e+00 -3.27798068e-05 
 3.89114000e-02  2.49947162e+00  3.88167352e+00  2.55146446e+00  2.55375803e+00 -3.27974857e-05 
 3.89164000e-02  2.49949855e+00  3.87916095e+00  2.54894933e+00  2.55129196e+00 -3.28155368e-05 
 3.89214000e-02  2.49952597e+00  3.87659938e+00  2.54638550e+00  2.54877491e+00 -3.28339425e-05 
 3.89264000e-02  2.49955386e+00  3.87399130e+00  2.54377549e+00  2.54620935e+00 -3.28526849e-05 
 3.89314000e-02  2.49958220e+00  3.87133928e+00  2.54112183e+00  2.54359776e+00 -3.28717458e-05 
 3.89364000e-02  2.49961094e+00  3.86864590e+00  2.53842713e+00  2.54094271e+00 -3.28911066e-05 
 3.89414000e-02  2.49964007e+00  3.86591380e+00  2.53569402e+00  2.53824678e+00 -3.29107483e-05 
 3.89464000e-02  2.49966955e+00  3.86314565e+00  2.53292517e+00  2.53551262e+00 -3.29306519e-05 
 3.89514000e-02  2.49969936e+00  3.86034416e+00  2.53012330e+00  2.53274291e+00 -3.29507979e-05 
 3.89564000e-02  2.49972947e+00  3.85751208e+00  2.52729115e+00  2.52994035e+00 -3.29711664e-05 
 3.89614000e-02  2.49975984e+00  3.85465219e+00  2.52443151e+00  2.52710770e+00 -3.29917376e-05 
 3.89664000e-02  2.49979045e+00  3.85176730e+00  2.52154718e+00  2.52424773e+00 -3.30124914e-05 
 3.89714000e-02  2.49982127e+00  3.84886025e+00  2.51864100e+00  2.52136326e+00 -3.30334072e-05 
 3.89764000e-02  2.49985226e+00  3.84593388e+00  2.51571582e+00  2.51845711e+00 -3.30544647e-05 
 3.89814000e-02  2.49988340e+00  3.84299109e+00  2.51277453e+00  2.51553216e+00 -3.30756430e-05 
 3.89864000e-02  2.49991465e+00  3.84003477e+00  2.50982002e+00  2.51259127e+00 -3.30969213e-05 
 3.89914000e-02  2.49994599e+00  3.83706783e+00  2.50685521e+00  2.50963734e+00 -3.31182787e-05 
 3.89964000e-02  2.49997738e+00  3.83409321e+00  2.50388301e+00  2.50667329e+00 -3.31396941e-05 
 3.90014000e-02  2.50000880e+00  3.83111383e+00  2.50090636e+00  2.50370204e+00 -3.31611463e-05 
 3.90064000e-02  2.50004020e+00  3.82813264e+00  2.49792821e+00  2.50072652e+00 -3.31826142e-05 
 3.90114000e-02  2.50007157e+00  3.82515259e+00  2.49495149e+00  2.49774967e+00 -3.32040766e-05 
 3.90164000e-02  2.50010286e+00  3.82217663e+00  2.49197916e+00  2.49477443e+00 -3.32255122e-05 
 3.90214000e-02  2.50013406e+00  3.81920770e+00  2.48901415e+00  2.49180375e+00 -3.32468997e-05 
 3.90264000e-02  2.50016512e+00  3.81624873e+00  2.48605939e+00  2.48884057e+00 -3.32682180e-05 
 3.90314000e-02  2.50019601e+00  3.81330267e+00  2.48311783e+00  2.48588782e+00 -3.32894459e-05 
 3.90364000e-02  2.50022672e+00  3.81037244e+00  2.48019236e+00  2.48294843e+00 -3.33105624e-05 
 3.90414000e-02  2.50025720e+00  3.80746093e+00  2.47728591e+00  2.48002531e+00 -3.33315465e-05 
 3.90464000e-02  2.50028743e+00  3.80457105e+00  2.47440135e+00  2.47712136e+00 -3.33523772e-05 
 3.90514000e-02  2.50031737e+00  3.80170566e+00  2.47154154e+00  2.47423948e+00 -3.33730340e-05 
 3.90564000e-02  2.50034700e+00  3.79886762e+00  2.46870934e+00  2.47138251e+00 -3.33934961e-05 
 3.90614000e-02  2.50037629e+00  3.79605973e+00  2.46590755e+00  2.46855330e+00 -3.34137432e-05 
 3.90664000e-02  2.50040521e+00  3.79328480e+00  2.46313897e+00  2.46575466e+00 -3.34337552e-05 
 3.90714000e-02  2.50043372e+00  3.79054559e+00  2.46040635e+00  2.46298938e+00 -3.34535121e-05 
 3.90764000e-02  2.50046181e+00  3.78784483e+00  2.45771241e+00  2.46026022e+00 -3.34729940e-05 
 3.90814000e-02  2.50048944e+00  3.78518521e+00  2.45505984e+00  2.45756988e+00 -3.34921817e-05 
 3.90864000e-02  2.50051659e+00  3.78256938e+00  2.45245128e+00  2.45492105e+00 -3.35110558e-05 
 3.90914000e-02  2.50054323e+00  3.77999994e+00  2.44988934e+00  2.45231637e+00 -3.35295976e-05 
 3.90964000e-02  2.50056934e+00  3.77747947e+00  2.44737656e+00  2.44975844e+00 -3.35477884e-05 
 3.91014000e-02  2.50059488e+00  3.77501048e+00  2.44491546e+00  2.44724981e+00 -3.35656100e-05 
 3.91064000e-02  2.50061983e+00  3.77259543e+00  2.44250850e+00  2.44479298e+00 -3.35830446e-05 
 3.91114000e-02  2.50064418e+00  3.77023674e+00  2.44015808e+00  2.44239042e+00 -3.36000748e-05 
 3.91164000e-02  2.50066788e+00  3.76793676e+00  2.43786654e+00  2.44004451e+00 -3.36166834e-05 
 3.91214000e-02  2.50069093e+00  3.76569780e+00  2.43563619e+00  2.43775761e+00 -3.36328537e-05 
 3.91264000e-02  2.50071330e+00  3.76352209e+00  2.43346925e+00  2.43553199e+00 -3.36485696e-05 
 3.91314000e-02  2.50073496e+00  3.76141180e+00  2.43136789e+00  2.43336989e+00 -3.36638153e-05 
 3.91364000e-02  2.50075590e+00  3.75936906e+00  2.42933421e+00  2.43127347e+00 -3.36785754e-05 
 3.91414000e-02  2.50077609e+00  3.75739591e+00  2.42737024e+00  2.42924483e+00 -3.36928351e-05 
 3.91464000e-02  2.50079552e+00  3.75549431e+00  2.42547797e+00  2.42728599e+00 -3.37065801e-05 
 3.91514000e-02  2.50081416e+00  3.75366618e+00  2.42365927e+00  2.42539893e+00 -3.37197965e-05 
 3.91564000e-02  2.50083199e+00  3.75191335e+00  2.42191597e+00  2.42358552e+00 -3.37324711e-05 
 3.91614000e-02  2.50084901e+00  3.75023757e+00  2.42024982e+00  2.42184758e+00 -3.37445911e-05 
 3.91664000e-02  2.50086519e+00  3.74864052e+00  2.41866249e+00  2.42018687e+00 -3.37561443e-05 
 3.91714000e-02  2.50088051e+00  3.74712381e+00  2.41715557e+00  2.41860503e+00 -3.37671191e-05 
 3.91764000e-02  2.50089497e+00  3.74568895e+00  2.41573057e+00  2.41710367e+00 -3.37775044e-05 
 3.91814000e-02  2.50090854e+00  3.74433739e+00  2.41438892e+00  2.41568428e+00 -3.37872897e-05 
 3.91864000e-02  2.50092121e+00  3.74307048e+00  2.41313196e+00  2.41434828e+00 -3.37964653e-05 
 3.91914000e-02  2.50093298e+00  3.74188949e+00  2.41196097e+00  2.41309702e+00 -3.38050217e-05 
 3.91964000e-02  2.50094382e+00  3.74079560e+00  2.41087710e+00  2.41193175e+00 -3.38129506e-05 
 3.92014000e-02  2.50095374e+00  3.73978991e+00  2.40988146e+00  2.41085365e+00 -3.38202437e-05 
 3.92064000e-02  2.50096271e+00  3.73887344e+00  2.40897503e+00  2.40986379e+00 -3.38268939e-05 
 3.92114000e-02  2.50097073e+00  3.73804710e+00  2.40815874e+00  2.40896316e+00 -3.38328943e-05 
 3.92164000e-02  2.50097780e+00  3.73731172e+00  2.40743339e+00  2.40815268e+00 -3.38382389e-05 
 3.92214000e-02  2.50098390e+00  3.73666804e+00  2.40679972e+00  2.40743315e+00 -3.38429224e-05 
 3.92264000e-02  2.50098903e+00  3.73611671e+00  2.40625836e+00  2.40680529e+00 -3.38469399e-05 
 3.92314000e-02  2.50099318e+00  3.73565828e+00  2.40580986e+00  2.40626975e+00 -3.38502876e-05 
 3.92364000e-02  2.50099635e+00  3.73529320e+00  2.40545466e+00  2.40582705e+00 -3.38529619e-05 
 3.92414000e-02  2.50099854e+00  3.73502185e+00  2.40519313e+00  2.40547764e+00 -3.38549602e-05 
 3.92464000e-02  2.50099974e+00  3.73484450e+00  2.40502553e+00  2.40522187e+00 -3.38562804e-05 
 3.92514000e-02  2.50099996e+00  3.73476133e+00  2.40495202e+00  2.40506000e+00 -3.38569213e-05 
 3.92564000e-02  2.50099919e+00  3.73477242e+00  2.40497268e+00  2.40499218e+00 -3.38568822e-05 
 3.92614000e-02  2.50099744e+00  3.73487775e+00  2.40508748e+00  2.40501850e+00 -3.38561632e-05 
 3.92664000e-02  2.50099470e+00  3.73507723e+00  2.40529632e+00  2.40513892e+00 -3.38547649e-05 
 3.92714000e-02  2.50099097e+00  3.73537065e+00  2.40559898e+00  2.40535331e+00 -3.38526888e-05 
 3.92764000e-02  2.50098627e+00  3.73575771e+00  2.40599515e+00  2.40566147e+00 -3.38499370e-05 
 3.92814000e-02  2.50098060e+00  3.73623803e+00  2.40648445e+00  2.40606309e+00 -3.38465123e-05 
 3.92864000e-02  2.50097396e+00  3.73681113e+00  2.40706637e+00  2.40655776e+00 -3.38424181e-05 
 3.92914000e-02  2.50096636e+00  3.73747643e+00  2.40774034e+00  2.40714498e+00 -3.38376585e-05 
 3.92964000e-02  2.50095780e+00  3.73823326e+00  2.40850568e+00  2.40782417e+00 -3.38322384e-05 
 3.93014000e-02  2.50094830e+00  3.73908086e+00  2.40936162e+00  2.40859464e+00 -3.38261633e-05 
 3.93064000e-02  2.50093786e+00  3.74001837e+00  2.41030729e+00  2.40945562e+00 -3.38194392e-05 
 3.93114000e-02  2.50092650e+00  3.74104487e+00  2.41134176e+00  2.41040625e+00 -3.38120730e-05 
 3.93164000e-02  2.50091423e+00  3.74215932e+00  2.41246397e+00  2.41144557e+00 -3.38040720e-05 
 3.93214000e-02  2.50090105e+00  3.74336060e+00  2.41367282e+00  2.41257253e+00 -3.37954444e-05 
 3.93264000e-02  2.50088698e+00  3.74464750e+00  2.41496707e+00  2.41378601e+00 -3.37861989e-05 
 3.93314000e-02  2.50087204e+00  3.74601873e+00  2.41634544e+00  2.41508479e+00 -3.37763448e-05 
 3.93364000e-02  2.50085623e+00  3.74747292e+00  2.41780654e+00  2.41646757e+00 -3.37658920e-05 
 3.93414000e-02  2.50083958e+00  3.74900861e+00  2.41934891e+00  2.41793295e+00 -3.37548510e-05 
 3.93464000e-02  2.50082210e+00  3.75062426e+00  2.42097099e+00  2.41947948e+00 -3.37432330e-05 
 3.93514000e-02  2.50080382e+00  3.75231824e+00  2.42267117e+00  2.42110559e+00 -3.37310497e-05 
 3.93564000e-02  2.50078473e+00  3.75408887e+00  2.42444774e+00  2.42280966e+00 -3.37183133e-05 
 3.93614000e-02  2.50076488e+00  3.75593437e+00  2.42629892e+00  2.42458999e+00 -3.37050367e-05 
 3.93664000e-02  2.50074426e+00  3.75785288e+00  2.42822285e+00  2.42644477e+00 -3.36912331e-05 
 3.93714000e-02  2.50072292e+00  3.75984249e+00  2.43021761e+00  2.42837217e+00 -3.36769166e-05 
 3.93764000e-02  2.50070086e+00  3.76190120e+00  2.43228120e+00  2.43037025e+00 -3.36621015e-05 
 3.93814000e-02  2.50067811e+00  3.76402696e+00  2.43441155e+00  2.43243700e+00 -3.36468027e-05 
 3.93864000e-02  2.50065469e+00  3.76621763e+00  2.43660654e+00  2.43457036e+00 -3.36310355e-05 
 3.93914000e-02  2.50063062e+00  3.76847102e+00  2.43886396e+00  2.43676820e+00 -3.36148158e-05 
 3.93964000e-02  2.50060593e+00  3.77078489e+00  2.44118157e+00  2.43902832e+00 -3.35981598e-05 
 3.94014000e-02  2.50058065e+00  3.77315692e+00  2.44355704e+00  2.44134845e+00 -3.35810843e-05 
 3.94064000e-02  2.50055479e+00  3.77558473e+00  2.44598800e+00  2.44372627e+00 -3.35636064e-05 
 3.94114000e-02  2.50052838e+00  3.77806591e+00  2.44847202e+00  2.44615942e+00 -3.35457437e-05 
 3.94164000e-02  2.50050145e+00  3.78059797e+00  2.45100662e+00  2.44864546e+00 -3.35275139e-05 
 3.94214000e-02  2.50047403e+00  3.78317840e+00  2.45358928e+00  2.45118191e+00 -3.35089354e-05 
 3.94264000e-02  2.50044614e+00  3.78580460e+00  2.45621741e+00  2.45376624e+00 -3.34900267e-05 
 3.94314000e-02  2.50041780e+00  3.78847397e+00  2.45888839e+00  2.45639587e+00 -3.34708067e-05 
 3.94364000e-02  2.50038906e+00  3.79118385e+00  2.46159957e+00  2.45906817e+00 -3.34512948e-05 
 3.94414000e-02  2.50035993e+00  3.79393153e+00  2.46434824e+00  2.46178049e+00 -3.34315103e-05 
 3.94464000e-02  2.50033045e+00  3.79671427e+00  2.46713166e+00  2.46453012e+00 -3.34114729e-05 
 3.94514000e-02  2.50030064e+00  3.79952932e+00  2.46994707e+00  2.46731432e+00 -3.33912028e-05 
 3.94564000e-02  2.50027053e+00  3.80237386e+00  2.47279167e+00  2.47013033e+00 -3.33707200e-05 
 3.94614000e-02  2.50024016e+00  3.80524508e+00  2.47566261e+00  2.47297533e+00 -3.33500451e-05 
 3.94664000e-02  2.50020955e+00  3.80814011e+00  2.47855706e+00  2.47584652e+00 -3.33291985e-05 
 3.94714000e-02  2.50017873e+00  3.81105609e+00  2.48147214e+00  2.47874102e+00 -3.33082010e-05 
 3.94764000e-02  2.50014774e+00  3.81399011e+00  2.48440495e+00  2.48165597e+00 -3.32870735e-05 
 3.94814000e-02  2.50011660e+00  3.81693927e+00  2.48735259e+00  2.48458847e+00 -3.32658370e-05 
 3.94864000e-02  2.50008535e+00  3.81990064e+00  2.49031214e+00  2.48753562e+00 -3.32445125e-05 
 3.94914000e-02  2.50005401e+00  3.82287129e+00  2.49328065e+00  2.49049449e+00 -3.32231212e-05 
 3.94964000e-02  2.50002262e+00  3.82584828e+00  2.49625519e+00  2.49346215e+00 -3.32016843e-05 
 3.95014000e-02  2.49999120e+00  3.82882866e+00  2.49923283e+00  2.49643567e+00 -3.31802231e-05 
 3.95064000e-02  2.49995980e+00  3.83180949e+00  2.50221061e+00  2.49941209e+00 -3.31587586e-05 
 3.95114000e-02  2.49992843e+00  3.83478782e+00  2.50518559e+00  2.50238849e+00 -3.31373122e-05 
 3.95164000e-02  2.49989714e+00  3.83776071e+00  2.50815484e+00  2.50536191e+00 -3.31159050e-05 
 3.95214000e-02  2.49986594e+00  3.84072522e+00  2.51111542e+00  2.50832942e+00 -3.30945582e-05 
 3.95264000e-02  2.49983488e+00  3.84367843e+00  2.51406441e+00  2.51128810e+00 -3.30732928e-05 
 3.95314000e-02  2.49980399e+00  3.84661744e+00  2.51699892e+00  2.51423502e+00 -3.30521298e-05 
 3.95364000e-02  2.49977328e+00  3.84953934e+00  2.51991604e+00  2.51716728e+00 -3.30310898e-05 
 3.95414000e-02  2.49974280e+00  3.85244126e+00  2.52281292e+00  2.52008200e+00 -3.30101938e-05 
 3.95464000e-02  2.49971257e+00  3.85532036e+00  2.52568669e+00  2.52297631e+00 -3.29894621e-05 
 3.95514000e-02  2.49968263e+00  3.85817379e+00  2.52853454e+00  2.52584736e+00 -3.29689151e-05 
 3.95564000e-02  2.49965300e+00  3.86099877e+00  2.53135368e+00  2.52869233e+00 -3.29485730e-05 
 3.95614000e-02  2.49962371e+00  3.86379251e+00  2.53414133e+00  2.53150842e+00 -3.29284556e-05 
 3.95664000e-02  2.49959479e+00  3.86655228e+00  2.53689476e+00  2.53429288e+00 -3.29085827e-05 
 3.95714000e-02  2.49956628e+00  3.86927538e+00  2.53961129e+00  2.53704298e+00 -3.28889737e-05 
 3.95764000e-02  2.49953819e+00  3.87195913e+00  2.54228824e+00  2.53975602e+00 -3.28696477e-05 
 3.95814000e-02  2.49951056e+00  3.87460093e+00  2.54492299e+00  2.54242935e+00 -3.28506236e-05 
 3.95864000e-02  2.49948341e+00  3.87719818e+00  2.54751299e+00  2.54506035e+00 -3.28319199e-05 
 3.95914000e-02  2.49945677e+00  3.87974834e+00  2.55005569e+00  2.54764646e+00 -3.28135548e-05 
 3.95964000e-02  2.49943066e+00  3.88224894e+00  2.55254862e+00  2.55018514e+00 -3.27955462e-05 
 3.96014000e-02  2.49940512e+00  3.88469752e+00  2.55498934e+00  2.55267392e+00 -3.27779116e-05 
 3.96064000e-02  2.49938017e+00  3.88709172e+00  2.55737548e+00  2.55511037e+00 -3.27606681e-05 
 3.96114000e-02  2.49935582e+00  3.88942919e+00  2.55970471e+00  2.55749212e+00 -3.27438325e-05 
 3.96164000e-02  2.49933212e+00  3.89170766e+00  2.56197477e+00  2.55981686e+00 -3.27274210e-05 
 3.96214000e-02  2.49930907e+00  3.89392491e+00  2.56418346e+00  2.56208231e+00 -3.27114495e-05 
 3.96264000e-02  2.49928670e+00  3.89607880e+00  2.56632862e+00  2.56428629e+00 -3.26959336e-05 
 3.96314000e-02  2.49926504e+00  3.89816724e+00  2.56840817e+00  2.56642664e+00 -3.26808881e-05 
 3.96364000e-02  2.49924410e+00  3.90018818e+00  2.57042010e+00  2.56850129e+00 -3.26663276e-05 
 3.96414000e-02  2.49922391e+00  3.90213969e+00  2.57236246e+00  2.57050823e+00 -3.26522662e-05 
 3.96464000e-02  2.49920448e+00  3.90401986e+00  2.57423337e+00  2.57244551e+00 -3.26387174e-05 
 3.96514000e-02  2.49918584e+00  3.90582688e+00  2.57603101e+00  2.57431126e+00 -3.26256943e-05 
 3.96564000e-02  2.49916801e+00  3.90755900e+00  2.57775364e+00  2.57610366e+00 -3.26132093e-05 
 3.96614000e-02  2.49915099e+00  3.90921454e+00  2.57939961e+00  2.57782100e+00 -3.26012745e-05 
 3.96664000e-02  2.49913481e+00  3.91079190e+00  2.58096731e+00  2.57946160e+00 -3.25899015e-05 
 3.96714000e-02  2.49911949e+00  3.91228957e+00  2.58245524e+00  2.58102388e+00 -3.25791009e-05 
 3.96764000e-02  2.49910503e+00  3.91370609e+00  2.58386197e+00  2.58250633e+00 -3.25688834e-05 
 3.96814000e-02  2.49909146e+00  3.91504010e+00  2.58518612e+00  2.58390752e+00 -3.25592586e-05 
 3.96864000e-02  2.49907879e+00  3.91629031e+00  2.58642644e+00  2.58522610e+00 -3.25502358e-05 
 3.96914000e-02  2.49906702e+00  3.91745552e+00  2.58758171e+00  2.58646080e+00 -3.25418235e-05 
 3.96964000e-02  2.49905618e+00  3.91853460e+00  2.58865083e+00  2.58761044e+00 -3.25340300e-05 
 3.97014000e-02  2.49904626e+00  3.91952652e+00  2.58963278e+00  2.58867389e+00 -3.25268626e-05 
 3.97064000e-02  2.49903729e+00  3.92043033e+00  2.59052659e+00  2.58965014e+00 -3.25203281e-05 
 3.97114000e-02  2.49902927e+00  3.92124514e+00  2.59133143e+00  2.59053824e+00 -3.25144329e-05 
 3.97164000e-02  2.49902220e+00  3.92197018e+00  2.59204650e+00  2.59133735e+00 -3.25091826e-05 
 3.97214000e-02  2.49901610e+00  3.92260475e+00  2.59267112e+00  2.59204670e+00 -3.25045821e-05 
 3.97264000e-02  2.49901097e+00  3.92314824e+00  2.59320470e+00  2.59266560e+00 -3.25006360e-05 
 3.97314000e-02  2.49900682e+00  3.92360013e+00  2.59364672e+00  2.59319345e+00 -3.24973478e-05 
 3.97364000e-02  2.49900365e+00  3.92395998e+00  2.59399675e+00  2.59362976e+00 -3.24947209e-05 
 3.97414000e-02  2.49900146e+00  3.92422745e+00  2.59425446e+00  2.59397410e+00 -3.24927577e-05 
 3.97464000e-02  2.49900026e+00  3.92440227e+00  2.59441960e+00  2.59422614e+00 -3.24914600e-05 
 3.97514000e-02  2.49900004e+00  3.92448429e+00  2.59449202e+00  2.59438563e+00 -3.24908291e-05 
 3.97564000e-02  2.49900081e+00  3.92447343e+00  2.59447164e+00  2.59445244e+00 -3.24908657e-05 
 3.97614000e-02  2.49900256e+00  3.92436968e+00  2.59435848e+00  2.59442648e+00 -3.24915697e-05 
 3.97664000e-02  2.49900530e+00  3.92417316e+00  2.59415265e+00  2.59430779e+00 -3.24929403e-05 
 3.97714000e-02  2.49900903e+00  3.92388405e+00  2.59385435e+00  2.59409647e+00 -3.24949765e-05 
 3.97764000e-02  2.49901373e+00  3.92350263e+00  2.59346386e+00  2.59379275e+00 -3.24976760e-05 
 3.97814000e-02  2.49901940e+00  3.92302926e+00  2.59298157e+00  2.59339689e+00 -3.25010365e-05 
 3.97864000e-02  2.49902604e+00  3.92246440e+00  2.59240793e+00  2.59290929e+00 -3.25050547e-05 
 3.97914000e-02  2.49903364e+00  3.92180859e+00  2.59174349e+00  2.59233041e+00 -3.25097268e-05 
 3.97964000e-02  2.49904220e+00  3.92106247e+00  2.59098890e+00  2.59166082e+00 -3.25150483e-05 
 3.98014000e-02  2.49905170e+00  3.92022674e+00  2.59014488e+00  2.59090114e+00 -3.25210141e-05 
 3.98064000e-02  2.49906214e+00  3.91930222e+00  2.58921223e+00  2.59005212e+00 -3.25276186e-05 
 3.98114000e-02  2.49907350e+00  3.91828979e+00  2.58819187e+00  2.58911457e+00 -3.25348555e-05 
 3.98164000e-02  2.49908577e+00  3.91719042e+00  2.58708477e+00  2.58808940e+00 -3.25427177e-05 
 3.98214000e-02  2.49909895e+00  3.91600518e+00  2.58589199e+00  2.58697758e+00 -3.25511979e-05 
 3.98264000e-02  2.49911302e+00  3.91473521e+00  2.58461469e+00  2.58578019e+00 -3.25602878e-05 
 3.98314000e-02  2.49912796e+00  3.91338173e+00  2.58325410e+00  2.58449839e+00 -3.25699788e-05 
 3.98364000e-02  2.49914377e+00  3.91194604e+00  2.58181152e+00  2.58313340e+00 -3.25802617e-05 
 3.98414000e-02  2.49916042e+00  3.91042954e+00  2.58028836e+00  2.58168655e+00 -3.25911264e-05 
 3.98464000e-02  2.49917790e+00  3.90883367e+00  2.57868607e+00  2.58015924e+00 -3.26025627e-05 
 3.98514000e-02  2.49919618e+00  3.90715999e+00  2.57700622e+00  2.57855292e+00 -3.26145596e-05 
 3.98564000e-02  2.49921527e+00  3.90541012e+00  2.57525041e+00  2.57686917e+00 -3.26271055e-05 
 3.98614000e-02  2.49923512e+00  3.90358574e+00  2.57342036e+00  2.57510960e+00 -3.26401883e-05 
 3.98664000e-02  2.49925574e+00  3.90168862e+00  2.57151782e+00  2.57327591e+00 -3.26537954e-05 
 3.98714000e-02  2.49927708e+00  3.89972059e+00  2.56954465e+00  2.57136989e+00 -3.26679139e-05 
 3.98764000e-02  2.49929914e+00  3.89768357e+00  2.56750275e+00  2.56939337e+00 -3.26825300e-05 
 3.98814000e-02  2.49932189e+00  3.89557952e+00  2.56539410e+00  2.56734827e+00 -3.26976296e-05 
 3.98864000e-02  2.49934531e+00  3.89341049e+00  2.56322076e+00  2.56523658e+00 -3.27131982e-05 
 3.98914000e-02  2.49936938e+00  3.89117859e+00  2.56098482e+00  2.56306034e+00 -3.27292207e-05 
 3.98964000e-02  2.49939407e+00  3.88888598e+00  2.55868847e+00  2.56082166e+00 -3.27456817e-05 
 3.99014000e-02  2.49941935e+00  3.88653489e+00  2.55633393e+00  2.55852273e+00 -3.27625651e-05 
 3.99064000e-02  2.49944521e+00  3.88412761e+00  2.55392349e+00  2.55616577e+00 -3.27798547e-05 
 3.99114000e-02  2.49947162e+00  3.88166649e+00  2.55145951e+00  2.55375308e+00 -3.27975336e-05 
 3.99164000e-02  2.49949855e+00  3.87915391e+00  2.54894438e+00  2.55128701e+00 -3.28155846e-05 
 3.99214000e-02  2.49952597e+00  3.87659234e+00  2.54638056e+00  2.54876997e+00 -3.28339903e-05 
 3.99264000e-02  2.49955386e+00  3.87398427e+00  2.54377055e+00  2.54620440e+00 -3.28527327e-05 
 3.99314000e-02  2.49958220e+00  3.87133225e+00  2.54111689e+00  2.54359282e+00 -3.28717936e-05 
 3.99364000e-02  2.49961094e+00  3.86863887e+00  2.53842219e+00  2.54093777e+00 -3.28911544e-05 
 3.99414000e-02  2.49964007e+00  3.86590677e+00  2.53568908e+00  2.53824184e+00 -3.29107962e-05 
 3.99464000e-02  2.49966955e+00  3.86313862e+00  2.53292024e+00  2.53550769e+00 -3.29306997e-05 
 3.99514000e-02  2.49969936e+00  3.86033713e+00  2.53011837e+00  2.53273798e+00 -3.29508457e-05 
 3.99564000e-02  2.49972947e+00  3.85750506e+00  2.52728622e+00  2.52993542e+00 -3.29712142e-05 
 3.99614000e-02  2.49975984e+00  3.85464517e+00  2.52442658e+00  2.52710277e+00 -3.29917854e-05 
 3.99664000e-02  2.49979045e+00  3.85176028e+00  2.52154226e+00  2.52424280e+00 -3.30125391e-05 
 3.99714000e-02  2.49982127e+00  3.84885323e+00  2.51863608e+00  2.52135833e+00 -3.30334550e-05 
 3.99764000e-02  2.49985226e+00  3.84592686e+00  2.51571090e+00  2.51845219e+00 -3.30545124e-05 
 3.99814000e-02  2.49988340e+00  3.84298407e+00  2.51276961e+00  2.51552724e+00 -3.30756907e-05 
 3.99864000e-02  2.49991465e+00  3.84002775e+00  2.50981510e+00  2.51258635e+00 -3.30969690e-05 
 3.99914000e-02  2.49994599e+00  3.83706082e+00  2.50685029e+00  2.50963242e+00 -3.31183264e-05 
 3.99964000e-02  2.49997738e+00  3.83408619e+00  2.50387809e+00  2.50666837e+00 -3.31397418e-05 
 4.00014000e-02  2.50000880e+00  3.83110682e+00  2.50090145e+00  2.50369712e+00 -3.31611940e-05 
 4.00064000e-02  2.50004020e+00  3.82812563e+00  2.49792330e+00  2.50072160e+00 -3.31826620e-05 
 4.00114000e-02  2.50007157e+00  3.82514559e+00  2.49494659e+00  2.49774476e+00 -3.32041243e-05 
 4.00164000e-02  2.50010286e+00  3.82216962e+00  2.49197425e+00  2.49476952e+00 -3.32255599e-05 
 4.00214000e-02  2.50013406e+00  3.81920069e+00  2.48900924e+00  2.49179885e+00 -3.32469474e-05 
 4.00264000e-02  2.50016512e+00  3.81624173e+00  2.48605449e+00  2.48883567e+00 -3.32682657e-05 
 4.00314000e-02  2.50019601e+00  3.81329567e+00  2.48311293e+00  2.48588292e+00 -3.32894936e-05 
 4.00364000e-02  2.50022672e+00  3.81036544e+00  2.48018747e+00  2.48294353e+00 -3.33106101e-05 
 4.00414000e-02  2.50025720e+00  3.80745394e+00  2.47728101e+00  2.48002041e+00 -3.33315941e-05 
 4.00464000e-02  2.50028743e+00  3.80456406e+00  2.47439645e+00  2.47711647e+00 -3.33524249e-05 
 4.00514000e-02  2.50031737e+00  3.80169867e+00  2.47153665e+00  2.47423458e+00 -3.33730816e-05 
 4.00564000e-02  2.50034700e+00  3.79886062e+00  2.46870445e+00  2.47137762e+00 -3.33935437e-05 
 4.00614000e-02  2.50037629e+00  3.79605274e+00  2.46590267e+00  2.46854841e+00 -3.34137909e-05 
 4.00664000e-02  2.50040521e+00  3.79327781e+00  2.46313409e+00  2.46574978e+00 -3.34338028e-05 
 4.00714000e-02  2.50043372e+00  3.79053861e+00  2.46040147e+00  2.46298450e+00 -3.34535597e-05 
 4.00764000e-02  2.50046181e+00  3.78783785e+00  2.45770753e+00  2.46025533e+00 -3.34730416e-05 
 4.00814000e-02  2.50048944e+00  3.78517823e+00  2.45505496e+00  2.45756500e+00 -3.34922292e-05 
 4.00864000e-02  2.50051659e+00  3.78256239e+00  2.45244641e+00  2.45491617e+00 -3.35111034e-05 
 4.00914000e-02  2.50054323e+00  3.77999296e+00  2.44988446e+00  2.45231149e+00 -3.35296451e-05 
 4.00964000e-02  2.50056934e+00  3.77747249e+00  2.44737169e+00  2.44975356e+00 -3.35478359e-05 
 4.01014000e-02  2.50059488e+00  3.77500350e+00  2.44491059e+00  2.44724494e+00 -3.35656575e-05 
 4.01064000e-02  2.50061983e+00  3.77258846e+00  2.44250363e+00  2.44478811e+00 -3.35830922e-05 
 4.01114000e-02  2.50064418e+00  3.77022977e+00  2.44015321e+00  2.44238555e+00 -3.36001223e-05 
 4.01164000e-02  2.50066788e+00  3.76792979e+00  2.43786168e+00  2.44003965e+00 -3.36167309e-05 
 4.01214000e-02  2.50069093e+00  3.76569083e+00  2.43563133e+00  2.43775274e+00 -3.36329012e-05 
 4.01264000e-02  2.50071330e+00  3.76351512e+00  2.43346439e+00  2.43552713e+00 -3.36486171e-05 
 4.01314000e-02  2.50073496e+00  3.76140484e+00  2.43136303e+00  2.43336504e+00 -3.36638627e-05 
 4.01364000e-02  2.50075590e+00  3.75936210e+00  2.42932935e+00  2.43126862e+00 -3.36786228e-05 
 4.01414000e-02  2.50077609e+00  3.75738894e+00  2.42736539e+00  2.42923998e+00 -3.36928825e-05 
 4.01464000e-02  2.50079552e+00  3.75548735e+00  2.42547312e+00  2.42728114e+00 -3.37066275e-05 
 4.01514000e-02  2.50081416e+00  3.75365922e+00  2.42365442e+00  2.42539408e+00 -3.37198439e-05 
 4.01564000e-02  2.50083199e+00  3.75190639e+00  2.42191113e+00  2.42358067e+00 -3.37325185e-05 
 4.01614000e-02  2.50084901e+00  3.75023062e+00  2.42024498e+00  2.42184274e+00 -3.37446384e-05 
 4.01664000e-02  2.50086519e+00  3.74863357e+00  2.41865765e+00  2.42018203e+00 -3.37561916e-05 
 4.01714000e-02  2.50088051e+00  3.74711686e+00  2.41715073e+00  2.41860020e+00 -3.37671664e-05 
 4.01764000e-02  2.50089497e+00  3.74568201e+00  2.41572574e+00  2.41709883e+00 -3.37775517e-05 
 4.01814000e-02  2.50090854e+00  3.74433045e+00  2.41438409e+00  2.41567944e+00 -3.37873370e-05 
 4.01864000e-02  2.50092121e+00  3.74306354e+00  2.41312714e+00  2.41434345e+00 -3.37965125e-05 
 4.01914000e-02  2.50093298e+00  3.74188255e+00  2.41195615e+00  2.41309220e+00 -3.38050690e-05 
 4.01964000e-02  2.50094382e+00  3.74078866e+00  2.41087228e+00  2.41192693e+00 -3.38129978e-05 
 4.02014000e-02  2.50095374e+00  3.73978298e+00  2.40987664e+00  2.41084883e+00 -3.38202909e-05 
 4.02064000e-02  2.50096271e+00  3.73886651e+00  2.40897022e+00  2.40985897e+00 -3.38269410e-05 
 4.02114000e-02  2.50097073e+00  3.73804017e+00  2.40815393e+00  2.40895835e+00 -3.38329414e-05 
 4.02164000e-02  2.50097780e+00  3.73730480e+00  2.40742858e+00  2.40814787e+00 -3.38382860e-05 
 4.02214000e-02  2.50098390e+00  3.73666112e+00  2.40679492e+00  2.40742834e+00 -3.38429695e-05 
 4.02264000e-02  2.50098903e+00  3.73610979e+00  2.40625356e+00  2.40680049e+00 -3.38469870e-05 
 4.02314000e-02  2.50099318e+00  3.73565136e+00  2.40580506e+00  2.40626495e+00 -3.38503346e-05 
 4.02364000e-02  2.50099635e+00  3.73528629e+00  2.40544987e+00  2.40582225e+00 -3.38530089e-05 
 4.02414000e-02  2.50099854e+00  3.73501494e+00  2.40518834e+00  2.40547285e+00 -3.38550072e-05 
 4.02464000e-02  2.50099974e+00  3.73483760e+00  2.40502074e+00  2.40521708e+00 -3.38563275e-05 
 4.02514000e-02  2.50099996e+00  3.73475442e+00  2.40494723e+00  2.40505521e+00 -3.38569683e-05 
 4.02564000e-02  2.50099919e+00  3.73476551e+00  2.40496790e+00  2.40498740e+00 -3.38569292e-05 
 4.02614000e-02  2.50099744e+00  3.73487085e+00  2.40508270e+00  2.40501372e+00 -3.38562102e-05 
 4.02664000e-02  2.50099470e+00  3.73507033e+00  2.40529154e+00  2.40513414e+00 -3.38548119e-05 
 4.02714000e-02  2.50099097e+00  3.73536375e+00  2.40559421e+00  2.40534854e+00 -3.38527357e-05 
 4.02764000e-02  2.50098627e+00  3.73575082e+00  2.40599039e+00  2.40565670e+00 -3.38499839e-05 
 4.02814000e-02  2.50098060e+00  3.73623114e+00  2.40647969e+00  2.40605832e+00 -3.38465591e-05 
 4.02864000e-02  2.50097396e+00  3.73680425e+00  2.40706162e+00  2.40655300e+00 -3.38424649e-05 
 4.02914000e-02  2.50096636e+00  3.73746955e+00  2.40773559e+00  2.40714022e+00 -3.38377053e-05 
 4.02964000e-02  2.50095780e+00  3.73822638e+00  2.40850093e+00  2.40781942e+00 -3.38322852e-05 
 4.03014000e-02  2.50094830e+00  3.73907398e+00  2.40935687e+00  2.40858989e+00 -3.38262100e-05 
 4.03064000e-02  2.50093786e+00  3.74001150e+00  2.41030255e+00  2.40945088e+00 -3.38194859e-05 
 4.03114000e-02  2.50092650e+00  3.74103800e+00  2.41133702e+00  2.41040151e+00 -3.38121197e-05 
 4.03164000e-02  2.50091423e+00  3.74215245e+00  2.41245924e+00  2.41144083e+00 -3.38041187e-05 
 4.03214000e-02  2.50090105e+00  3.74335373e+00  2.41366808e+00  2.41256780e+00 -3.37954911e-05 
 4.03264000e-02  2.50088698e+00  3.74464064e+00  2.41496234e+00  2.41378128e+00 -3.37862456e-05 
 4.03314000e-02  2.50087204e+00  3.74601188e+00  2.41634072e+00  2.41508006e+00 -3.37763914e-05 
 4.03364000e-02  2.50085623e+00  3.74746607e+00  2.41780182e+00  2.41646285e+00 -3.37659386e-05 
 4.03414000e-02  2.50083958e+00  3.74900176e+00  2.41934419e+00  2.41792823e+00 -3.37548976e-05 
 4.03464000e-02  2.50082210e+00  3.75061741e+00  2.42096628e+00  2.41947476e+00 -3.37432795e-05 
 4.03514000e-02  2.50080382e+00  3.75231140e+00  2.42266646e+00  2.42110088e+00 -3.37310962e-05 
 4.03564000e-02  2.50078473e+00  3.75408204e+00  2.42444303e+00  2.42280496e+00 -3.37183598e-05 
 4.03614000e-02  2.50076488e+00  3.75592753e+00  2.42629422e+00  2.42458528e+00 -3.37050831e-05 
 4.03664000e-02  2.50074426e+00  3.75784605e+00  2.42821815e+00  2.42644007e+00 -3.36912796e-05 
 4.03714000e-02  2.50072292e+00  3.75983566e+00  2.43021291e+00  2.42836748e+00 -3.36769630e-05 
 4.03764000e-02  2.50070086e+00  3.76189438e+00  2.43227651e+00  2.43036556e+00 -3.36621479e-05 
 4.03814000e-02  2.50067811e+00  3.76402014e+00  2.43440687e+00  2.43243231e+00 -3.36468490e-05 
 4.03864000e-02  2.50065469e+00  3.76621081e+00  2.43660186e+00  2.43456568e+00 -3.36310818e-05 
 4.03914000e-02  2.50063062e+00  3.76846421e+00  2.43885929e+00  2.43676352e+00 -3.36148620e-05 
 4.03964000e-02  2.50060593e+00  3.77077809e+00  2.44117690e+00  2.43902364e+00 -3.35982060e-05 
 4.04014000e-02  2.50058065e+00  3.77315012e+00  2.44355237e+00  2.44134378e+00 -3.35811305e-05 
 4.04064000e-02  2.50055479e+00  3.77557794e+00  2.44598334e+00  2.44372161e+00 -3.35636526e-05 
 4.04114000e-02  2.50052838e+00  3.77805912e+00  2.44846736e+00  2.44615476e+00 -3.35457898e-05 
 4.04164000e-02  2.50050145e+00  3.78059118e+00  2.45100197e+00  2.44864081e+00 -3.35275600e-05 
 4.04214000e-02  2.50047403e+00  3.78317161e+00  2.45358463e+00  2.45117726e+00 -3.35089814e-05 
 4.04264000e-02  2.50044614e+00  3.78579782e+00  2.45621276e+00  2.45376159e+00 -3.34900727e-05 
 4.04314000e-02  2.50041780e+00  3.78846719e+00  2.45888375e+00  2.45639122e+00 -3.34708527e-05 
 4.04364000e-02  2.50038906e+00  3.79117707e+00  2.46159494e+00  2.45906353e+00 -3.34513407e-05 
 4.04414000e-02  2.50035993e+00  3.79392475e+00  2.46434361e+00  2.46177585e+00 -3.34315562e-05 
 4.04464000e-02  2.50033045e+00  3.79670751e+00  2.46712704e+00  2.46452549e+00 -3.34115188e-05 
 4.04514000e-02  2.50030064e+00  3.79952256e+00  2.46994245e+00  2.46730969e+00 -3.33912486e-05 
 4.04564000e-02  2.50027053e+00  3.80236711e+00  2.47278705e+00  2.47012571e+00 -3.33707659e-05 
 4.04614000e-02  2.50024016e+00  3.80523833e+00  2.47565800e+00  2.47297072e+00 -3.33500909e-05 
 4.04664000e-02  2.50020955e+00  3.80813336e+00  2.47855246e+00  2.47584191e+00 -3.33292442e-05 
 4.04714000e-02  2.50017873e+00  3.81104934e+00  2.48146754e+00  2.47873641e+00 -3.33082467e-05 
 4.04764000e-02  2.50014774e+00  3.81398337e+00  2.48440036e+00  2.48165137e+00 -3.32871192e-05 
 4.04814000e-02  2.50011660e+00  3.81693253e+00  2.48734800e+00  2.48458388e+00 -3.32658827e-05 
 4.04864000e-02  2.50008535e+00  3.81989391e+00  2.49030755e+00  2.48753103e+00 -3.32445581e-05 
 4.04914000e-02  2.50005401e+00  3.82286456e+00  2.49327607e+00  2.49048990e+00 -3.32231668e-05 
 4.04964000e-02  2.50002262e+00  3.82584156e+00  2.49625062e+00  2.49345757e+00 -3.32017299e-05 
 4.05014000e-02  2.49999120e+00  3.82882195e+00  2.49922826e+00  2.49643109e+00 -3.31802686e-05 
 4.05064000e-02  2.49995980e+00  3.83180278e+00  2.50220604e+00  2.49940752e+00 -3.31588041e-05 
 4.05114000e-02  2.49992843e+00  3.83478111e+00  2.50518103e+00  2.50238392e+00 -3.31373576e-05 
 4.05164000e-02  2.49989714e+00  3.83775400e+00  2.50815028e+00  2.50535734e+00 -3.31159505e-05 
 4.05214000e-02  2.49986594e+00  3.84071852e+00  2.51111086e+00  2.50832486e+00 -3.30946036e-05 
 4.05264000e-02  2.49983488e+00  3.84367173e+00  2.51405986e+00  2.51128354e+00 -3.30733382e-05 
 4.05314000e-02  2.49980399e+00  3.84661074e+00  2.51699437e+00  2.51423047e+00 -3.30521751e-05 
 4.05364000e-02  2.49977328e+00  3.84953265e+00  2.51991150e+00  2.51716274e+00 -3.30311351e-05 
 4.05414000e-02  2.49974280e+00  3.85243458e+00  2.52280838e+00  2.52007746e+00 -3.30102390e-05 
 4.05464000e-02  2.49971257e+00  3.85531368e+00  2.52568216e+00  2.52297177e+00 -3.29895073e-05 
 4.05514000e-02  2.49968263e+00  3.85816712e+00  2.52853002e+00  2.52584283e+00 -3.29689603e-05 
 4.05564000e-02  2.49965300e+00  3.86099210e+00  2.53134916e+00  2.52868780e+00 -3.29486181e-05 
 4.05614000e-02  2.49962371e+00  3.86378584e+00  2.53413681e+00  2.53150390e+00 -3.29285007e-05 
 4.05664000e-02  2.49959479e+00  3.86654562e+00  2.53689025e+00  2.53428837e+00 -3.29086278e-05 
 4.05714000e-02  2.49956628e+00  3.86926872e+00  2.53960678e+00  2.53703847e+00 -3.28890187e-05 
 4.05764000e-02  2.49953819e+00  3.87195248e+00  2.54228373e+00  2.53975152e+00 -3.28696927e-05 
 4.05814000e-02  2.49951056e+00  3.87459428e+00  2.54491850e+00  2.54242485e+00 -3.28506685e-05 
 4.05864000e-02  2.49948341e+00  3.87719153e+00  2.54750850e+00  2.54505585e+00 -3.28319648e-05 
 4.05914000e-02  2.49945677e+00  3.87974170e+00  2.55005120e+00  2.54764196e+00 -3.28135997e-05 
 4.05964000e-02  2.49943066e+00  3.88224230e+00  2.55254413e+00  2.55018065e+00 -3.27955910e-05 
 4.06014000e-02  2.49940512e+00  3.88469089e+00  2.55498486e+00  2.55266943e+00 -3.27779564e-05 
 4.06064000e-02  2.49938017e+00  3.88708509e+00  2.55737100e+00  2.55510589e+00 -3.27607129e-05 
 4.06114000e-02  2.49935582e+00  3.88942256e+00  2.55970024e+00  2.55748765e+00 -3.27438772e-05 
 4.06164000e-02  2.49933212e+00  3.89170104e+00  2.56197031e+00  2.55981239e+00 -3.27274657e-05 
 4.06214000e-02  2.49930907e+00  3.89391830e+00  2.56417900e+00  2.56207785e+00 -3.27114942e-05 
 4.06264000e-02  2.49928670e+00  3.89607219e+00  2.56632416e+00  2.56428183e+00 -3.26959782e-05 
 4.06314000e-02  2.49926504e+00  3.89816063e+00  2.56840372e+00  2.56642218e+00 -3.26809327e-05 
 4.06364000e-02  2.49924410e+00  3.90018158e+00  2.57041566e+00  2.56849684e+00 -3.26663722e-05 
 4.06414000e-02  2.49922391e+00  3.90213309e+00  2.57235802e+00  2.57050378e+00 -3.26523108e-05 
 4.06464000e-02  2.49920448e+00  3.90401326e+00  2.57422893e+00  2.57244107e+00 -3.26387619e-05 
 4.06514000e-02  2.49918584e+00  3.90582028e+00  2.57602657e+00  2.57430682e+00 -3.26257388e-05 
 4.06564000e-02  2.49916801e+00  3.90755241e+00  2.57774921e+00  2.57609923e+00 -3.26132538e-05 
 4.06614000e-02  2.49915099e+00  3.90920795e+00  2.57939518e+00  2.57781657e+00 -3.26013190e-05 
 4.06664000e-02  2.49913481e+00  3.91078532e+00  2.58096289e+00  2.57945717e+00 -3.25899459e-05 
 4.06714000e-02  2.49911949e+00  3.91228299e+00  2.58245083e+00  2.58101945e+00 -3.25791453e-05 
 4.06764000e-02  2.49910503e+00  3.91369951e+00  2.58385755e+00  2.58250191e+00 -3.25689277e-05 
 4.06814000e-02  2.49909146e+00  3.91503353e+00  2.58518171e+00  2.58390311e+00 -3.25593029e-05 
 4.06864000e-02  2.49907879e+00  3.91628374e+00  2.58642203e+00  2.58522169e+00 -3.25502800e-05 
 4.06914000e-02  2.49906702e+00  3.91744895e+00  2.58757731e+00  2.58645640e+00 -3.25418678e-05 
 4.06964000e-02  2.49905618e+00  3.91852804e+00  2.58864644e+00  2.58760603e+00 -3.25340742e-05 
 4.07014000e-02  2.49904626e+00  3.91951997e+00  2.58962838e+00  2.58866949e+00 -3.25269068e-05 
 4.07064000e-02  2.49903729e+00  3.92042377e+00  2.59052220e+00  2.58964574e+00 -3.25203723e-05 
 4.07114000e-02  2.49902927e+00  3.92123859e+00  2.59132704e+00  2.59053385e+00 -3.25144771e-05 
 4.07164000e-02  2.49902220e+00  3.92196363e+00  2.59204212e+00  2.59133297e+00 -3.25092267e-05 
 4.07214000e-02  2.49901610e+00  3.92259821e+00  2.59266675e+00  2.59204232e+00 -3.25046263e-05 
 4.07264000e-02  2.49901097e+00  3.92314170e+00  2.59320033e+00  2.59266122e+00 -3.25006801e-05 
 4.07314000e-02  2.49900682e+00  3.92359359e+00  2.59364235e+00  2.59318908e+00 -3.24973919e-05 
 4.07364000e-02  2.49900365e+00  3.92395344e+00  2.59399238e+00  2.59362539e+00 -3.24947649e-05 
 4.07414000e-02  2.49900146e+00  3.92422091e+00  2.59425010e+00  2.59396973e+00 -3.24928017e-05 
 4.07464000e-02  2.49900026e+00  3.92439575e+00  2.59441524e+00  2.59422177e+00 -3.24915040e-05 
 4.07514000e-02  2.49900004e+00  3.92447777e+00  2.59448766e+00  2.59438127e+00 -3.24908731e-05 
 4.07564000e-02  2.49900081e+00  3.92446690e+00  2.59446728e+00  2.59444808e+00 -3.24909097e-05 
 4.07614000e-02  2.49900256e+00  3.92436316e+00  2.59435412e+00  2.59442212e+00 -3.24916136e-05 
 4.07664000e-02  2.49900530e+00  3.92416664e+00  2.59414830e+00  2.59430343e+00 -3.24929843e-05 
 4.07714000e-02  2.49900903e+00  3.92387753e+00  2.59385000e+00  2.59409213e+00 -3.24950203e-05 
 4.07764000e-02  2.49901373e+00  3.92349611e+00  2.59345952e+00  2.59378840e+00 -3.24977199e-05 
 4.07814000e-02  2.49901940e+00  3.92302275e+00  2.59297723e+00  2.59339255e+00 -3.25010804e-05 
 4.07864000e-02  2.49902604e+00  3.92245789e+00  2.59240359e+00  2.59290495e+00 -3.25050986e-05 
 4.07914000e-02  2.49903364e+00  3.92180209e+00  2.59173916e+00  2.59232608e+00 -3.25097706e-05 
 4.07964000e-02  2.49904220e+00  3.92105596e+00  2.59098457e+00  2.59165648e+00 -3.25150921e-05 
 4.08014000e-02  2.49905170e+00  3.92022024e+00  2.59014055e+00  2.59089681e+00 -3.25210579e-05 
 4.08064000e-02  2.49906214e+00  3.91929572e+00  2.58920791e+00  2.59004779e+00 -3.25276624e-05 
 4.08114000e-02  2.49907350e+00  3.91828329e+00  2.58818755e+00  2.58911025e+00 -3.25348992e-05 
 4.08164000e-02  2.49908577e+00  3.91718393e+00  2.58708045e+00  2.58808507e+00 -3.25427614e-05 
 4.08214000e-02  2.49909895e+00  3.91599869e+00  2.58588767e+00  2.58697326e+00 -3.25512416e-05 
 4.08264000e-02  2.49911302e+00  3.91472872e+00  2.58461038e+00  2.58577587e+00 -3.25603315e-05 
 4.08314000e-02  2.49912796e+00  3.91337524e+00  2.58324978e+00  2.58449407e+00 -3.25700225e-05 
 4.08364000e-02  2.49914377e+00  3.91193956e+00  2.58180721e+00  2.58312909e+00 -3.25803053e-05 
 4.08414000e-02  2.49916042e+00  3.91042305e+00  2.58028405e+00  2.58168224e+00 -3.25911701e-05 
 4.08464000e-02  2.49917790e+00  3.90882719e+00  2.57868177e+00  2.58015493e+00 -3.26026064e-05 
 4.08514000e-02  2.49919618e+00  3.90715351e+00  2.57700191e+00  2.57854862e+00 -3.26146032e-05 
 4.08564000e-02  2.49921527e+00  3.90540364e+00  2.57524611e+00  2.57686486e+00 -3.26271491e-05 
 4.08614000e-02  2.49923512e+00  3.90357926e+00  2.57341606e+00  2.57510530e+00 -3.26402319e-05 
 4.08664000e-02  2.49925574e+00  3.90168214e+00  2.57151353e+00  2.57327161e+00 -3.26538390e-05 
 4.08714000e-02  2.49927708e+00  3.89971412e+00  2.56954035e+00  2.57136559e+00 -3.26679575e-05 
 4.08764000e-02  2.49929914e+00  3.89767710e+00  2.56749846e+00  2.56938907e+00 -3.26825736e-05 
 4.08814000e-02  2.49932189e+00  3.89557305e+00  2.56538981e+00  2.56734398e+00 -3.26976732e-05 
 4.08864000e-02  2.49934531e+00  3.89340403e+00  2.56321647e+00  2.56523229e+00 -3.27132418e-05 
 4.08914000e-02  2.49936938e+00  3.89117212e+00  2.56098053e+00  2.56305605e+00 -3.27292643e-05 
 4.08964000e-02  2.49939407e+00  3.88887951e+00  2.55868418e+00  2.56081737e+00 -3.27457252e-05 
 4.09014000e-02  2.49941935e+00  3.88652843e+00  2.55632964e+00  2.55851844e+00 -3.27626086e-05 
 4.09064000e-02  2.49944521e+00  3.88412115e+00  2.55391921e+00  2.55616149e+00 -3.27798982e-05 
 4.09114000e-02  2.49947162e+00  3.88166003e+00  2.55145523e+00  2.55374880e+00 -3.27975771e-05 
 4.09164000e-02  2.49949855e+00  3.87914745e+00  2.54894010e+00  2.55128274e+00 -3.28156281e-05 
 4.09214000e-02  2.49952597e+00  3.87658588e+00  2.54637628e+00  2.54876569e+00 -3.28340338e-05 
 4.09264000e-02  2.49955386e+00  3.87397782e+00  2.54376627e+00  2.54620013e+00 -3.28527762e-05 
 4.09314000e-02  2.49958220e+00  3.87132580e+00  2.54111262e+00  2.54358855e+00 -3.28718371e-05 
 4.09364000e-02  2.49961094e+00  3.86863242e+00  2.53841792e+00  2.54093350e+00 -3.28911979e-05 
 4.09414000e-02  2.49964007e+00  3.86590032e+00  2.53568482e+00  2.53823758e+00 -3.29108396e-05 
 4.09464000e-02  2.49966955e+00  3.86313217e+00  2.53291597e+00  2.53550342e+00 -3.29307432e-05 
 4.09514000e-02  2.49969936e+00  3.86033069e+00  2.53011410e+00  2.53273371e+00 -3.29508891e-05 
 4.09564000e-02  2.49972947e+00  3.85749861e+00  2.52728196e+00  2.52993116e+00 -3.29712576e-05 
 4.09614000e-02  2.49975984e+00  3.85463872e+00  2.52442232e+00  2.52709851e+00 -3.29918289e-05 
 4.09664000e-02  2.49979045e+00  3.85175384e+00  2.52153800e+00  2.52423854e+00 -3.30125826e-05 
 4.09714000e-02  2.49982127e+00  3.84884678e+00  2.51863182e+00  2.52135407e+00 -3.30334984e-05 
 4.09764000e-02  2.49985226e+00  3.84592042e+00  2.51570665e+00  2.51844793e+00 -3.30545558e-05 
 4.09814000e-02  2.49988340e+00  3.84297763e+00  2.51276536e+00  2.51552298e+00 -3.30757341e-05 
 4.09864000e-02  2.49991465e+00  3.84002131e+00  2.50981085e+00  2.51258210e+00 -3.30970124e-05 
 4.09914000e-02  2.49994599e+00  3.83705438e+00  2.50684604e+00  2.50962817e+00 -3.31183698e-05 
 4.09964000e-02  2.49997738e+00  3.83407976e+00  2.50387385e+00  2.50666412e+00 -3.31397852e-05 
 4.10014000e-02  2.50000880e+00  3.83110038e+00  2.50089720e+00  2.50369288e+00 -3.31612374e-05 
 4.10064000e-02  2.50004020e+00  3.82811920e+00  2.49791906e+00  2.50071736e+00 -3.31827053e-05 
 4.10114000e-02  2.50007157e+00  3.82513916e+00  2.49494234e+00  2.49774051e+00 -3.32041677e-05 
 4.10164000e-02  2.50010286e+00  3.82216319e+00  2.49197001e+00  2.49476528e+00 -3.32256032e-05 
 4.10214000e-02  2.50013406e+00  3.81919426e+00  2.48900500e+00  2.49179461e+00 -3.32469907e-05 
 4.10264000e-02  2.50016512e+00  3.81623530e+00  2.48605025e+00  2.48883143e+00 -3.32683090e-05 
 4.10314000e-02  2.50019601e+00  3.81328925e+00  2.48310869e+00  2.48587868e+00 -3.32895369e-05 
 4.10364000e-02  2.50022672e+00  3.81035901e+00  2.48018323e+00  2.48293929e+00 -3.33106534e-05 
 4.10414000e-02  2.50025720e+00  3.80744751e+00  2.47727678e+00  2.48001618e+00 -3.33316374e-05 
 4.10464000e-02  2.50028743e+00  3.80455763e+00  2.47439223e+00  2.47711224e+00 -3.33524682e-05 
 4.10514000e-02  2.50031737e+00  3.80169225e+00  2.47153243e+00  2.47423035e+00 -3.33731249e-05 
 4.10564000e-02  2.50034700e+00  3.79885420e+00  2.46870023e+00  2.47137339e+00 -3.33935870e-05 
 4.10614000e-02  2.50037629e+00  3.79604632e+00  2.46589844e+00  2.46854418e+00 -3.34138341e-05 
 4.10664000e-02  2.50040521e+00  3.79327140e+00  2.46312987e+00  2.46574555e+00 -3.34338461e-05 
 4.10714000e-02  2.50043372e+00  3.79053219e+00  2.46039725e+00  2.46298028e+00 -3.34536029e-05 
 4.10764000e-02  2.50046181e+00  3.78783143e+00  2.45770332e+00  2.46025111e+00 -3.34730848e-05 
 4.10814000e-02  2.50048944e+00  3.78517182e+00  2.45505075e+00  2.45756078e+00 -3.34922725e-05 
 4.10864000e-02  2.50051659e+00  3.78255599e+00  2.45244219e+00  2.45491195e+00 -3.35111466e-05 
 4.10914000e-02  2.50054323e+00  3.77998656e+00  2.44988025e+00  2.45230728e+00 -3.35296883e-05 
 4.10964000e-02  2.50056934e+00  3.77746609e+00  2.44736748e+00  2.44974935e+00 -3.35478791e-05 
 4.11014000e-02  2.50059488e+00  3.77499710e+00  2.44490639e+00  2.44724073e+00 -3.35657007e-05 
 4.11064000e-02  2.50061983e+00  3.77258206e+00  2.44249943e+00  2.44478391e+00 -3.35831353e-05 
 4.11114000e-02  2.50064418e+00  3.77022337e+00  2.44014901e+00  2.44238135e+00 -3.36001654e-05 
 4.11164000e-02  2.50066788e+00  3.76792339e+00  2.43785748e+00  2.44003544e+00 -3.36167740e-05 
 4.11214000e-02  2.50069093e+00  3.76568443e+00  2.43562714e+00  2.43774855e+00 -3.36329443e-05 
 4.11264000e-02  2.50071330e+00  3.76350873e+00  2.43346020e+00  2.43552294e+00 -3.36486602e-05 
 4.11314000e-02  2.50073496e+00  3.76139845e+00  2.43135884e+00  2.43336084e+00 -3.36639058e-05 
 4.11364000e-02  2.50075590e+00  3.75935571e+00  2.42932517e+00  2.43126443e+00 -3.36786659e-05 
 4.11414000e-02  2.50077609e+00  3.75738256e+00  2.42736121e+00  2.42923579e+00 -3.36929255e-05 
 4.11464000e-02  2.50079552e+00  3.75548097e+00  2.42546893e+00  2.42727696e+00 -3.37066705e-05 
 4.11514000e-02  2.50081416e+00  3.75365284e+00  2.42365024e+00  2.42538989e+00 -3.37198869e-05 
 4.11564000e-02  2.50083199e+00  3.75190001e+00  2.42190695e+00  2.42357649e+00 -3.37325615e-05 
 4.11614000e-02  2.50084901e+00  3.75022424e+00  2.42024080e+00  2.42183856e+00 -3.37446814e-05 
 4.11664000e-02  2.50086519e+00  3.74862720e+00  2.41865348e+00  2.42017785e+00 -3.37562346e-05 
 4.11714000e-02  2.50088051e+00  3.74711049e+00  2.41714656e+00  2.41859602e+00 -3.37672093e-05 
 4.11764000e-02  2.50089497e+00  3.74567564e+00  2.41572157e+00  2.41709466e+00 -3.37775946e-05 
 4.11814000e-02  2.50090854e+00  3.74432408e+00  2.41437992e+00  2.41567528e+00 -3.37873799e-05 
 4.11864000e-02  2.50092121e+00  3.74305717e+00  2.41312298e+00  2.41433929e+00 -3.37965554e-05 
 4.11914000e-02  2.50093298e+00  3.74187618e+00  2.41195199e+00  2.41308803e+00 -3.38051119e-05 
 4.11964000e-02  2.50094382e+00  3.74078230e+00  2.41086813e+00  2.41192277e+00 -3.38130407e-05 
 4.12014000e-02  2.50095374e+00  3.73977662e+00  2.40987249e+00  2.41084467e+00 -3.38203338e-05 
 4.12064000e-02  2.50096271e+00  3.73886015e+00  2.40896607e+00  2.40985482e+00 -3.38269839e-05 
 4.12114000e-02  2.50097073e+00  3.73803382e+00  2.40814978e+00  2.40895420e+00 -3.38329843e-05 
 4.12164000e-02  2.50097780e+00  3.73729844e+00  2.40742444e+00  2.40814372e+00 -3.38383289e-05 
 4.12214000e-02  2.50098390e+00  3.73665477e+00  2.40679077e+00  2.40742420e+00 -3.38430123e-05 
 4.12264000e-02  2.50098903e+00  3.73610344e+00  2.40624942e+00  2.40679635e+00 -3.38470298e-05 
 4.12314000e-02  2.50099318e+00  3.73564501e+00  2.40580093e+00  2.40626081e+00 -3.38503774e-05 
 4.12364000e-02  2.50099635e+00  3.73527995e+00  2.40544574e+00  2.40581812e+00 -3.38530517e-05 
 4.12414000e-02  2.50099854e+00  3.73500860e+00  2.40518421e+00  2.40546871e+00 -3.38550499e-05 
 4.12464000e-02  2.50099974e+00  3.73483126e+00  2.40501661e+00  2.40521295e+00 -3.38563701e-05 
 4.12514000e-02  2.50099996e+00  3.73474809e+00  2.40494311e+00  2.40505108e+00 -3.38570110e-05 
 4.12564000e-02  2.50099919e+00  3.73475918e+00  2.40496377e+00  2.40498328e+00 -3.38569719e-05 
 4.12614000e-02  2.50099744e+00  3.73486452e+00  2.40507859e+00  2.40500960e+00 -3.38562528e-05 
 4.12664000e-02  2.50099470e+00  3.73506400e+00  2.40528743e+00  2.40513002e+00 -3.38548545e-05 
 4.12714000e-02  2.50099097e+00  3.73535743e+00  2.40559009e+00  2.40534442e+00 -3.38527783e-05 
 4.12764000e-02  2.50098627e+00  3.73574450e+00  2.40598628e+00  2.40565259e+00 -3.38500265e-05 
 4.12814000e-02  2.50098060e+00  3.73622483e+00  2.40647558e+00  2.40605422e+00 -3.38466017e-05 
 4.12864000e-02  2.50097396e+00  3.73679793e+00  2.40705751e+00  2.40654889e+00 -3.38425074e-05 
 4.12914000e-02  2.50096636e+00  3.73746323e+00  2.40773149e+00  2.40713612e+00 -3.38377478e-05 
 4.12964000e-02  2.50095780e+00  3.73822007e+00  2.40849684e+00  2.40781532e+00 -3.38323277e-05 
 4.13014000e-02  2.50094830e+00  3.73906768e+00  2.40935278e+00  2.40858580e+00 -3.38262525e-05 
 4.13064000e-02  2.50093786e+00  3.74000520e+00  2.41029846e+00  2.40944678e+00 -3.38195283e-05 
 4.13114000e-02  2.50092650e+00  3.74103171e+00  2.41133293e+00  2.41039742e+00 -3.38121621e-05 
 4.13164000e-02  2.50091423e+00  3.74214616e+00  2.41245516e+00  2.41143674e+00 -3.38041611e-05 
 4.13214000e-02  2.50090105e+00  3.74334744e+00  2.41366401e+00  2.41256372e+00 -3.37955334e-05 
 4.13264000e-02  2.50088698e+00  3.74463435e+00  2.41495827e+00  2.41377720e+00 -3.37862879e-05 
 4.13314000e-02  2.50087204e+00  3.74600559e+00  2.41633665e+00  2.41507599e+00 -3.37764337e-05 
 4.13364000e-02  2.50085623e+00  3.74745979e+00  2.41779775e+00  2.41645878e+00 -3.37659808e-05 
 4.13414000e-02  2.50083958e+00  3.74899548e+00  2.41934013e+00  2.41792417e+00 -3.37549398e-05 
 4.13464000e-02  2.50082210e+00  3.75061114e+00  2.42096222e+00  2.41947070e+00 -3.37433217e-05 
 4.13514000e-02  2.50080382e+00  3.75230513e+00  2.42266241e+00  2.42109682e+00 -3.37311384e-05 
 4.13564000e-02  2.50078473e+00  3.75407577e+00  2.42443898e+00  2.42280090e+00 -3.37184019e-05 
 4.13614000e-02  2.50076488e+00  3.75592127e+00  2.42629017e+00  2.42458123e+00 -3.37051252e-05 
 4.13664000e-02  2.50074426e+00  3.75783979e+00  2.42821411e+00  2.42643603e+00 -3.36913217e-05 
 4.13714000e-02  2.50072292e+00  3.75982940e+00  2.43020887e+00  2.42836343e+00 -3.36770051e-05 
 4.13764000e-02  2.50070086e+00  3.76188812e+00  2.43227247e+00  2.43036152e+00 -3.36621899e-05 
 4.13814000e-02  2.50067811e+00  3.76401389e+00  2.43440284e+00  2.43242828e+00 -3.36468910e-05 
 4.13864000e-02  2.50065469e+00  3.76620456e+00  2.43659783e+00  2.43456165e+00 -3.36311237e-05 
 4.13914000e-02  2.50063062e+00  3.76845797e+00  2.43885527e+00  2.43675950e+00 -3.36149040e-05 
 4.13964000e-02  2.50060593e+00  3.77077184e+00  2.44117288e+00  2.43901962e+00 -3.35982480e-05 
 4.14014000e-02  2.50058065e+00  3.77314388e+00  2.44354836e+00  2.44133976e+00 -3.35811724e-05 
 4.14064000e-02  2.50055479e+00  3.77557170e+00  2.44597933e+00  2.44371759e+00 -3.35636945e-05 
 4.14114000e-02  2.50052838e+00  3.77805289e+00  2.44846336e+00  2.44615075e+00 -3.35458316e-05 
 4.14164000e-02  2.50050145e+00  3.78058496e+00  2.45099797e+00  2.44863680e+00 -3.35276018e-05 
 4.14214000e-02  2.50047403e+00  3.78316539e+00  2.45358063e+00  2.45117326e+00 -3.35090232e-05 
 4.14264000e-02  2.50044614e+00  3.78579160e+00  2.45620877e+00  2.45375759e+00 -3.34901145e-05 
 4.14314000e-02  2.50041780e+00  3.78846098e+00  2.45887976e+00  2.45638723e+00 -3.34708945e-05 
 4.14364000e-02  2.50038906e+00  3.79117086e+00  2.46159095e+00  2.45905954e+00 -3.34513824e-05 
 4.14414000e-02  2.50035993e+00  3.79391855e+00  2.46433963e+00  2.46177187e+00 -3.34315978e-05 
 4.14464000e-02  2.50033045e+00  3.79670130e+00  2.46712306e+00  2.46452150e+00 -3.34115604e-05 
 4.14514000e-02  2.50030064e+00  3.79951636e+00  2.46993848e+00  2.46730572e+00 -3.33912902e-05 
 4.14564000e-02  2.50027053e+00  3.80236091e+00  2.47278308e+00  2.47012173e+00 -3.33708074e-05 
 4.14614000e-02  2.50024016e+00  3.80523213e+00  2.47565404e+00  2.47296675e+00 -3.33501324e-05 
 4.14664000e-02  2.50020955e+00  3.80812717e+00  2.47854850e+00  2.47583794e+00 -3.33292857e-05 
 4.14714000e-02  2.50017873e+00  3.81104316e+00  2.48146358e+00  2.47873245e+00 -3.33082882e-05 
 4.14764000e-02  2.50014774e+00  3.81397719e+00  2.48439641e+00  2.48164741e+00 -3.32871607e-05 
 4.14814000e-02  2.50011660e+00  3.81692635e+00  2.48734405e+00  2.48457992e+00 -3.32659241e-05 
 4.14864000e-02  2.50008535e+00  3.81988774e+00  2.49030360e+00  2.48752708e+00 -3.32445995e-05 
 4.14914000e-02  2.50005401e+00  3.82285840e+00  2.49327213e+00  2.49048596e+00 -3.32232082e-05 
 4.14964000e-02  2.50002262e+00  3.82583539e+00  2.49624668e+00  2.49345363e+00 -3.32017712e-05 
 4.15014000e-02  2.49999120e+00  3.82881579e+00  2.49922433e+00  2.49642715e+00 -3.31803098e-05 
 4.15064000e-02  2.49995980e+00  3.83179662e+00  2.50220212e+00  2.49940359e+00 -3.31588453e-05 
 4.15114000e-02  2.49992843e+00  3.83477496e+00  2.50517711e+00  2.50237999e+00 -3.31373989e-05 
 4.15164000e-02  2.49989714e+00  3.83774785e+00  2.50814636e+00  2.50535342e+00 -3.31159916e-05 
 4.15214000e-02  2.49986594e+00  3.84071237e+00  2.51110695e+00  2.50832095e+00 -3.30946448e-05 
 4.15264000e-02  2.49983488e+00  3.84366560e+00  2.51405596e+00  2.51127963e+00 -3.30733793e-05 
 4.15314000e-02  2.49980399e+00  3.84660461e+00  2.51699047e+00  2.51422656e+00 -3.30522161e-05 
 4.15364000e-02  2.49977328e+00  3.84952652e+00  2.51990760e+00  2.51715884e+00 -3.30311762e-05 
 4.15414000e-02  2.49974280e+00  3.85242845e+00  2.52280449e+00  2.52007356e+00 -3.30102800e-05 
 4.15464000e-02  2.49971257e+00  3.85530756e+00  2.52567827e+00  2.52296788e+00 -3.29895483e-05 
 4.15514000e-02  2.49968263e+00  3.85816100e+00  2.52852613e+00  2.52583894e+00 -3.29690012e-05 
 4.15564000e-02  2.49965300e+00  3.86098598e+00  2.53134528e+00  2.52868391e+00 -3.29486590e-05 
 4.15614000e-02  2.49962371e+00  3.86377973e+00  2.53413294e+00  2.53150002e+00 -3.29285416e-05 
 4.15664000e-02  2.49959479e+00  3.86653951e+00  2.53688638e+00  2.53428449e+00 -3.29086686e-05 
 4.15714000e-02  2.49956628e+00  3.86926261e+00  2.53960291e+00  2.53703460e+00 -3.28890595e-05 
 4.15764000e-02  2.49953819e+00  3.87194638e+00  2.54227987e+00  2.53974765e+00 -3.28697335e-05 
 4.15814000e-02  2.49951056e+00  3.87458818e+00  2.54491464e+00  2.54242099e+00 -3.28507093e-05 
 4.15864000e-02  2.49948341e+00  3.87718544e+00  2.54750464e+00  2.54505200e+00 -3.28320055e-05 
 4.15914000e-02  2.49945677e+00  3.87973561e+00  2.55004735e+00  2.54763811e+00 -3.28136404e-05 
 4.15964000e-02  2.49943066e+00  3.88223622e+00  2.55254029e+00  2.55017680e+00 -3.27956317e-05 
 4.16014000e-02  2.49940512e+00  3.88468481e+00  2.55498102e+00  2.55266559e+00 -3.27779971e-05 
 4.16064000e-02  2.49938017e+00  3.88707901e+00  2.55736717e+00  2.55510205e+00 -3.27607535e-05 
 4.16114000e-02  2.49935582e+00  3.88941649e+00  2.55969641e+00  2.55748381e+00 -3.27439178e-05 
 4.16164000e-02  2.49933212e+00  3.89169497e+00  2.56196648e+00  2.55980856e+00 -3.27275062e-05 
 4.16214000e-02  2.49930907e+00  3.89391223e+00  2.56417517e+00  2.56207402e+00 -3.27115347e-05 
 4.16264000e-02  2.49928670e+00  3.89606613e+00  2.56632034e+00  2.56427800e+00 -3.26960187e-05 
 4.16314000e-02  2.49926504e+00  3.89815457e+00  2.56839990e+00  2.56641836e+00 -3.26809732e-05 
 4.16364000e-02  2.49924410e+00  3.90017552e+00  2.57041184e+00  2.56849302e+00 -3.26664126e-05 
 4.16414000e-02  2.49922391e+00  3.90212704e+00  2.57235421e+00  2.57049997e+00 -3.26523512e-05 
 4.16464000e-02  2.49920448e+00  3.90400722e+00  2.57422512e+00  2.57243726e+00 -3.26388023e-05 
 4.16514000e-02  2.49918584e+00  3.90581424e+00  2.57602277e+00  2.57430301e+00 -3.26257791e-05 
 4.16564000e-02  2.49916801e+00  3.90754637e+00  2.57774541e+00  2.57609543e+00 -3.26132941e-05 
 4.16614000e-02  2.49915099e+00  3.90920191e+00  2.57939139e+00  2.57781277e+00 -3.26013593e-05 
 4.16664000e-02  2.49913481e+00  3.91077929e+00  2.58095910e+00  2.57945338e+00 -3.25899861e-05 
 4.16714000e-02  2.49911949e+00  3.91227696e+00  2.58244704e+00  2.58101566e+00 -3.25791855e-05 
 4.16764000e-02  2.49910503e+00  3.91369349e+00  2.58385377e+00  2.58249812e+00 -3.25689679e-05 
 4.16814000e-02  2.49909146e+00  3.91502750e+00  2.58517794e+00  2.58389933e+00 -3.25593431e-05 
 4.16864000e-02  2.49907879e+00  3.91627772e+00  2.58641826e+00  2.58521792e+00 -3.25503202e-05 
 4.16914000e-02  2.49906702e+00  3.91744294e+00  2.58757354e+00  2.58645263e+00 -3.25419079e-05 
 4.16964000e-02  2.49905618e+00  3.91852203e+00  2.58864267e+00  2.58760226e+00 -3.25341143e-05 
 4.17014000e-02  2.49904626e+00  3.91951396e+00  2.58962462e+00  2.58866572e+00 -3.25269468e-05 
 4.17064000e-02  2.49903729e+00  3.92041777e+00  2.59051844e+00  2.58964198e+00 -3.25204124e-05 
 4.17114000e-02  2.49902927e+00  3.92123259e+00  2.59132328e+00  2.59053009e+00 -3.25145171e-05 
 4.17164000e-02  2.49902220e+00  3.92195763e+00  2.59203836e+00  2.59132921e+00 -3.25092667e-05 
 4.17214000e-02  2.49901610e+00  3.92259221e+00  2.59266300e+00  2.59203856e+00 -3.25046662e-05 
 4.17264000e-02  2.49901097e+00  3.92313571e+00  2.59319658e+00  2.59265747e+00 -3.25007200e-05 
 4.17314000e-02  2.49900682e+00  3.92358760e+00  2.59363860e+00  2.59318533e+00 -3.24974318e-05 
 4.17364000e-02  2.49900365e+00  3.92394746e+00  2.59398864e+00  2.59362165e+00 -3.24948048e-05 
 4.17414000e-02  2.49900146e+00  3.92421493e+00  2.59424636e+00  2.59396599e+00 -3.24928416e-05 
 4.17464000e-02  2.49900026e+00  3.92438976e+00  2.59441151e+00  2.59421804e+00 -3.24915438e-05 
 4.17514000e-02  2.49900004e+00  3.92447179e+00  2.59448393e+00  2.59437754e+00 -3.24909129e-05 
 4.17564000e-02  2.49900081e+00  3.92446093e+00  2.59446355e+00  2.59444435e+00 -3.24909495e-05 
 4.17614000e-02  2.49900256e+00  3.92435719e+00  2.59435040e+00  2.59441840e+00 -3.24916534e-05 
 4.17664000e-02  2.49900530e+00  3.92416067e+00  2.59414458e+00  2.59429971e+00 -3.24930240e-05 
 4.17714000e-02  2.49900903e+00  3.92387156e+00  2.59384628e+00  2.59408840e+00 -3.24950601e-05 
 4.17764000e-02  2.49901373e+00  3.92349015e+00  2.59345580e+00  2.59378468e+00 -3.24977596e-05 
 4.17814000e-02  2.49901940e+00  3.92301678e+00  2.59297351e+00  2.59338883e+00 -3.25011201e-05 
 4.17864000e-02  2.49902604e+00  3.92245193e+00  2.59239988e+00  2.59290124e+00 -3.25051383e-05 
 4.17914000e-02  2.49903364e+00  3.92179613e+00  2.59173545e+00  2.59232237e+00 -3.25098103e-05 
 4.17964000e-02  2.49904220e+00  3.92105000e+00  2.59098086e+00  2.59165278e+00 -3.25151318e-05 
 4.18014000e-02  2.49905170e+00  3.92021428e+00  2.59013684e+00  2.59089311e+00 -3.25210976e-05 
 4.18064000e-02  2.49906214e+00  3.91928977e+00  2.58920421e+00  2.59004409e+00 -3.25277020e-05 
 4.18114000e-02  2.49907350e+00  3.91827734e+00  2.58818385e+00  2.58910655e+00 -3.25349388e-05 
 4.18164000e-02  2.49908577e+00  3.91717798e+00  2.58707675e+00  2.58808138e+00 -3.25428011e-05 
 4.18214000e-02  2.49909895e+00  3.91599274e+00  2.58588398e+00  2.58696956e+00 -3.25512812e-05 
 4.18264000e-02  2.49911302e+00  3.91472278e+00  2.58460669e+00  2.58577218e+00 -3.25603711e-05 
 4.18314000e-02  2.49912796e+00  3.91336930e+00  2.58324610e+00  2.58449038e+00 -3.25700621e-05 
 4.18364000e-02  2.49914377e+00  3.91193361e+00  2.58180353e+00  2.58312540e+00 -3.25803449e-05 
 4.18414000e-02  2.49916042e+00  3.91041711e+00  2.58028037e+00  2.58167856e+00 -3.25912097e-05 
 4.18464000e-02  2.49917790e+00  3.90882125e+00  2.57867809e+00  2.58015124e+00 -3.26026459e-05 
 4.18514000e-02  2.49919618e+00  3.90714758e+00  2.57699823e+00  2.57854494e+00 -3.26146428e-05 
 4.18564000e-02  2.49921527e+00  3.90539771e+00  2.57524243e+00  2.57686118e+00 -3.26271886e-05 
 4.18614000e-02  2.49923512e+00  3.90357333e+00  2.57341238e+00  2.57510162e+00 -3.26402714e-05 
 4.18664000e-02  2.49925574e+00  3.90167621e+00  2.57150985e+00  2.57326794e+00 -3.26538785e-05 
 4.18714000e-02  2.49927708e+00  3.89970819e+00  2.56953668e+00  2.57136192e+00 -3.26679970e-05 
 4.18764000e-02  2.49929914e+00  3.89767117e+00  2.56749479e+00  2.56938540e+00 -3.26826130e-05 
 4.18814000e-02  2.49932189e+00  3.89556713e+00  2.56538615e+00  2.56734031e+00 -3.26977126e-05 
 4.18864000e-02  2.49934531e+00  3.89339810e+00  2.56321280e+00  2.56522862e+00 -3.27132812e-05 
 4.18914000e-02  2.49936938e+00  3.89116620e+00  2.56097687e+00  2.56305238e+00 -3.27293037e-05 
 4.18964000e-02  2.49939407e+00  3.88887359e+00  2.55868052e+00  2.56081371e+00 -3.27457647e-05 
 4.19014000e-02  2.49941935e+00  3.88652251e+00  2.55632598e+00  2.55851478e+00 -3.27626481e-05 
 4.19064000e-02  2.49944521e+00  3.88411523e+00  2.55391555e+00  2.55615783e+00 -3.27799376e-05 
 4.19114000e-02  2.49947162e+00  3.88165411e+00  2.55145157e+00  2.55374514e+00 -3.27976165e-05 
 4.19164000e-02  2.49949855e+00  3.87914154e+00  2.54893645e+00  2.55127908e+00 -3.28156675e-05 
 4.19214000e-02  2.49952597e+00  3.87657997e+00  2.54637263e+00  2.54876204e+00 -3.28340732e-05 
 4.19264000e-02  2.49955386e+00  3.87397190e+00  2.54376262e+00  2.54619648e+00 -3.28528156e-05 
 4.19314000e-02  2.49958220e+00  3.87131989e+00  2.54110897e+00  2.54358489e+00 -3.28718765e-05 
 4.19364000e-02  2.49961094e+00  3.86862651e+00  2.53841428e+00  2.54092985e+00 -3.28912372e-05 
 4.19414000e-02  2.49964007e+00  3.86589441e+00  2.53568117e+00  2.53823393e+00 -3.29108790e-05 
 4.19464000e-02  2.49966955e+00  3.86312626e+00  2.53291233e+00  2.53549978e+00 -3.29307825e-05 
 4.19514000e-02  2.49969936e+00  3.86032478e+00  2.53011046e+00  2.53273007e+00 -3.29509284e-05 
 4.19564000e-02  2.49972947e+00  3.85749271e+00  2.52727832e+00  2.52992751e+00 -3.29712970e-05 
 4.19614000e-02  2.49975984e+00  3.85463282e+00  2.52441868e+00  2.52709487e+00 -3.29918682e-05 
 4.19664000e-02  2.49979045e+00  3.85174794e+00  2.52153436e+00  2.52423491e+00 -3.30126219e-05 
 4.19714000e-02  2.49982127e+00  3.84884088e+00  2.51862818e+00  2.52135044e+00 -3.30335377e-05 
 4.19764000e-02  2.49985226e+00  3.84591452e+00  2.51570301e+00  2.51844430e+00 -3.30545951e-05 
 4.19814000e-02  2.49988340e+00  3.84297173e+00  2.51276173e+00  2.51551935e+00 -3.30757734e-05 
 4.19864000e-02  2.49991465e+00  3.84001542e+00  2.50980722e+00  2.51257846e+00 -3.30970517e-05 
 4.19914000e-02  2.49994599e+00  3.83704849e+00  2.50684241e+00  2.50962454e+00 -3.31184091e-05 
 4.19964000e-02  2.49997738e+00  3.83407387e+00  2.50387022e+00  2.50666050e+00 -3.31398244e-05 
 4.20014000e-02  2.50000880e+00  3.83109449e+00  2.50089358e+00  2.50368925e+00 -3.31612767e-05 
 4.20064000e-02  2.50004020e+00  3.82811331e+00  2.49791543e+00  2.50071373e+00 -3.31827446e-05 
 4.20114000e-02  2.50007157e+00  3.82513327e+00  2.49493872e+00  2.49773689e+00 -3.32042069e-05 
 4.20164000e-02  2.50010286e+00  3.82215731e+00  2.49196639e+00  2.49476166e+00 -3.32256424e-05 
 4.20214000e-02  2.50013406e+00  3.81918838e+00  2.48900139e+00  2.49179099e+00 -3.32470299e-05 
 4.20264000e-02  2.50016512e+00  3.81622942e+00  2.48604664e+00  2.48882781e+00 -3.32683482e-05 
 4.20314000e-02  2.50019601e+00  3.81328336e+00  2.48310508e+00  2.48587507e+00 -3.32895761e-05 
 4.20364000e-02  2.50022672e+00  3.81035313e+00  2.48017962e+00  2.48293568e+00 -3.33106926e-05 
 4.20414000e-02  2.50025720e+00  3.80744163e+00  2.47727317e+00  2.48001257e+00 -3.33316766e-05 
 4.20464000e-02  2.50028743e+00  3.80455176e+00  2.47438862e+00  2.47710863e+00 -3.33525073e-05 
 4.20514000e-02  2.50031737e+00  3.80168637e+00  2.47152882e+00  2.47422675e+00 -3.33731640e-05 
 4.20564000e-02  2.50034700e+00  3.79884833e+00  2.46869662e+00  2.47136978e+00 -3.33936261e-05 
 4.20614000e-02  2.50037629e+00  3.79604045e+00  2.46589484e+00  2.46854058e+00 -3.34138732e-05 
 4.20664000e-02  2.50040521e+00  3.79326553e+00  2.46312627e+00  2.46574195e+00 -3.34338852e-05 
 4.20714000e-02  2.50043372e+00  3.79052632e+00  2.46039365e+00  2.46297668e+00 -3.34536420e-05 
 4.20764000e-02  2.50046181e+00  3.78782557e+00  2.45769972e+00  2.46024752e+00 -3.34731239e-05 
 4.20814000e-02  2.50048944e+00  3.78516595e+00  2.45504715e+00  2.45755718e+00 -3.34923116e-05 
 4.20864000e-02  2.50051659e+00  3.78255012e+00  2.45243860e+00  2.45490836e+00 -3.35111857e-05 
 4.20914000e-02  2.50054323e+00  3.77998069e+00  2.44987666e+00  2.45230369e+00 -3.35297274e-05 
 4.20964000e-02  2.50056934e+00  3.77746023e+00  2.44736389e+00  2.44974576e+00 -3.35479181e-05 
 4.21014000e-02  2.50059488e+00  3.77499124e+00  2.44490280e+00  2.44723714e+00 -3.35657397e-05 
 4.21064000e-02  2.50061983e+00  3.77257620e+00  2.44249584e+00  2.44478032e+00 -3.35831743e-05 
 4.21114000e-02  2.50064418e+00  3.77021751e+00  2.44014543e+00  2.44237776e+00 -3.36002045e-05 
 4.21164000e-02  2.50066788e+00  3.76791754e+00  2.43785390e+00  2.44003186e+00 -3.36168130e-05 
 4.21214000e-02  2.50069093e+00  3.76567858e+00  2.43562356e+00  2.43774497e+00 -3.36329833e-05 
 4.21264000e-02  2.50071330e+00  3.76350287e+00  2.43345662e+00  2.43551936e+00 -3.36486992e-05 
 4.21314000e-02  2.50073496e+00  3.76139260e+00  2.43135527e+00  2.43335727e+00 -3.36639448e-05 
 4.21364000e-02  2.50075590e+00  3.75934986e+00  2.42932160e+00  2.43126085e+00 -3.36787048e-05 
 4.21414000e-02  2.50077609e+00  3.75737671e+00  2.42735764e+00  2.42923222e+00 -3.36929645e-05 
 4.21464000e-02  2.50079552e+00  3.75547512e+00  2.42546537e+00  2.42727339e+00 -3.37067094e-05 
 4.21514000e-02  2.50081416e+00  3.75364700e+00  2.42364668e+00  2.42538633e+00 -3.37199258e-05 
 4.21564000e-02  2.50083199e+00  3.75189417e+00  2.42190339e+00  2.42357293e+00 -3.37326004e-05 
 4.21614000e-02  2.50084901e+00  3.75021840e+00  2.42023724e+00  2.42183500e+00 -3.37447203e-05 
 4.21664000e-02  2.50086519e+00  3.74862136e+00  2.41864992e+00  2.42017429e+00 -3.37562735e-05 
 4.21714000e-02  2.50088051e+00  3.74710466e+00  2.41714301e+00  2.41859247e+00 -3.37672482e-05 
 4.21764000e-02  2.50089497e+00  3.74566981e+00  2.41571802e+00  2.41709111e+00 -3.37776335e-05 
 4.21814000e-02  2.50090854e+00  3.74431825e+00  2.41437638e+00  2.41567173e+00 -3.37874188e-05 
 4.21864000e-02  2.50092121e+00  3.74305134e+00  2.41311943e+00  2.41433574e+00 -3.37965943e-05 
 4.21914000e-02  2.50093298e+00  3.74187036e+00  2.41194844e+00  2.41308449e+00 -3.38051507e-05 
 4.21964000e-02  2.50094382e+00  3.74077648e+00  2.41086459e+00  2.41191923e+00 -3.38130795e-05 
 4.22014000e-02  2.50095374e+00  3.73977080e+00  2.40986895e+00  2.41084113e+00 -3.38203726e-05 
 4.22064000e-02  2.50096271e+00  3.73885433e+00  2.40896253e+00  2.40985128e+00 -3.38270226e-05 
 4.22114000e-02  2.50097073e+00  3.73802800e+00  2.40814625e+00  2.40895066e+00 -3.38330230e-05 
 4.22164000e-02  2.50097780e+00  3.73729263e+00  2.40742091e+00  2.40814019e+00 -3.38383676e-05 
 4.22214000e-02  2.50098390e+00  3.73664896e+00  2.40678724e+00  2.40742066e+00 -3.38430510e-05 
 4.22264000e-02  2.50098903e+00  3.73609763e+00  2.40624590e+00  2.40679282e+00 -3.38470685e-05 
 4.22314000e-02  2.50099318e+00  3.73563921e+00  2.40579740e+00  2.40625729e+00 -3.38504161e-05 
 4.22364000e-02  2.50099635e+00  3.73527414e+00  2.40544222e+00  2.40581459e+00 -3.38530903e-05 
 4.22414000e-02  2.50099854e+00  3.73500280e+00  2.40518070e+00  2.40546519e+00 -3.38550886e-05 
 4.22464000e-02  2.50099974e+00  3.73482546e+00  2.40501310e+00  2.40520943e+00 -3.38564088e-05 
 4.22514000e-02  2.50099996e+00  3.73474229e+00  2.40493960e+00  2.40504757e+00 -3.38570496e-05 
 4.22564000e-02  2.50099919e+00  3.73475339e+00  2.40496027e+00  2.40497977e+00 -3.38570105e-05 
 4.22614000e-02  2.50099744e+00  3.73485873e+00  2.40507508e+00  2.40500609e+00 -3.38562913e-05 
 4.22664000e-02  2.50099470e+00  3.73505822e+00  2.40528393e+00  2.40512652e+00 -3.38548930e-05 
 4.22714000e-02  2.50099097e+00  3.73535164e+00  2.40558660e+00  2.40534092e+00 -3.38528168e-05 
 4.22764000e-02  2.50098627e+00  3.73573872e+00  2.40598278e+00  2.40564909e+00 -3.38500650e-05 
 4.22814000e-02  2.50098060e+00  3.73621905e+00  2.40647209e+00  2.40605072e+00 -3.38466401e-05 
 4.22864000e-02  2.50097396e+00  3.73679215e+00  2.40705403e+00  2.40654540e+00 -3.38425459e-05 
 4.22914000e-02  2.50096636e+00  3.73745746e+00  2.40772801e+00  2.40713263e+00 -3.38377862e-05 
 4.22964000e-02  2.50095780e+00  3.73821430e+00  2.40849335e+00  2.40781183e+00 -3.38323661e-05 
 4.23014000e-02  2.50094830e+00  3.73906191e+00  2.40934930e+00  2.40858231e+00 -3.38262908e-05 
 4.23064000e-02  2.50093786e+00  3.73999944e+00  2.41029498e+00  2.40944331e+00 -3.38195667e-05 
 4.23114000e-02  2.50092650e+00  3.74102594e+00  2.41132946e+00  2.41039394e+00 -3.38122004e-05 
 4.23164000e-02  2.50091423e+00  3.74214040e+00  2.41245169e+00  2.41143327e+00 -3.38041994e-05 
 4.23214000e-02  2.50090105e+00  3.74334169e+00  2.41366054e+00  2.41256025e+00 -3.37955717e-05 
 4.23264000e-02  2.50088698e+00  3.74462860e+00  2.41495481e+00  2.41377374e+00 -3.37863261e-05 
 4.23314000e-02  2.50087204e+00  3.74599984e+00  2.41633319e+00  2.41507253e+00 -3.37764719e-05 
 4.23364000e-02  2.50085623e+00  3.74745404e+00  2.41779430e+00  2.41645532e+00 -3.37660190e-05 
 4.23414000e-02  2.50083958e+00  3.74898974e+00  2.41933668e+00  2.41792071e+00 -3.37549780e-05 
 4.23464000e-02  2.50082210e+00  3.75060540e+00  2.42095877e+00  2.41946725e+00 -3.37433599e-05 
 4.23514000e-02  2.50080382e+00  3.75229939e+00  2.42265896e+00  2.42109337e+00 -3.37311765e-05 
 4.23564000e-02  2.50078473e+00  3.75407003e+00  2.42443554e+00  2.42279746e+00 -3.37184400e-05 
 4.23614000e-02  2.50076488e+00  3.75591554e+00  2.42628673e+00  2.42457779e+00 -3.37051633e-05 
 4.23664000e-02  2.50074426e+00  3.75783406e+00  2.42821067e+00  2.42643259e+00 -3.36913597e-05 
 4.23714000e-02  2.50072292e+00  3.75982368e+00  2.43020544e+00  2.42836000e+00 -3.36770431e-05 
 4.23764000e-02  2.50070086e+00  3.76188240e+00  2.43226904e+00  2.43035809e+00 -3.36622279e-05 
 4.23814000e-02  2.50067811e+00  3.76400817e+00  2.43439941e+00  2.43242485e+00 -3.36469290e-05 
 4.23864000e-02  2.50065469e+00  3.76619885e+00  2.43659441e+00  2.43455823e+00 -3.36311617e-05 
 4.23914000e-02  2.50063062e+00  3.76845226e+00  2.43885185e+00  2.43675608e+00 -3.36149419e-05 
 4.23964000e-02  2.50060593e+00  3.77076614e+00  2.44116947e+00  2.43901620e+00 -3.35982859e-05 
 4.24014000e-02  2.50058065e+00  3.77313817e+00  2.44354495e+00  2.44133634e+00 -3.35812103e-05 
 4.24064000e-02  2.50055479e+00  3.77556600e+00  2.44597592e+00  2.44371418e+00 -3.35637323e-05 
 4.24114000e-02  2.50052838e+00  3.77804719e+00  2.44845995e+00  2.44614735e+00 -3.35458695e-05 
 4.24164000e-02  2.50050145e+00  3.78057926e+00  2.45099457e+00  2.44863340e+00 -3.35276396e-05 
 4.24214000e-02  2.50047403e+00  3.78315970e+00  2.45357724e+00  2.45116986e+00 -3.35090610e-05 
 4.24264000e-02  2.50044614e+00  3.78578591e+00  2.45620538e+00  2.45375420e+00 -3.34901522e-05 
 4.24314000e-02  2.50041780e+00  3.78845529e+00  2.45887638e+00  2.45638384e+00 -3.34709322e-05 
 4.24364000e-02  2.50038906e+00  3.79116518e+00  2.46158757e+00  2.45905615e+00 -3.34514201e-05 
 4.24414000e-02  2.50035993e+00  3.79391287e+00  2.46433625e+00  2.46176848e+00 -3.34316355e-05 
 4.24464000e-02  2.50033045e+00  3.79669563e+00  2.46711969e+00  2.46451813e+00 -3.34115981e-05 
 4.24514000e-02  2.50030064e+00  3.79951069e+00  2.46993511e+00  2.46730234e+00 -3.33913278e-05 
 4.24564000e-02  2.50027053e+00  3.80235525e+00  2.47277971e+00  2.47011836e+00 -3.33708450e-05 
 4.24614000e-02  2.50024016e+00  3.80522647e+00  2.47565067e+00  2.47296338e+00 -3.33501699e-05 
 4.24664000e-02  2.50020955e+00  3.80812152e+00  2.47854514e+00  2.47583458e+00 -3.33293233e-05 
 4.24714000e-02  2.50017873e+00  3.81103750e+00  2.48146023e+00  2.47872910e+00 -3.33083257e-05 
 4.24764000e-02  2.50014774e+00  3.81397154e+00  2.48439305e+00  2.48164406e+00 -3.32871981e-05 
 4.24814000e-02  2.50011660e+00  3.81692071e+00  2.48734071e+00  2.48457657e+00 -3.32659615e-05 
 4.24864000e-02  2.50008535e+00  3.81988209e+00  2.49030026e+00  2.48752373e+00 -3.32446369e-05 
 4.24914000e-02  2.50005401e+00  3.82285276e+00  2.49326879e+00  2.49048262e+00 -3.32232455e-05 
 4.24964000e-02  2.50002262e+00  3.82582976e+00  2.49624335e+00  2.49345029e+00 -3.32018085e-05 
 4.25014000e-02  2.49999120e+00  3.82881015e+00  2.49922100e+00  2.49642382e+00 -3.31803471e-05 
 4.25064000e-02  2.49995980e+00  3.83179099e+00  2.50219879e+00  2.49940026e+00 -3.31588826e-05 
 4.25114000e-02  2.49992843e+00  3.83476933e+00  2.50517378e+00  2.50237667e+00 -3.31374361e-05 
 4.25164000e-02  2.49989714e+00  3.83774223e+00  2.50814304e+00  2.50535010e+00 -3.31160288e-05 
 4.25214000e-02  2.49986594e+00  3.84070676e+00  2.51110364e+00  2.50831763e+00 -3.30946819e-05 
 4.25264000e-02  2.49983488e+00  3.84365998e+00  2.51405265e+00  2.51127632e+00 -3.30734164e-05 
 4.25314000e-02  2.49980399e+00  3.84659900e+00  2.51698716e+00  2.51422325e+00 -3.30522533e-05 
 4.25364000e-02  2.49977328e+00  3.84952091e+00  2.51990430e+00  2.51715553e+00 -3.30312132e-05 
 4.25414000e-02  2.49974280e+00  3.85242285e+00  2.52280119e+00  2.52007026e+00 -3.30103171e-05 
 4.25464000e-02  2.49971257e+00  3.85530196e+00  2.52567498e+00  2.52296458e+00 -3.29895853e-05 
 4.25514000e-02  2.49968263e+00  3.85815540e+00  2.52852284e+00  2.52583564e+00 -3.29690382e-05 
 4.25564000e-02  2.49965300e+00  3.86098039e+00  2.53134199e+00  2.52868063e+00 -3.29486960e-05 
 4.25614000e-02  2.49962371e+00  3.86377414e+00  2.53412965e+00  2.53149673e+00 -3.29285785e-05 
 4.25664000e-02  2.49959479e+00  3.86653393e+00  2.53688310e+00  2.53428121e+00 -3.29087055e-05 
 4.25714000e-02  2.49956628e+00  3.86925703e+00  2.53959964e+00  2.53703132e+00 -3.28890964e-05 
 4.25764000e-02  2.49953819e+00  3.87194080e+00  2.54227660e+00  2.53974437e+00 -3.28697703e-05 
 4.25814000e-02  2.49951056e+00  3.87458261e+00  2.54491137e+00  2.54241772e+00 -3.28507461e-05 
 4.25864000e-02  2.49948341e+00  3.87717987e+00  2.54750138e+00  2.54504873e+00 -3.28320423e-05 
 4.25914000e-02  2.49945677e+00  3.87973005e+00  2.55004409e+00  2.54763485e+00 -3.28136771e-05 
 4.25964000e-02  2.49943066e+00  3.88223065e+00  2.55253703e+00  2.55017354e+00 -3.27956684e-05 
 4.26014000e-02  2.49940512e+00  3.88467925e+00  2.55497777e+00  2.55266233e+00 -3.27780337e-05 
 4.26064000e-02  2.49938017e+00  3.88707346e+00  2.55736392e+00  2.55509880e+00 -3.27607902e-05 
 4.26114000e-02  2.49935582e+00  3.88941094e+00  2.55969317e+00  2.55748057e+00 -3.27439544e-05 
 4.26164000e-02  2.49933212e+00  3.89168942e+00  2.56196324e+00  2.55980531e+00 -3.27275429e-05 
 4.26214000e-02  2.49930907e+00  3.89390669e+00  2.56417194e+00  2.56207078e+00 -3.27115713e-05 
 4.26264000e-02  2.49928670e+00  3.89606059e+00  2.56631711e+00  2.56427477e+00 -3.26960553e-05 
 4.26314000e-02  2.49926504e+00  3.89814903e+00  2.56839668e+00  2.56641513e+00 -3.26810097e-05 
 4.26364000e-02  2.49924410e+00  3.90016999e+00  2.57040862e+00  2.56848980e+00 -3.26664491e-05 
 4.26414000e-02  2.49922391e+00  3.90212151e+00  2.57235099e+00  2.57049675e+00 -3.26523876e-05 
 4.26464000e-02  2.49920448e+00  3.90400169e+00  2.57422191e+00  2.57243404e+00 -3.26388387e-05 
 4.26514000e-02  2.49918584e+00  3.90580872e+00  2.57601956e+00  2.57429980e+00 -3.26258155e-05 
 4.26564000e-02  2.49916801e+00  3.90754085e+00  2.57774221e+00  2.57609222e+00 -3.26133305e-05 
 4.26614000e-02  2.49915099e+00  3.90919640e+00  2.57938818e+00  2.57780956e+00 -3.26013956e-05 
 4.26664000e-02  2.49913481e+00  3.91077377e+00  2.58095590e+00  2.57945017e+00 -3.25900224e-05 
 4.26714000e-02  2.49911949e+00  3.91227145e+00  2.58244384e+00  2.58101246e+00 -3.25792218e-05 
 4.26764000e-02  2.49910503e+00  3.91368798e+00  2.58385058e+00  2.58249493e+00 -3.25690042e-05 
 4.26814000e-02  2.49909146e+00  3.91502200e+00  2.58517475e+00  2.58389613e+00 -3.25593793e-05 
 4.26864000e-02  2.49907879e+00  3.91627222e+00  2.58641507e+00  2.58521473e+00 -3.25503564e-05 
 4.26914000e-02  2.49906702e+00  3.91743744e+00  2.58757036e+00  2.58644944e+00 -3.25419441e-05 
 4.26964000e-02  2.49905618e+00  3.91851654e+00  2.58863949e+00  2.58759908e+00 -3.25341505e-05 
 4.27014000e-02  2.49904626e+00  3.91950847e+00  2.58962144e+00  2.58866254e+00 -3.25269830e-05 
 4.27064000e-02  2.49903729e+00  3.92041228e+00  2.59051527e+00  2.58963880e+00 -3.25204485e-05 
 4.27114000e-02  2.49902927e+00  3.92122710e+00  2.59132011e+00  2.59052692e+00 -3.25145532e-05 
 4.27164000e-02  2.49902220e+00  3.92195215e+00  2.59203520e+00  2.59132604e+00 -3.25093028e-05 
 4.27214000e-02  2.49901610e+00  3.92258673e+00  2.59265983e+00  2.59203540e+00 -3.25047023e-05 
 4.27264000e-02  2.49901097e+00  3.92313023e+00  2.59319342e+00  2.59265431e+00 -3.25007561e-05 
 4.27314000e-02  2.49900682e+00  3.92358212e+00  2.59363545e+00  2.59318217e+00 -3.24974679e-05 
 4.27364000e-02  2.49900365e+00  3.92394198e+00  2.59398549e+00  2.59361849e+00 -3.24948409e-05 
 4.27414000e-02  2.49900146e+00  3.92420946e+00  2.59424321e+00  2.59396284e+00 -3.24928775e-05 
 4.27464000e-02  2.49900026e+00  3.92438430e+00  2.59440836e+00  2.59421488e+00 -3.24915798e-05 
 4.27514000e-02  2.49900004e+00  3.92446632e+00  2.59448078e+00  2.59437439e+00 -3.24909489e-05 
 4.27564000e-02  2.49900081e+00  3.92445546e+00  2.59446041e+00  2.59444120e+00 -3.24909854e-05 
 4.27614000e-02  2.49900256e+00  3.92435173e+00  2.59434726e+00  2.59441525e+00 -3.24916893e-05 
 4.27664000e-02  2.49900530e+00  3.92415521e+00  2.59414144e+00  2.59429657e+00 -3.24930599e-05 
 4.27714000e-02  2.49900903e+00  3.92386611e+00  2.59384315e+00  2.59408527e+00 -3.24950960e-05 
 4.27764000e-02  2.49901373e+00  3.92348469e+00  2.59345267e+00  2.59378155e+00 -3.24977955e-05 
 4.27814000e-02  2.49901940e+00  3.92301133e+00  2.59297038e+00  2.59338570e+00 -3.25011560e-05 
 4.27864000e-02  2.49902604e+00  3.92244648e+00  2.59239675e+00  2.59289811e+00 -3.25051741e-05 
 4.27914000e-02  2.49903364e+00  3.92179068e+00  2.59173232e+00  2.59231924e+00 -3.25098461e-05 
 4.27964000e-02  2.49904220e+00  3.92104456e+00  2.59097774e+00  2.59164965e+00 -3.25151676e-05 
 4.28014000e-02  2.49905170e+00  3.92020884e+00  2.59013372e+00  2.59088998e+00 -3.25211334e-05 
 4.28064000e-02  2.49906214e+00  3.91928433e+00  2.58920109e+00  2.59004097e+00 -3.25277378e-05 
 4.28114000e-02  2.49907350e+00  3.91827190e+00  2.58818073e+00  2.58910343e+00 -3.25349746e-05 
 4.28164000e-02  2.49908577e+00  3.91717254e+00  2.58707364e+00  2.58807826e+00 -3.25428368e-05 
 4.28214000e-02  2.49909895e+00  3.91598731e+00  2.58588087e+00  2.58696645e+00 -3.25513169e-05 
 4.28264000e-02  2.49911302e+00  3.91471734e+00  2.58460358e+00  2.58576907e+00 -3.25604068e-05 
 4.28314000e-02  2.49912796e+00  3.91336387e+00  2.58324299e+00  2.58448727e+00 -3.25700978e-05 
 4.28364000e-02  2.49914377e+00  3.91192819e+00  2.58180042e+00  2.58312230e+00 -3.25803806e-05 
 4.28414000e-02  2.49916042e+00  3.91041169e+00  2.58027726e+00  2.58167545e+00 -3.25912453e-05 
 4.28464000e-02  2.49917790e+00  3.90881583e+00  2.57867499e+00  2.58014814e+00 -3.26026816e-05 
 4.28514000e-02  2.49919618e+00  3.90714216e+00  2.57699514e+00  2.57854184e+00 -3.26146784e-05 
 4.28564000e-02  2.49921527e+00  3.90539229e+00  2.57523934e+00  2.57685809e+00 -3.26272242e-05 
 4.28614000e-02  2.49923512e+00  3.90356791e+00  2.57340929e+00  2.57509852e+00 -3.26403070e-05 
 4.28664000e-02  2.49925574e+00  3.90167079e+00  2.57150676e+00  2.57326484e+00 -3.26539142e-05 
 4.28714000e-02  2.49927708e+00  3.89970277e+00  2.56953359e+00  2.57135882e+00 -3.26680326e-05 
 4.28764000e-02  2.49929914e+00  3.89766575e+00  2.56749170e+00  2.56938231e+00 -3.26826486e-05 
 4.28814000e-02  2.49932189e+00  3.89556171e+00  2.56538306e+00  2.56733722e+00 -3.26977482e-05 
 4.28864000e-02  2.49934531e+00  3.89339269e+00  2.56320972e+00  2.56522553e+00 -3.27133168e-05 
 4.28914000e-02  2.49936938e+00  3.89116079e+00  2.56097379e+00  2.56304930e+00 -3.27293393e-05 
 4.28964000e-02  2.49939407e+00  3.88886819e+00  2.55867744e+00  2.56081063e+00 -3.27458002e-05 
 4.29014000e-02  2.49941935e+00  3.88651710e+00  2.55632290e+00  2.55851170e+00 -3.27626836e-05 
 4.29064000e-02  2.49944521e+00  3.88410983e+00  2.55391247e+00  2.55615475e+00 -3.27799731e-05 
 4.29114000e-02  2.49947162e+00  3.88164871e+00  2.55144850e+00  2.55374207e+00 -3.27976520e-05 
 4.29164000e-02  2.49949855e+00  3.87913614e+00  2.54893337e+00  2.55127600e+00 -3.28157030e-05 
 4.29214000e-02  2.49952597e+00  3.87657457e+00  2.54636956e+00  2.54875896e+00 -3.28341087e-05 
 4.29264000e-02  2.49955386e+00  3.87396650e+00  2.54375955e+00  2.54619340e+00 -3.28528511e-05 
 4.29314000e-02  2.49958220e+00  3.87131449e+00  2.54110591e+00  2.54358182e+00 -3.28719120e-05 
 4.29364000e-02  2.49961094e+00  3.86862111e+00  2.53841121e+00  2.54092678e+00 -3.28912727e-05 
 4.29414000e-02  2.49964007e+00  3.86588902e+00  2.53567810e+00  2.53823086e+00 -3.29109145e-05 
 4.29464000e-02  2.49966955e+00  3.86312087e+00  2.53290926e+00  2.53549671e+00 -3.29308180e-05 
 4.29514000e-02  2.49969936e+00  3.86031939e+00  2.53010740e+00  2.53272700e+00 -3.29509639e-05 
 4.29564000e-02  2.49972947e+00  3.85748731e+00  2.52727526e+00  2.52992445e+00 -3.29713324e-05 
 4.29614000e-02  2.49975984e+00  3.85462743e+00  2.52441563e+00  2.52709181e+00 -3.29919036e-05 
 4.29664000e-02  2.49979045e+00  3.85174255e+00  2.52153130e+00  2.52423185e+00 -3.30126573e-05 
 4.29714000e-02  2.49982127e+00  3.84883550e+00  2.51862513e+00  2.52134738e+00 -3.30335731e-05 
 4.29764000e-02  2.49985226e+00  3.84590914e+00  2.51569996e+00  2.51844124e+00 -3.30546305e-05 
 4.29814000e-02  2.49988340e+00  3.84296635e+00  2.51275867e+00  2.51551629e+00 -3.30758088e-05 
 4.29864000e-02  2.49991465e+00  3.84001003e+00  2.50980417e+00  2.51257541e+00 -3.30970871e-05 
 4.29914000e-02  2.49994599e+00  3.83704310e+00  2.50683936e+00  2.50962149e+00 -3.31184445e-05 
 4.29964000e-02  2.49997738e+00  3.83406848e+00  2.50386717e+00  2.50665745e+00 -3.31398598e-05 
 4.30014000e-02  2.50000880e+00  3.83108911e+00  2.50089053e+00  2.50368620e+00 -3.31613120e-05 
 4.30064000e-02  2.50004020e+00  3.82810793e+00  2.49791239e+00  2.50071069e+00 -3.31827799e-05 
 4.30114000e-02  2.50007157e+00  3.82512789e+00  2.49493568e+00  2.49773385e+00 -3.32042423e-05 
 4.30164000e-02  2.50010286e+00  3.82215193e+00  2.49196335e+00  2.49475862e+00 -3.32256778e-05 
 4.30214000e-02  2.50013406e+00  3.81918300e+00  2.48899835e+00  2.49178795e+00 -3.32470653e-05 
 4.30264000e-02  2.50016512e+00  3.81622405e+00  2.48604360e+00  2.48882477e+00 -3.32683836e-05 
 4.30314000e-02  2.50019601e+00  3.81327799e+00  2.48310204e+00  2.48587203e+00 -3.32896115e-05 
 4.30364000e-02  2.50022672e+00  3.81034776e+00  2.48017659e+00  2.48293264e+00 -3.33107279e-05 
 4.30414000e-02  2.50025720e+00  3.80743626e+00  2.47727014e+00  2.48000953e+00 -3.33317119e-05 
 4.30464000e-02  2.50028743e+00  3.80454639e+00  2.47438559e+00  2.47710560e+00 -3.33525426e-05 
 4.30514000e-02  2.50031737e+00  3.80168101e+00  2.47152579e+00  2.47422372e+00 -3.33731993e-05 
 4.30564000e-02  2.50034700e+00  3.79884296e+00  2.46869359e+00  2.47136675e+00 -3.33936614e-05 
 4.30614000e-02  2.50037629e+00  3.79603509e+00  2.46589182e+00  2.46853755e+00 -3.34139085e-05 
 4.30664000e-02  2.50040521e+00  3.79326016e+00  2.46312324e+00  2.46573893e+00 -3.34339205e-05 
 4.30714000e-02  2.50043372e+00  3.79052096e+00  2.46039063e+00  2.46297365e+00 -3.34536773e-05 
 4.30764000e-02  2.50046181e+00  3.78782021e+00  2.45769670e+00  2.46024449e+00 -3.34731592e-05 
 4.30814000e-02  2.50048944e+00  3.78516059e+00  2.45504414e+00  2.45755416e+00 -3.34923468e-05 
 4.30864000e-02  2.50051659e+00  3.78254477e+00  2.45243559e+00  2.45490534e+00 -3.35112209e-05 
 4.30914000e-02  2.50054323e+00  3.77997534e+00  2.44987365e+00  2.45230067e+00 -3.35297626e-05 
 4.30964000e-02  2.50056934e+00  3.77745487e+00  2.44736088e+00  2.44974275e+00 -3.35479533e-05 
 4.31014000e-02  2.50059488e+00  3.77498589e+00  2.44489979e+00  2.44723413e+00 -3.35657749e-05 
 4.31064000e-02  2.50061983e+00  3.77257085e+00  2.44249284e+00  2.44477731e+00 -3.35832095e-05 
 4.31114000e-02  2.50064418e+00  3.77021216e+00  2.44014242e+00  2.44237476e+00 -3.36002396e-05 
 4.31164000e-02  2.50066788e+00  3.76791219e+00  2.43785090e+00  2.44002886e+00 -3.36168482e-05 
 4.31214000e-02  2.50069093e+00  3.76567324e+00  2.43562056e+00  2.43774196e+00 -3.36330185e-05 
 4.31264000e-02  2.50071330e+00  3.76349753e+00  2.43345362e+00  2.43551636e+00 -3.36487343e-05 
 4.31314000e-02  2.50073496e+00  3.76138726e+00  2.43135227e+00  2.43335427e+00 -3.36639799e-05 
 4.31364000e-02  2.50075590e+00  3.75934452e+00  2.42931860e+00  2.43125786e+00 -3.36787399e-05 
 4.31414000e-02  2.50077609e+00  3.75737138e+00  2.42735465e+00  2.42922922e+00 -3.36929996e-05 
 4.31464000e-02  2.50079552e+00  3.75546979e+00  2.42546238e+00  2.42727039e+00 -3.37067445e-05 
 4.31514000e-02  2.50081416e+00  3.75364167e+00  2.42364369e+00  2.42538334e+00 -3.37199609e-05 
 4.31564000e-02  2.50083199e+00  3.75188884e+00  2.42190040e+00  2.42356994e+00 -3.37326354e-05 
 4.31614000e-02  2.50084901e+00  3.75021307e+00  2.42023426e+00  2.42183202e+00 -3.37447554e-05 
 4.31664000e-02  2.50086519e+00  3.74861603e+00  2.41864694e+00  2.42017131e+00 -3.37563085e-05 
 4.31714000e-02  2.50088051e+00  3.74709933e+00  2.41714003e+00  2.41858949e+00 -3.37672832e-05 
 4.31764000e-02  2.50089497e+00  3.74566448e+00  2.41571504e+00  2.41708813e+00 -3.37776685e-05 
 4.31814000e-02  2.50090854e+00  3.74431293e+00  2.41437340e+00  2.41566875e+00 -3.37874538e-05 
 4.31864000e-02  2.50092121e+00  3.74304603e+00  2.41311646e+00  2.41433276e+00 -3.37966292e-05 
 4.31914000e-02  2.50093298e+00  3.74186504e+00  2.41194547e+00  2.41308151e+00 -3.38051857e-05 
 4.31964000e-02  2.50094382e+00  3.74077116e+00  2.41086162e+00  2.41191626e+00 -3.38131144e-05 
 4.32014000e-02  2.50095374e+00  3.73976549e+00  2.40986598e+00  2.41083816e+00 -3.38204075e-05 
 4.32064000e-02  2.50096271e+00  3.73884903e+00  2.40895957e+00  2.40984831e+00 -3.38270576e-05 
 4.32114000e-02  2.50097073e+00  3.73802269e+00  2.40814329e+00  2.40894770e+00 -3.38330579e-05 
 4.32164000e-02  2.50097780e+00  3.73728733e+00  2.40741795e+00  2.40813722e+00 -3.38384025e-05 
 4.32214000e-02  2.50098390e+00  3.73664366e+00  2.40678429e+00  2.40741771e+00 -3.38430858e-05 
 4.32264000e-02  2.50098903e+00  3.73609233e+00  2.40624294e+00  2.40678987e+00 -3.38471033e-05 
 4.32314000e-02  2.50099318e+00  3.73563391e+00  2.40579445e+00  2.40625433e+00 -3.38504509e-05 
 4.32364000e-02  2.50099635e+00  3.73526885e+00  2.40543927e+00  2.40581164e+00 -3.38531251e-05 
 4.32414000e-02  2.50099854e+00  3.73499751e+00  2.40517775e+00  2.40546225e+00 -3.38551233e-05 
 4.32464000e-02  2.50099974e+00  3.73482017e+00  2.40501016e+00  2.40520649e+00 -3.38564435e-05 
 4.32514000e-02  2.50099996e+00  3.73473701e+00  2.40493666e+00  2.40504463e+00 -3.38570844e-05 
 4.32564000e-02  2.50099919e+00  3.73474810e+00  2.40495733e+00  2.40497683e+00 -3.38570452e-05 
 4.32614000e-02  2.50099744e+00  3.73485345e+00  2.40507215e+00  2.40500315e+00 -3.38563261e-05 
 4.32664000e-02  2.50099470e+00  3.73505294e+00  2.40528100e+00  2.40512358e+00 -3.38549277e-05 
 4.32714000e-02  2.50099097e+00  3.73534637e+00  2.40558367e+00  2.40533799e+00 -3.38528515e-05 
 4.32764000e-02  2.50098627e+00  3.73573344e+00  2.40597986e+00  2.40564617e+00 -3.38500996e-05 
 4.32814000e-02  2.50098060e+00  3.73621378e+00  2.40646917e+00  2.40604780e+00 -3.38466748e-05 
 4.32864000e-02  2.50097396e+00  3.73678688e+00  2.40705111e+00  2.40654248e+00 -3.38425805e-05 
 4.32914000e-02  2.50096636e+00  3.73745219e+00  2.40772509e+00  2.40712971e+00 -3.38378208e-05 
 4.32964000e-02  2.50095780e+00  3.73820903e+00  2.40849044e+00  2.40780892e+00 -3.38324007e-05 
 4.33014000e-02  2.50094830e+00  3.73905665e+00  2.40934639e+00  2.40857940e+00 -3.38263254e-05 
 4.33064000e-02  2.50093786e+00  3.73999418e+00  2.41029208e+00  2.40944040e+00 -3.38196012e-05 
 4.33114000e-02  2.50092650e+00  3.74102069e+00  2.41132656e+00  2.41039104e+00 -3.38122349e-05 
 4.33164000e-02  2.50091423e+00  3.74213515e+00  2.41244879e+00  2.41143037e+00 -3.38042339e-05 
 4.33214000e-02  2.50090105e+00  3.74333644e+00  2.41365764e+00  2.41255734e+00 -3.37956062e-05 
 4.33264000e-02  2.50088698e+00  3.74462335e+00  2.41495191e+00  2.41377084e+00 -3.37863606e-05 
 4.33314000e-02  2.50087204e+00  3.74599459e+00  2.41633030e+00  2.41506963e+00 -3.37765064e-05 
 4.33364000e-02  2.50085623e+00  3.74744880e+00  2.41779141e+00  2.41645242e+00 -3.37660534e-05 
 4.33414000e-02  2.50083958e+00  3.74898450e+00  2.41933379e+00  2.41791782e+00 -3.37550124e-05 
 4.33464000e-02  2.50082210e+00  3.75060016e+00  2.42095589e+00  2.41946436e+00 -3.37433943e-05 
 4.33514000e-02  2.50080382e+00  3.75229416e+00  2.42265608e+00  2.42109049e+00 -3.37312108e-05 
 4.33564000e-02  2.50078473e+00  3.75406480e+00  2.42443267e+00  2.42279458e+00 -3.37184743e-05 
 4.33614000e-02  2.50076488e+00  3.75591031e+00  2.42628386e+00  2.42457491e+00 -3.37051976e-05 
 4.33664000e-02  2.50074426e+00  3.75782883e+00  2.42820780e+00  2.42642972e+00 -3.36913940e-05 
 4.33714000e-02  2.50072292e+00  3.75981846e+00  2.43020258e+00  2.42835713e+00 -3.36770774e-05 
 4.33764000e-02  2.50070086e+00  3.76187718e+00  2.43226618e+00  2.43035522e+00 -3.36622621e-05 
 4.33814000e-02  2.50067811e+00  3.76400295e+00  2.43439655e+00  2.43242199e+00 -3.36469632e-05 
 4.33864000e-02  2.50065469e+00  3.76619364e+00  2.43659155e+00  2.43455537e+00 -3.36311959e-05 
 4.33914000e-02  2.50063062e+00  3.76844705e+00  2.43884900e+00  2.43675322e+00 -3.36149760e-05 
 4.33964000e-02  2.50060593e+00  3.77076093e+00  2.44116662e+00  2.43901335e+00 -3.35983200e-05 
 4.34014000e-02  2.50058065e+00  3.77313297e+00  2.44354210e+00  2.44133350e+00 -3.35812444e-05 
 4.34064000e-02  2.50055479e+00  3.77556080e+00  2.44597308e+00  2.44371134e+00 -3.35637664e-05 
 4.34114000e-02  2.50052838e+00  3.77804199e+00  2.44845711e+00  2.44614450e+00 -3.35459035e-05 
 4.34164000e-02  2.50050145e+00  3.78057407e+00  2.45099173e+00  2.44863056e+00 -3.35276736e-05 
 4.34214000e-02  2.50047403e+00  3.78315451e+00  2.45357441e+00  2.45116702e+00 -3.35090950e-05 
 4.34264000e-02  2.50044614e+00  3.78578073e+00  2.45620255e+00  2.45375137e+00 -3.34901862e-05 
 4.34314000e-02  2.50041780e+00  3.78845011e+00  2.45887355e+00  2.45638101e+00 -3.34709661e-05 
 4.34364000e-02  2.50038906e+00  3.79116000e+00  2.46158475e+00  2.45905333e+00 -3.34514540e-05 
 4.34414000e-02  2.50035993e+00  3.79390769e+00  2.46433343e+00  2.46176566e+00 -3.34316694e-05 
 4.34464000e-02  2.50033045e+00  3.79669046e+00  2.46711687e+00  2.46451531e+00 -3.34116319e-05 
 4.34514000e-02  2.50030064e+00  3.79950552e+00  2.46993230e+00  2.46729953e+00 -3.33913617e-05 
 4.34564000e-02  2.50027053e+00  3.80235008e+00  2.47277691e+00  2.47011555e+00 -3.33708788e-05 
 4.34614000e-02  2.50024016e+00  3.80522131e+00  2.47564787e+00  2.47296058e+00 -3.33502037e-05 
 4.34664000e-02  2.50020955e+00  3.80811636e+00  2.47854234e+00  2.47583178e+00 -3.33293570e-05 
 4.34714000e-02  2.50017873e+00  3.81103235e+00  2.48145743e+00  2.47872630e+00 -3.33083594e-05 
 4.34764000e-02  2.50014774e+00  3.81396638e+00  2.48439026e+00  2.48164126e+00 -3.32872318e-05 
 4.34814000e-02  2.50011660e+00  3.81691556e+00  2.48733792e+00  2.48457378e+00 -3.32659951e-05 
 4.34864000e-02  2.50008535e+00  3.81987695e+00  2.49029748e+00  2.48752095e+00 -3.32446705e-05 
 4.34914000e-02  2.50005401e+00  3.82284761e+00  2.49326601e+00  2.49047983e+00 -3.32232791e-05 
 4.34964000e-02  2.50002262e+00  3.82582462e+00  2.49624057e+00  2.49344751e+00 -3.32018421e-05 
 4.35014000e-02  2.49999120e+00  3.82880502e+00  2.49921822e+00  2.49642104e+00 -3.31803807e-05 
 4.35064000e-02  2.49995980e+00  3.83178586e+00  2.50219602e+00  2.49939749e+00 -3.31589161e-05 
 4.35114000e-02  2.49992843e+00  3.83476420e+00  2.50517102e+00  2.50237390e+00 -3.31374696e-05 
 4.35164000e-02  2.49989714e+00  3.83773711e+00  2.50814028e+00  2.50534734e+00 -3.31160623e-05 
 4.35214000e-02  2.49986594e+00  3.84070163e+00  2.51110088e+00  2.50831487e+00 -3.30947154e-05 
 4.35264000e-02  2.49983488e+00  3.84365486e+00  2.51404989e+00  2.51127356e+00 -3.30734498e-05 
 4.35314000e-02  2.49980399e+00  3.84659388e+00  2.51698441e+00  2.51422050e+00 -3.30522866e-05 
 4.35364000e-02  2.49977328e+00  3.84951580e+00  2.51990155e+00  2.51715278e+00 -3.30312466e-05 
 4.35414000e-02  2.49974280e+00  3.85241774e+00  2.52279845e+00  2.52006752e+00 -3.30103504e-05 
 4.35464000e-02  2.49971257e+00  3.85529685e+00  2.52567224e+00  2.52296184e+00 -3.29896186e-05 
 4.35514000e-02  2.49968263e+00  3.85815030e+00  2.52852011e+00  2.52583290e+00 -3.29690715e-05 
 4.35564000e-02  2.49965300e+00  3.86097529e+00  2.53133926e+00  2.52867789e+00 -3.29487292e-05 
 4.35614000e-02  2.49962371e+00  3.86376905e+00  2.53412693e+00  2.53149400e+00 -3.29286117e-05 
 4.35664000e-02  2.49959479e+00  3.86652884e+00  2.53688038e+00  2.53427848e+00 -3.29087387e-05 
 4.35714000e-02  2.49956628e+00  3.86925195e+00  2.53959692e+00  2.53702860e+00 -3.28891296e-05 
 4.35764000e-02  2.49953819e+00  3.87193572e+00  2.54227388e+00  2.53974165e+00 -3.28698034e-05 
 4.35814000e-02  2.49951056e+00  3.87457753e+00  2.54490866e+00  2.54241500e+00 -3.28507792e-05 
 4.35864000e-02  2.49948341e+00  3.87717479e+00  2.54749867e+00  2.54504602e+00 -3.28320754e-05 
 4.35914000e-02  2.49945677e+00  3.87972497e+00  2.55004139e+00  2.54763214e+00 -3.28137102e-05 
 4.35964000e-02  2.49943066e+00  3.88222558e+00  2.55253433e+00  2.55017083e+00 -3.27957014e-05 
 4.36014000e-02  2.49940512e+00  3.88467419e+00  2.55497507e+00  2.55265963e+00 -3.27780667e-05 
 4.36064000e-02  2.49938017e+00  3.88706840e+00  2.55736123e+00  2.55509610e+00 -3.27608231e-05 
 4.36114000e-02  2.49935582e+00  3.88940588e+00  2.55969047e+00  2.55747787e+00 -3.27439874e-05 
 4.36164000e-02  2.49933212e+00  3.89168436e+00  2.56196055e+00  2.55980262e+00 -3.27275758e-05 
 4.36214000e-02  2.49930907e+00  3.89390164e+00  2.56416925e+00  2.56206809e+00 -3.27116042e-05 
 4.36264000e-02  2.49928670e+00  3.89605554e+00  2.56631443e+00  2.56427208e+00 -3.26960881e-05 
 4.36314000e-02  2.49926504e+00  3.89814399e+00  2.56839400e+00  2.56641245e+00 -3.26810425e-05 
 4.36364000e-02  2.49924410e+00  3.90016495e+00  2.57040595e+00  2.56848712e+00 -3.26664819e-05 
 4.36414000e-02  2.49922391e+00  3.90211647e+00  2.57234832e+00  2.57049407e+00 -3.26524204e-05 
 4.36464000e-02  2.49920448e+00  3.90399665e+00  2.57421924e+00  2.57243137e+00 -3.26388715e-05 
 4.36514000e-02  2.49918584e+00  3.90580368e+00  2.57601689e+00  2.57429713e+00 -3.26258482e-05 
 4.36564000e-02  2.49916801e+00  3.90753582e+00  2.57773954e+00  2.57608955e+00 -3.26133632e-05 
 4.36614000e-02  2.49915099e+00  3.90919137e+00  2.57938553e+00  2.57780690e+00 -3.26014283e-05 
 4.36664000e-02  2.49913481e+00  3.91076875e+00  2.58095325e+00  2.57944752e+00 -3.25900551e-05 
 4.36714000e-02  2.49911949e+00  3.91226643e+00  2.58244119e+00  2.58100981e+00 -3.25792545e-05 
 4.36764000e-02  2.49910503e+00  3.91368296e+00  2.58384793e+00  2.58249228e+00 -3.25690368e-05 
 4.36814000e-02  2.49909146e+00  3.91501698e+00  2.58517210e+00  2.58389348e+00 -3.25594119e-05 
 4.36864000e-02  2.49907879e+00  3.91626721e+00  2.58641243e+00  2.58521208e+00 -3.25503890e-05 
 4.36914000e-02  2.49906702e+00  3.91743243e+00  2.58756772e+00  2.58644680e+00 -3.25419767e-05 
 4.36964000e-02  2.49905618e+00  3.91851153e+00  2.58863685e+00  2.58759644e+00 -3.25341830e-05 
 4.37014000e-02  2.49904626e+00  3.91950346e+00  2.58961881e+00  2.58865991e+00 -3.25270155e-05 
 4.37064000e-02  2.49903729e+00  3.92040728e+00  2.59051264e+00  2.58963617e+00 -3.25204810e-05 
 4.37114000e-02  2.49902927e+00  3.92122210e+00  2.59131749e+00  2.59052429e+00 -3.25145857e-05 
 4.37164000e-02  2.49902220e+00  3.92194715e+00  2.59203257e+00  2.59132342e+00 -3.25093353e-05 
 4.37214000e-02  2.49901610e+00  3.92258173e+00  2.59265721e+00  2.59203277e+00 -3.25047347e-05 
 4.37264000e-02  2.49901097e+00  3.92312524e+00  2.59319080e+00  2.59265169e+00 -3.25007885e-05 
 4.37314000e-02  2.49900682e+00  3.92357714e+00  2.59363283e+00  2.59317955e+00 -3.24975002e-05 
 4.37364000e-02  2.49900365e+00  3.92393700e+00  2.59398288e+00  2.59361587e+00 -3.24948732e-05 
 4.37414000e-02  2.49900146e+00  3.92420448e+00  2.59424060e+00  2.59396022e+00 -3.24929099e-05 
 4.37464000e-02  2.49900026e+00  3.92437931e+00  2.59440575e+00  2.59421227e+00 -3.24916121e-05 
 4.37514000e-02  2.49900004e+00  3.92446134e+00  2.59447818e+00  2.59437178e+00 -3.24909812e-05 
 4.37564000e-02  2.49900081e+00  3.92445049e+00  2.59445781e+00  2.59443860e+00 -3.24910177e-05 
 4.37614000e-02  2.49900256e+00  3.92434675e+00  2.59434466e+00  2.59441265e+00 -3.24917216e-05 
 4.37664000e-02  2.49900530e+00  3.92415024e+00  2.59413884e+00  2.59429397e+00 -3.24930922e-05 
 4.37714000e-02  2.49900903e+00  3.92386114e+00  2.59384055e+00  2.59408267e+00 -3.24951282e-05 
 4.37764000e-02  2.49901373e+00  3.92347973e+00  2.59345008e+00  2.59377895e+00 -3.24978277e-05 
 4.37814000e-02  2.49901940e+00  3.92300637e+00  2.59296780e+00  2.59338311e+00 -3.25011882e-05 
 4.37864000e-02  2.49902604e+00  3.92244152e+00  2.59239416e+00  2.59289552e+00 -3.25052063e-05 
 4.37914000e-02  2.49903364e+00  3.92178572e+00  2.59172974e+00  2.59231665e+00 -3.25098783e-05 
 4.37964000e-02  2.49904220e+00  3.92103960e+00  2.59097516e+00  2.59164707e+00 -3.25151997e-05 
 4.38014000e-02  2.49905170e+00  3.92020388e+00  2.59013114e+00  2.59088740e+00 -3.25211655e-05 
 4.38064000e-02  2.49906214e+00  3.91927937e+00  2.58919851e+00  2.59003839e+00 -3.25277700e-05 
 4.38114000e-02  2.49907350e+00  3.91826695e+00  2.58817816e+00  2.58910085e+00 -3.25350067e-05 
 4.38164000e-02  2.49908577e+00  3.91716759e+00  2.58707107e+00  2.58807569e+00 -3.25428689e-05 
 4.38214000e-02  2.49909895e+00  3.91598236e+00  2.58587830e+00  2.58696388e+00 -3.25513490e-05 
 4.38264000e-02  2.49911302e+00  3.91471240e+00  2.58460101e+00  2.58576650e+00 -3.25604389e-05 
 4.38314000e-02  2.49912796e+00  3.91335892e+00  2.58324042e+00  2.58448470e+00 -3.25701299e-05 
 4.38364000e-02  2.49914377e+00  3.91192324e+00  2.58179786e+00  2.58311973e+00 -3.25804127e-05 
 4.38414000e-02  2.49916042e+00  3.91040674e+00  2.58027470e+00  2.58167289e+00 -3.25912774e-05 
 4.38464000e-02  2.49917790e+00  3.90881089e+00  2.57867242e+00  2.58014558e+00 -3.26027136e-05 
 4.38514000e-02  2.49919618e+00  3.90713722e+00  2.57699258e+00  2.57853927e+00 -3.26147104e-05 
 4.38564000e-02  2.49921527e+00  3.90538735e+00  2.57523678e+00  2.57685553e+00 -3.26272562e-05 
 4.38614000e-02  2.49923512e+00  3.90356297e+00  2.57340673e+00  2.57509596e+00 -3.26403390e-05 
 4.38664000e-02  2.49925574e+00  3.90166586e+00  2.57150421e+00  2.57326229e+00 -3.26539462e-05 
 4.38714000e-02  2.49927708e+00  3.89969784e+00  2.56953104e+00  2.57135627e+00 -3.26680645e-05 
 4.38764000e-02  2.49929914e+00  3.89766082e+00  2.56748915e+00  2.56937976e+00 -3.26826806e-05 
 4.38814000e-02  2.49932189e+00  3.89555678e+00  2.56538051e+00  2.56733467e+00 -3.26977802e-05 
 4.38864000e-02  2.49934531e+00  3.89338776e+00  2.56320717e+00  2.56522298e+00 -3.27133488e-05 
 4.38914000e-02  2.49936938e+00  3.89115586e+00  2.56097124e+00  2.56304675e+00 -3.27293712e-05 
 4.38964000e-02  2.49939407e+00  3.88886326e+00  2.55867490e+00  2.56080808e+00 -3.27458322e-05 
 4.39014000e-02  2.49941935e+00  3.88651218e+00  2.55632036e+00  2.55850916e+00 -3.27627155e-05 
 4.39064000e-02  2.49944521e+00  3.88410490e+00  2.55390993e+00  2.55615221e+00 -3.27800051e-05 
 4.39114000e-02  2.49947162e+00  3.88164378e+00  2.55144596e+00  2.55373953e+00 -3.27976839e-05 
 4.39164000e-02  2.49949855e+00  3.87913122e+00  2.54893084e+00  2.55127347e+00 -3.28157349e-05 
 4.39214000e-02  2.49952597e+00  3.87656965e+00  2.54636702e+00  2.54875643e+00 -3.28341406e-05 
 4.39264000e-02  2.49955386e+00  3.87396159e+00  2.54375702e+00  2.54619087e+00 -3.28528830e-05 
 4.39314000e-02  2.49958220e+00  3.87130957e+00  2.54110337e+00  2.54357929e+00 -3.28719438e-05 
 4.39364000e-02  2.49961094e+00  3.86861620e+00  2.53840868e+00  2.54092425e+00 -3.28913046e-05 
 4.39414000e-02  2.49964007e+00  3.86588410e+00  2.53567558e+00  2.53822833e+00 -3.29109463e-05 
 4.39464000e-02  2.49966955e+00  3.86311596e+00  2.53290674e+00  2.53549418e+00 -3.29308499e-05 
 4.39514000e-02  2.49969936e+00  3.86031448e+00  2.53010487e+00  2.53272448e+00 -3.29509957e-05 
 4.39564000e-02  2.49972947e+00  3.85748241e+00  2.52727274e+00  2.52992193e+00 -3.29713643e-05 
 4.39614000e-02  2.49975984e+00  3.85462252e+00  2.52441310e+00  2.52708928e+00 -3.29919354e-05 
 4.39664000e-02  2.49979045e+00  3.85173764e+00  2.52152878e+00  2.52422932e+00 -3.30126891e-05 
 4.39714000e-02  2.49982127e+00  3.84883059e+00  2.51862261e+00  2.52134486e+00 -3.30336049e-05 
 4.39764000e-02  2.49985226e+00  3.84590423e+00  2.51569744e+00  2.51843872e+00 -3.30546623e-05 
 4.39814000e-02  2.49988340e+00  3.84296145e+00  2.51275616e+00  2.51551378e+00 -3.30758406e-05 
 4.39864000e-02  2.49991465e+00  3.84000513e+00  2.50980166e+00  2.51257290e+00 -3.30971189e-05 
 4.39914000e-02  2.49994599e+00  3.83703820e+00  2.50683685e+00  2.50961898e+00 -3.31184762e-05 
 4.39964000e-02  2.49997738e+00  3.83406359e+00  2.50386466e+00  2.50665493e+00 -3.31398916e-05 
 4.40014000e-02  2.50000880e+00  3.83108422e+00  2.50088802e+00  2.50368369e+00 -3.31613438e-05 
 4.40064000e-02  2.50004020e+00  3.82810304e+00  2.49790988e+00  2.50070818e+00 -3.31828117e-05 
 4.40114000e-02  2.50007157e+00  3.82512299e+00  2.49493317e+00  2.49773134e+00 -3.32042740e-05 
 4.40164000e-02  2.50010286e+00  3.82214704e+00  2.49196085e+00  2.49475611e+00 -3.32257095e-05 
 4.40214000e-02  2.50013406e+00  3.81917811e+00  2.48899584e+00  2.49178544e+00 -3.32470970e-05 
 4.40264000e-02  2.50016512e+00  3.81621916e+00  2.48604110e+00  2.48882227e+00 -3.32684153e-05 
 4.40314000e-02  2.50019601e+00  3.81327310e+00  2.48309954e+00  2.48586953e+00 -3.32896432e-05 
 4.40364000e-02  2.50022672e+00  3.81034287e+00  2.48017409e+00  2.48293014e+00 -3.33107596e-05 
 4.40414000e-02  2.50025720e+00  3.80743138e+00  2.47726764e+00  2.48000704e+00 -3.33317436e-05 
 4.40464000e-02  2.50028743e+00  3.80454150e+00  2.47438309e+00  2.47710310e+00 -3.33525743e-05 
 4.40514000e-02  2.50031737e+00  3.80167612e+00  2.47152330e+00  2.47422122e+00 -3.33732310e-05 
 4.40564000e-02  2.50034700e+00  3.79883808e+00  2.46869110e+00  2.47136426e+00 -3.33936931e-05 
 4.40614000e-02  2.50037629e+00  3.79603020e+00  2.46588933e+00  2.46853506e+00 -3.34139402e-05 
 4.40664000e-02  2.50040521e+00  3.79325528e+00  2.46312075e+00  2.46573644e+00 -3.34339521e-05 
 4.40714000e-02  2.50043372e+00  3.79051608e+00  2.46038814e+00  2.46297117e+00 -3.34537089e-05 
 4.40764000e-02  2.50046181e+00  3.78781533e+00  2.45769422e+00  2.46024201e+00 -3.34731908e-05 
 4.40814000e-02  2.50048944e+00  3.78515572e+00  2.45504165e+00  2.45755168e+00 -3.34923784e-05 
 4.40864000e-02  2.50051659e+00  3.78253989e+00  2.45243310e+00  2.45490286e+00 -3.35112525e-05 
 4.40914000e-02  2.50054323e+00  3.77997047e+00  2.44987117e+00  2.45229819e+00 -3.35297942e-05 
 4.40964000e-02  2.50056934e+00  3.77745000e+00  2.44735840e+00  2.44974027e+00 -3.35479849e-05 
 4.41014000e-02  2.50059488e+00  3.77498102e+00  2.44489732e+00  2.44723165e+00 -3.35658065e-05 
 4.41064000e-02  2.50061983e+00  3.77256598e+00  2.44249036e+00  2.44477484e+00 -3.35832411e-05 
 4.41114000e-02  2.50064418e+00  3.77020730e+00  2.44013995e+00  2.44237228e+00 -3.36002712e-05 
 4.41164000e-02  2.50066788e+00  3.76790733e+00  2.43784843e+00  2.44002639e+00 -3.36168797e-05 
 4.41214000e-02  2.50069093e+00  3.76566838e+00  2.43561809e+00  2.43773949e+00 -3.36330500e-05 
 4.41264000e-02  2.50071330e+00  3.76349267e+00  2.43345116e+00  2.43551389e+00 -3.36487658e-05 
 4.41314000e-02  2.50073496e+00  3.76138240e+00  2.43134981e+00  2.43335180e+00 -3.36640114e-05 
 4.41364000e-02  2.50075590e+00  3.75933967e+00  2.42931614e+00  2.43125539e+00 -3.36787714e-05 
 4.41414000e-02  2.50077609e+00  3.75736652e+00  2.42735219e+00  2.42922676e+00 -3.36930311e-05 
 4.41464000e-02  2.50079552e+00  3.75546494e+00  2.42545992e+00  2.42726794e+00 -3.37067760e-05 
 4.41514000e-02  2.50081416e+00  3.75363682e+00  2.42364123e+00  2.42538088e+00 -3.37199924e-05 
 4.41564000e-02  2.50083199e+00  3.75188399e+00  2.42189795e+00  2.42356748e+00 -3.37326669e-05 
 4.41614000e-02  2.50084901e+00  3.75020822e+00  2.42023181e+00  2.42182956e+00 -3.37447868e-05 
 4.41664000e-02  2.50086519e+00  3.74861119e+00  2.41864449e+00  2.42016886e+00 -3.37563399e-05 
 4.41714000e-02  2.50088051e+00  3.74709449e+00  2.41713758e+00  2.41858704e+00 -3.37673146e-05 
 4.41764000e-02  2.50089497e+00  3.74565964e+00  2.41571259e+00  2.41708568e+00 -3.37776999e-05 
 4.41814000e-02  2.50090854e+00  3.74430809e+00  2.41437096e+00  2.41566630e+00 -3.37874851e-05 
 4.41864000e-02  2.50092121e+00  3.74304119e+00  2.41311402e+00  2.41433032e+00 -3.37966606e-05 
 4.41914000e-02  2.50093298e+00  3.74186021e+00  2.41194303e+00  2.41307907e+00 -3.38052170e-05 
 4.41964000e-02  2.50094382e+00  3.74076633e+00  2.41085918e+00  2.41191382e+00 -3.38131457e-05 
 4.42014000e-02  2.50095374e+00  3.73976066e+00  2.40986355e+00  2.41083573e+00 -3.38204388e-05 
 4.42064000e-02  2.50096271e+00  3.73884420e+00  2.40895714e+00  2.40984588e+00 -3.38270889e-05 
 4.42114000e-02  2.50097073e+00  3.73801787e+00  2.40814086e+00  2.40894527e+00 -3.38330892e-05 
 4.42164000e-02  2.50097780e+00  3.73728250e+00  2.40741552e+00  2.40813480e+00 -3.38384337e-05 
 4.42214000e-02  2.50098390e+00  3.73663883e+00  2.40678187e+00  2.40741528e+00 -3.38431171e-05 
 4.42264000e-02  2.50098903e+00  3.73608751e+00  2.40624052e+00  2.40678744e+00 -3.38471346e-05 
 4.42314000e-02  2.50099318e+00  3.73562909e+00  2.40579203e+00  2.40625191e+00 -3.38504821e-05 
 4.42364000e-02  2.50099635e+00  3.73526403e+00  2.40543685e+00  2.40580923e+00 -3.38531563e-05 
 4.42414000e-02  2.50099854e+00  3.73499270e+00  2.40517534e+00  2.40545983e+00 -3.38551545e-05 
 4.42464000e-02  2.50099974e+00  3.73481536e+00  2.40500775e+00  2.40520407e+00 -3.38564747e-05 
 4.42514000e-02  2.50099996e+00  3.73473220e+00  2.40493425e+00  2.40504222e+00 -3.38571155e-05 
 4.42564000e-02  2.50099919e+00  3.73474330e+00  2.40495492e+00  2.40497442e+00 -3.38570763e-05 
 4.42614000e-02  2.50099744e+00  3.73484864e+00  2.40506974e+00  2.40500075e+00 -3.38563572e-05 
 4.42664000e-02  2.50099470e+00  3.73504813e+00  2.40527860e+00  2.40512118e+00 -3.38549588e-05 
 4.42714000e-02  2.50099097e+00  3.73534157e+00  2.40558127e+00  2.40533559e+00 -3.38528826e-05 
 4.42764000e-02  2.50098627e+00  3.73572864e+00  2.40597746e+00  2.40564377e+00 -3.38501307e-05 
 4.42814000e-02  2.50098060e+00  3.73620898e+00  2.40646677e+00  2.40604540e+00 -3.38467058e-05 
 4.42864000e-02  2.50097396e+00  3.73678209e+00  2.40704872e+00  2.40654008e+00 -3.38426115e-05 
 4.42914000e-02  2.50096636e+00  3.73744740e+00  2.40772270e+00  2.40712732e+00 -3.38378518e-05 
 4.42964000e-02  2.50095780e+00  3.73820425e+00  2.40848805e+00  2.40780653e+00 -3.38324316e-05 
 4.43014000e-02  2.50094830e+00  3.73905186e+00  2.40934401e+00  2.40857702e+00 -3.38263564e-05 
 4.43064000e-02  2.50093786e+00  3.73998939e+00  2.41028970e+00  2.40943801e+00 -3.38196322e-05 
 4.43114000e-02  2.50092650e+00  3.74101591e+00  2.41132418e+00  2.41038866e+00 -3.38122658e-05 
 4.43164000e-02  2.50091423e+00  3.74213037e+00  2.41244641e+00  2.41142799e+00 -3.38042648e-05 
 4.43214000e-02  2.50090105e+00  3.74333166e+00  2.41365527e+00  2.41255497e+00 -3.37956371e-05 
 4.43264000e-02  2.50088698e+00  3.74461858e+00  2.41494954e+00  2.41376847e+00 -3.37863915e-05 
 4.43314000e-02  2.50087204e+00  3.74598982e+00  2.41632793e+00  2.41506727e+00 -3.37765372e-05 
 4.43364000e-02  2.50085623e+00  3.74744403e+00  2.41778905e+00  2.41645006e+00 -3.37660843e-05 
 4.43414000e-02  2.50083958e+00  3.74897974e+00  2.41933143e+00  2.41791546e+00 -3.37550432e-05 
 4.43464000e-02  2.50082210e+00  3.75059540e+00  2.42095353e+00  2.41946200e+00 -3.37434251e-05 
 4.43514000e-02  2.50080382e+00  3.75228940e+00  2.42265373e+00  2.42108813e+00 -3.37312416e-05 
 4.43564000e-02  2.50078473e+00  3.75406005e+00  2.42443032e+00  2.42279222e+00 -3.37185051e-05 
 4.43614000e-02  2.50076488e+00  3.75590556e+00  2.42628151e+00  2.42457256e+00 -3.37052283e-05 
 4.43664000e-02  2.50074426e+00  3.75782408e+00  2.42820546e+00  2.42642737e+00 -3.36914247e-05 
 4.43714000e-02  2.50072292e+00  3.75981371e+00  2.43020024e+00  2.42835478e+00 -3.36771080e-05 
 4.43764000e-02  2.50070086e+00  3.76187244e+00  2.43226384e+00  2.43035288e+00 -3.36622928e-05 
 4.43814000e-02  2.50067811e+00  3.76399821e+00  2.43439422e+00  2.43241965e+00 -3.36469938e-05 
 4.43864000e-02  2.50065469e+00  3.76618890e+00  2.43658922e+00  2.43455303e+00 -3.36312265e-05 
 4.43914000e-02  2.50063062e+00  3.76844231e+00  2.43884667e+00  2.43675089e+00 -3.36150066e-05 
 4.43964000e-02  2.50060593e+00  3.77075620e+00  2.44116429e+00  2.43901102e+00 -3.35983505e-05 
 4.44014000e-02  2.50058065e+00  3.77312824e+00  2.44353978e+00  2.44133117e+00 -3.35812749e-05 
 4.44064000e-02  2.50055479e+00  3.77555607e+00  2.44597076e+00  2.44370902e+00 -3.35637969e-05 
 4.44114000e-02  2.50052838e+00  3.77803727e+00  2.44845480e+00  2.44614218e+00 -3.35459340e-05 
 4.44164000e-02  2.50050145e+00  3.78056935e+00  2.45098942e+00  2.44862824e+00 -3.35277041e-05 
 4.44214000e-02  2.50047403e+00  3.78314979e+00  2.45357210e+00  2.45116471e+00 -3.35091254e-05 
 4.44264000e-02  2.50044614e+00  3.78577601e+00  2.45620025e+00  2.45374906e+00 -3.34902166e-05 
 4.44314000e-02  2.50041780e+00  3.78844540e+00  2.45887125e+00  2.45637870e+00 -3.34709965e-05 
 4.44364000e-02  2.50038906e+00  3.79115529e+00  2.46158245e+00  2.45905103e+00 -3.34514844e-05 
 4.44414000e-02  2.50035993e+00  3.79390299e+00  2.46433114e+00  2.46176336e+00 -3.34316997e-05 
 4.44464000e-02  2.50033045e+00  3.79668575e+00  2.46711458e+00  2.46451301e+00 -3.34116622e-05 
 4.44514000e-02  2.50030064e+00  3.79950082e+00  2.46993001e+00  2.46729724e+00 -3.33913920e-05 
 4.44564000e-02  2.50027053e+00  3.80234538e+00  2.47277462e+00  2.47011326e+00 -3.33709091e-05 
 4.44614000e-02  2.50024016e+00  3.80521662e+00  2.47564559e+00  2.47295829e+00 -3.33502339e-05 
 4.44664000e-02  2.50020955e+00  3.80811167e+00  2.47854006e+00  2.47582949e+00 -3.33293872e-05 
 4.44714000e-02  2.50017873e+00  3.81102766e+00  2.48145516e+00  2.47872402e+00 -3.33083896e-05 
 4.44764000e-02  2.50014774e+00  3.81396170e+00  2.48438799e+00  2.48163899e+00 -3.32872620e-05 
 4.44814000e-02  2.50011660e+00  3.81691088e+00  2.48733565e+00  2.48457151e+00 -3.32660253e-05 
 4.44864000e-02  2.50008535e+00  3.81987227e+00  2.49029521e+00  2.48751868e+00 -3.32447007e-05 
 4.44914000e-02  2.50005401e+00  3.82284294e+00  2.49326375e+00  2.49047757e+00 -3.32233092e-05 
 4.44964000e-02  2.50002262e+00  3.82581995e+00  2.49623831e+00  2.49344525e+00 -3.32018722e-05 
 4.45014000e-02  2.49999120e+00  3.82880035e+00  2.49921597e+00  2.49641878e+00 -3.31804107e-05 
 4.45064000e-02  2.49995980e+00  3.83178120e+00  2.50219377e+00  2.49939523e+00 -3.31589461e-05 
 4.45114000e-02  2.49992843e+00  3.83475954e+00  2.50516877e+00  2.50237165e+00 -3.31374996e-05 
 4.45164000e-02  2.49989714e+00  3.83773245e+00  2.50813804e+00  2.50534509e+00 -3.31160923e-05 
 4.45214000e-02  2.49986594e+00  3.84069698e+00  2.51109864e+00  2.50831262e+00 -3.30947453e-05 
 4.45264000e-02  2.49983488e+00  3.84365021e+00  2.51404765e+00  2.51127132e+00 -3.30734797e-05 
 4.45314000e-02  2.49980399e+00  3.84658924e+00  2.51698218e+00  2.51421826e+00 -3.30523165e-05 
 4.45364000e-02  2.49977328e+00  3.84951116e+00  2.51989932e+00  2.51715055e+00 -3.30312765e-05 
 4.45414000e-02  2.49974280e+00  3.85241310e+00  2.52279622e+00  2.52006529e+00 -3.30103802e-05 
 4.45464000e-02  2.49971257e+00  3.85529221e+00  2.52567001e+00  2.52295961e+00 -3.29896484e-05 
 4.45514000e-02  2.49968263e+00  3.85814567e+00  2.52851789e+00  2.52583068e+00 -3.29691013e-05 
 4.45564000e-02  2.49965300e+00  3.86097066e+00  2.53133704e+00  2.52867567e+00 -3.29487590e-05 
 4.45614000e-02  2.49962371e+00  3.86376442e+00  2.53412471e+00  2.53149179e+00 -3.29286415e-05 
 4.45664000e-02  2.49959479e+00  3.86652421e+00  2.53687817e+00  2.53427627e+00 -3.29087684e-05 
 4.45714000e-02  2.49956628e+00  3.86924733e+00  2.53959471e+00  2.53702639e+00 -3.28891592e-05 
 4.45764000e-02  2.49953819e+00  3.87193110e+00  2.54227168e+00  2.53973945e+00 -3.28698331e-05 
 4.45814000e-02  2.49951056e+00  3.87457291e+00  2.54490646e+00  2.54241280e+00 -3.28508088e-05 
 4.45864000e-02  2.49948341e+00  3.87717018e+00  2.54749647e+00  2.54504382e+00 -3.28321049e-05 
 4.45914000e-02  2.49945677e+00  3.87972036e+00  2.55003919e+00  2.54762994e+00 -3.28137397e-05 
 4.45964000e-02  2.49943066e+00  3.88222098e+00  2.55253214e+00  2.55016864e+00 -3.27957310e-05 
 4.46014000e-02  2.49940512e+00  3.88466958e+00  2.55497288e+00  2.55265744e+00 -3.27780963e-05 
 4.46064000e-02  2.49938017e+00  3.88706379e+00  2.55735904e+00  2.55509391e+00 -3.27608526e-05 
 4.46114000e-02  2.49935582e+00  3.88940128e+00  2.55968829e+00  2.55747569e+00 -3.27440168e-05 
 4.46164000e-02  2.49933212e+00  3.89167977e+00  2.56195837e+00  2.55980044e+00 -3.27276052e-05 
 4.46214000e-02  2.49930907e+00  3.89389704e+00  2.56416708e+00  2.56206592e+00 -3.27116336e-05 
 4.46264000e-02  2.49928670e+00  3.89605095e+00  2.56631226e+00  2.56426991e+00 -3.26961175e-05 
 4.46314000e-02  2.49926504e+00  3.89813940e+00  2.56839183e+00  2.56641028e+00 -3.26810719e-05 
 4.46364000e-02  2.49924410e+00  3.90016036e+00  2.57040378e+00  2.56848495e+00 -3.26665113e-05 
 4.46414000e-02  2.49922391e+00  3.90211189e+00  2.57234616e+00  2.57049191e+00 -3.26524497e-05 
 4.46464000e-02  2.49920448e+00  3.90399208e+00  2.57421708e+00  2.57242921e+00 -3.26389008e-05 
 4.46514000e-02  2.49918584e+00  3.90579911e+00  2.57601474e+00  2.57429497e+00 -3.26258775e-05 
 4.46564000e-02  2.49916801e+00  3.90753124e+00  2.57773739e+00  2.57608740e+00 -3.26133924e-05 
 4.46614000e-02  2.49915099e+00  3.90918680e+00  2.57938338e+00  2.57780475e+00 -3.26014575e-05 
 4.46664000e-02  2.49913481e+00  3.91076418e+00  2.58095110e+00  2.57944537e+00 -3.25900843e-05 
 4.46714000e-02  2.49911949e+00  3.91226187e+00  2.58243905e+00  2.58100766e+00 -3.25792837e-05 
 4.46764000e-02  2.49910503e+00  3.91367840e+00  2.58384579e+00  2.58249013e+00 -3.25690660e-05 
 4.46814000e-02  2.49909146e+00  3.91501243e+00  2.58516996e+00  2.58389134e+00 -3.25594411e-05 
 4.46864000e-02  2.49907879e+00  3.91626266e+00  2.58641029e+00  2.58520995e+00 -3.25504181e-05 
 4.46914000e-02  2.49906702e+00  3.91742788e+00  2.58756559e+00  2.58644466e+00 -3.25420058e-05 
 4.46964000e-02  2.49905618e+00  3.91850698e+00  2.58863473e+00  2.58759431e+00 -3.25342121e-05 
 4.47014000e-02  2.49904626e+00  3.91949892e+00  2.58961669e+00  2.58865778e+00 -3.25270446e-05 
 4.47064000e-02  2.49903729e+00  3.92040273e+00  2.59051052e+00  2.58963405e+00 -3.25205100e-05 
 4.47114000e-02  2.49902927e+00  3.92121756e+00  2.59131537e+00  2.59052217e+00 -3.25146147e-05 
 4.47164000e-02  2.49902220e+00  3.92194261e+00  2.59203046e+00  2.59132130e+00 -3.25093643e-05 
 4.47214000e-02  2.49901610e+00  3.92257720e+00  2.59265510e+00  2.59203066e+00 -3.25047637e-05 
 4.47264000e-02  2.49901097e+00  3.92312070e+00  2.59318869e+00  2.59264957e+00 -3.25008174e-05 
 4.47314000e-02  2.49900682e+00  3.92357260e+00  2.59363072e+00  2.59317744e+00 -3.24975292e-05 
 4.47364000e-02  2.49900365e+00  3.92393247e+00  2.59398077e+00  2.59361376e+00 -3.24949022e-05 
 4.47414000e-02  2.49900146e+00  3.92419995e+00  2.59423850e+00  2.59395812e+00 -3.24929388e-05 
 4.47464000e-02  2.49900026e+00  3.92437479e+00  2.59440365e+00  2.59421017e+00 -3.24916410e-05 
 4.47514000e-02  2.49900004e+00  3.92445682e+00  2.59447608e+00  2.59436968e+00 -3.24910101e-05 
 4.47564000e-02  2.49900081e+00  3.92444597e+00  2.59445571e+00  2.59443650e+00 -3.24910466e-05 
 4.47614000e-02  2.49900256e+00  3.92434224e+00  2.59434257e+00  2.59441055e+00 -3.24917504e-05 
 4.47664000e-02  2.49900530e+00  3.92414573e+00  2.59413675e+00  2.59429188e+00 -3.24931210e-05 
 4.47714000e-02  2.49900903e+00  3.92385663e+00  2.59383846e+00  2.59408058e+00 -3.24951570e-05 
 4.47764000e-02  2.49901373e+00  3.92347521e+00  2.59344799e+00  2.59377686e+00 -3.24978565e-05 
 4.47814000e-02  2.49901940e+00  3.92300186e+00  2.59296571e+00  2.59338102e+00 -3.25012169e-05 
 4.47864000e-02  2.49902604e+00  3.92243701e+00  2.59239208e+00  2.59289343e+00 -3.25052351e-05 
 4.47914000e-02  2.49903364e+00  3.92178121e+00  2.59172766e+00  2.59231457e+00 -3.25099071e-05 
 4.47964000e-02  2.49904220e+00  3.92103510e+00  2.59097308e+00  2.59164499e+00 -3.25152285e-05 
 4.48014000e-02  2.49905170e+00  3.92019938e+00  2.59012907e+00  2.59088532e+00 -3.25211943e-05 
 4.48064000e-02  2.49906214e+00  3.91927487e+00  2.58919644e+00  2.59003632e+00 -3.25277987e-05 
 4.48114000e-02  2.49907350e+00  3.91826245e+00  2.58817609e+00  2.58909878e+00 -3.25350354e-05 
 4.48164000e-02  2.49908577e+00  3.91716310e+00  2.58706899e+00  2.58807361e+00 -3.25428976e-05 
 4.48214000e-02  2.49909895e+00  3.91597787e+00  2.58587623e+00  2.58696181e+00 -3.25513777e-05 
 4.48264000e-02  2.49911302e+00  3.91470790e+00  2.58459894e+00  2.58576443e+00 -3.25604676e-05 
 4.48314000e-02  2.49912796e+00  3.91335443e+00  2.58323836e+00  2.58448264e+00 -3.25701585e-05 
 4.48364000e-02  2.49914377e+00  3.91191875e+00  2.58179579e+00  2.58311766e+00 -3.25804413e-05 
 4.48414000e-02  2.49916042e+00  3.91040226e+00  2.58027264e+00  2.58167083e+00 -3.25913060e-05 
 4.48464000e-02  2.49917790e+00  3.90880640e+00  2.57867037e+00  2.58014352e+00 -3.26027423e-05 
 4.48514000e-02  2.49919618e+00  3.90713273e+00  2.57699052e+00  2.57853722e+00 -3.26147390e-05 
 4.48564000e-02  2.49921527e+00  3.90538287e+00  2.57523472e+00  2.57685347e+00 -3.26272848e-05 
 4.48614000e-02  2.49923512e+00  3.90355849e+00  2.57340468e+00  2.57509391e+00 -3.26403676e-05 
 4.48664000e-02  2.49925574e+00  3.90166138e+00  2.57150215e+00  2.57326023e+00 -3.26539747e-05 
 4.48714000e-02  2.49927708e+00  3.89969336e+00  2.56952899e+00  2.57135422e+00 -3.26680931e-05 
 4.48764000e-02  2.49929914e+00  3.89765634e+00  2.56748710e+00  2.56937771e+00 -3.26827092e-05 
 4.48814000e-02  2.49932189e+00  3.89555231e+00  2.56537846e+00  2.56733262e+00 -3.26978087e-05 
 4.48864000e-02  2.49934531e+00  3.89338329e+00  2.56320513e+00  2.56522094e+00 -3.27133773e-05 
 4.48914000e-02  2.49936938e+00  3.89115139e+00  2.56096920e+00  2.56304470e+00 -3.27293998e-05 
 4.48964000e-02  2.49939407e+00  3.88885879e+00  2.55867285e+00  2.56080604e+00 -3.27458607e-05 
 4.49014000e-02  2.49941935e+00  3.88650771e+00  2.55631832e+00  2.55850711e+00 -3.27627441e-05 
 4.49064000e-02  2.49944521e+00  3.88410044e+00  2.55390789e+00  2.55615017e+00 -3.27800336e-05 
 4.49114000e-02  2.49947162e+00  3.88163932e+00  2.55144392e+00  2.55373749e+00 -3.27977124e-05 
 4.49164000e-02  2.49949855e+00  3.87912675e+00  2.54892880e+00  2.55127143e+00 -3.28157634e-05 
 4.49214000e-02  2.49952597e+00  3.87656519e+00  2.54636499e+00  2.54875439e+00 -3.28341691e-05 
 4.49264000e-02  2.49955386e+00  3.87395712e+00  2.54375499e+00  2.54618883e+00 -3.28529115e-05 
 4.49314000e-02  2.49958220e+00  3.87130511e+00  2.54110134e+00  2.54357726e+00 -3.28719723e-05 
 4.49364000e-02  2.49961094e+00  3.86861174e+00  2.53840665e+00  2.54092221e+00 -3.28913330e-05 
 4.49414000e-02  2.49964007e+00  3.86587964e+00  2.53567355e+00  2.53822630e+00 -3.29109748e-05 
 4.49464000e-02  2.49966955e+00  3.86311150e+00  2.53290471e+00  2.53549215e+00 -3.29308783e-05 
 4.49514000e-02  2.49969936e+00  3.86031002e+00  2.53010285e+00  2.53272245e+00 -3.29510242e-05 
 4.49564000e-02  2.49972947e+00  3.85747795e+00  2.52727071e+00  2.52991990e+00 -3.29713927e-05 
 4.49614000e-02  2.49975984e+00  3.85461807e+00  2.52441108e+00  2.52708726e+00 -3.29919639e-05 
 4.49664000e-02  2.49979045e+00  3.85173319e+00  2.52152676e+00  2.52422730e+00 -3.30127175e-05 
 4.49714000e-02  2.49982127e+00  3.84882614e+00  2.51862059e+00  2.52134284e+00 -3.30336333e-05 
 4.49764000e-02  2.49985226e+00  3.84589978e+00  2.51569542e+00  2.51843671e+00 -3.30546907e-05 
 4.49814000e-02  2.49988340e+00  3.84295700e+00  2.51275414e+00  2.51551176e+00 -3.30758690e-05 
 4.49864000e-02  2.49991465e+00  3.84000068e+00  2.50979964e+00  2.51257088e+00 -3.30971473e-05 
 4.49914000e-02  2.49994599e+00  3.83703376e+00  2.50683484e+00  2.50961696e+00 -3.31185046e-05 
 4.49964000e-02  2.49997738e+00  3.83405914e+00  2.50386265e+00  2.50665292e+00 -3.31399200e-05 
 4.50014000e-02  2.50000880e+00  3.83107977e+00  2.50088601e+00  2.50368168e+00 -3.31613722e-05 
 4.50064000e-02  2.50004020e+00  3.82809859e+00  2.49790787e+00  2.50070617e+00 -3.31828400e-05 
 4.50114000e-02  2.50007157e+00  3.82511855e+00  2.49493117e+00  2.49772933e+00 -3.32043023e-05 
 4.50164000e-02  2.50010286e+00  3.82214260e+00  2.49195884e+00  2.49475410e+00 -3.32257379e-05 
 4.50214000e-02  2.50013406e+00  3.81917367e+00  2.48899384e+00  2.49178343e+00 -3.32471253e-05 
 4.50264000e-02  2.50016512e+00  3.81621472e+00  2.48603910e+00  2.48882026e+00 -3.32684436e-05 
 4.50314000e-02  2.50019601e+00  3.81326867e+00  2.48309754e+00  2.48586752e+00 -3.32896715e-05 
 4.50364000e-02  2.50022672e+00  3.81033844e+00  2.48017209e+00  2.48292814e+00 -3.33107879e-05 
 4.50414000e-02  2.50025720e+00  3.80742694e+00  2.47726565e+00  2.48000504e+00 -3.33317719e-05 
 4.50464000e-02  2.50028743e+00  3.80453707e+00  2.47438109e+00  2.47710110e+00 -3.33526026e-05 
 4.50514000e-02  2.50031737e+00  3.80167169e+00  2.47152130e+00  2.47421922e+00 -3.33732593e-05 
 4.50564000e-02  2.50034700e+00  3.79883365e+00  2.46868911e+00  2.47136227e+00 -3.33937213e-05 
 4.50614000e-02  2.50037629e+00  3.79602578e+00  2.46588733e+00  2.46853307e+00 -3.34139684e-05 
 4.50664000e-02  2.50040521e+00  3.79325086e+00  2.46311876e+00  2.46573444e+00 -3.34339804e-05 
 4.50714000e-02  2.50043372e+00  3.79051166e+00  2.46038615e+00  2.46296918e+00 -3.34537371e-05 
 4.50764000e-02  2.50046181e+00  3.78781091e+00  2.45769223e+00  2.46024002e+00 -3.34732190e-05 
 4.50814000e-02  2.50048944e+00  3.78515130e+00  2.45503967e+00  2.45754969e+00 -3.34924066e-05 
 4.50864000e-02  2.50051659e+00  3.78253547e+00  2.45243112e+00  2.45490087e+00 -3.35112807e-05 
 4.50914000e-02  2.50054323e+00  3.77996605e+00  2.44986919e+00  2.45229621e+00 -3.35298224e-05 
 4.50964000e-02  2.50056934e+00  3.77744559e+00  2.44735642e+00  2.44973829e+00 -3.35480131e-05 
 4.51014000e-02  2.50059488e+00  3.77497661e+00  2.44489534e+00  2.44722967e+00 -3.35658347e-05 
 4.51064000e-02  2.50061983e+00  3.77256157e+00  2.44248839e+00  2.44477286e+00 -3.35832693e-05 
 4.51114000e-02  2.50064418e+00  3.77020289e+00  2.44013798e+00  2.44237031e+00 -3.36002993e-05 
 4.51164000e-02  2.50066788e+00  3.76790292e+00  2.43784646e+00  2.44002441e+00 -3.36169078e-05 
 4.51214000e-02  2.50069093e+00  3.76566397e+00  2.43561612e+00  2.43773752e+00 -3.36330781e-05 
 4.51264000e-02  2.50071330e+00  3.76348827e+00  2.43344919e+00  2.43551192e+00 -3.36487939e-05 
 4.51314000e-02  2.50073496e+00  3.76137799e+00  2.43134784e+00  2.43334983e+00 -3.36640395e-05 
 4.51364000e-02  2.50075590e+00  3.75933526e+00  2.42931417e+00  2.43125342e+00 -3.36787995e-05 
 4.51414000e-02  2.50077609e+00  3.75736212e+00  2.42735022e+00  2.42922479e+00 -3.36930592e-05 
 4.51464000e-02  2.50079552e+00  3.75546053e+00  2.42545796e+00  2.42726597e+00 -3.37068041e-05 
 4.51514000e-02  2.50081416e+00  3.75363242e+00  2.42363927e+00  2.42537892e+00 -3.37200204e-05 
 4.51564000e-02  2.50083199e+00  3.75187960e+00  2.42189599e+00  2.42356552e+00 -3.37326949e-05 
 4.51614000e-02  2.50084901e+00  3.75020383e+00  2.42022985e+00  2.42182760e+00 -3.37448149e-05 
 4.51664000e-02  2.50086519e+00  3.74860680e+00  2.41864254e+00  2.42016690e+00 -3.37563680e-05 
 4.51714000e-02  2.50088051e+00  3.74709010e+00  2.41713563e+00  2.41858508e+00 -3.37673427e-05 
 4.51764000e-02  2.50089497e+00  3.74565525e+00  2.41571064e+00  2.41708373e+00 -3.37777279e-05 
 4.51814000e-02  2.50090854e+00  3.74430370e+00  2.41436901e+00  2.41566435e+00 -3.37875131e-05 
 4.51864000e-02  2.50092121e+00  3.74303680e+00  2.41311207e+00  2.41432837e+00 -3.37966886e-05 
 4.51914000e-02  2.50093298e+00  3.74185582e+00  2.41194109e+00  2.41307713e+00 -3.38052450e-05 
 4.51964000e-02  2.50094382e+00  3.74076195e+00  2.41085724e+00  2.41191188e+00 -3.38131737e-05 
 4.52014000e-02  2.50095374e+00  3.73975628e+00  2.40986161e+00  2.41083379e+00 -3.38204667e-05 
 4.52064000e-02  2.50096271e+00  3.73883982e+00  2.40895520e+00  2.40984394e+00 -3.38271168e-05 
 4.52114000e-02  2.50097073e+00  3.73801349e+00  2.40813892e+00  2.40894333e+00 -3.38331171e-05 
 4.52164000e-02  2.50097780e+00  3.73727813e+00  2.40741359e+00  2.40813286e+00 -3.38384616e-05 
 4.52214000e-02  2.50098390e+00  3.73663446e+00  2.40677993e+00  2.40741335e+00 -3.38431450e-05 
 4.52264000e-02  2.50098903e+00  3.73608314e+00  2.40623859e+00  2.40678551e+00 -3.38471624e-05 
 4.52314000e-02  2.50099318e+00  3.73562472e+00  2.40579011e+00  2.40624998e+00 -3.38505100e-05 
 4.52364000e-02  2.50099635e+00  3.73525966e+00  2.40543493e+00  2.40580730e+00 -3.38531842e-05 
 4.52414000e-02  2.50099854e+00  3.73498833e+00  2.40517342e+00  2.40545791e+00 -3.38551823e-05 
 4.52464000e-02  2.50099974e+00  3.73481100e+00  2.40500583e+00  2.40520215e+00 -3.38565025e-05 
 4.52514000e-02  2.50099996e+00  3.73472784e+00  2.40493233e+00  2.40504030e+00 -3.38571433e-05 
 4.52564000e-02  2.50099919e+00  3.73473894e+00  2.40495301e+00  2.40497250e+00 -3.38571041e-05 
 4.52614000e-02  2.50099744e+00  3.73484429e+00  2.40506783e+00  2.40499883e+00 -3.38563849e-05 
 4.52664000e-02  2.50099470e+00  3.73504378e+00  2.40527669e+00  2.40511927e+00 -3.38549865e-05 
 4.52714000e-02  2.50099097e+00  3.73533722e+00  2.40557936e+00  2.40533368e+00 -3.38529103e-05 
 4.52764000e-02  2.50098627e+00  3.73572430e+00  2.40597556e+00  2.40564186e+00 -3.38501584e-05 
 4.52814000e-02  2.50098060e+00  3.73620463e+00  2.40646487e+00  2.40604350e+00 -3.38467335e-05 
 4.52864000e-02  2.50097396e+00  3.73677775e+00  2.40704682e+00  2.40653818e+00 -3.38426392e-05 
 4.52914000e-02  2.50096636e+00  3.73744306e+00  2.40772080e+00  2.40712542e+00 -3.38378795e-05 
 4.52964000e-02  2.50095780e+00  3.73819991e+00  2.40848616e+00  2.40780463e+00 -3.38324593e-05 
 4.53014000e-02  2.50094830e+00  3.73904752e+00  2.40934211e+00  2.40857512e+00 -3.38263840e-05 
 4.53064000e-02  2.50093786e+00  3.73998506e+00  2.41028781e+00  2.40943612e+00 -3.38196598e-05 
 4.53114000e-02  2.50092650e+00  3.74101158e+00  2.41132229e+00  2.41038677e+00 -3.38122934e-05 
 4.53164000e-02  2.50091423e+00  3.74212604e+00  2.41244453e+00  2.41142610e+00 -3.38042923e-05 
 4.53214000e-02  2.50090105e+00  3.74332733e+00  2.41365339e+00  2.41255309e+00 -3.37956646e-05 
 4.53264000e-02  2.50088698e+00  3.74461425e+00  2.41494767e+00  2.41376659e+00 -3.37864190e-05 
 4.53314000e-02  2.50087204e+00  3.74598550e+00  2.41632605e+00  2.41506539e+00 -3.37765647e-05 
 4.53364000e-02  2.50085623e+00  3.74743971e+00  2.41778717e+00  2.41644818e+00 -3.37661117e-05 
 4.53414000e-02  2.50083958e+00  3.74897542e+00  2.41932956e+00  2.41791359e+00 -3.37550706e-05 
 4.53464000e-02  2.50082210e+00  3.75059108e+00  2.42095167e+00  2.41946013e+00 -3.37434525e-05 
 4.53514000e-02  2.50080382e+00  3.75228509e+00  2.42265186e+00  2.42108627e+00 -3.37312690e-05 
 4.53564000e-02  2.50078473e+00  3.75405574e+00  2.42442845e+00  2.42279036e+00 -3.37185325e-05 
 4.53614000e-02  2.50076488e+00  3.75590125e+00  2.42627965e+00  2.42457070e+00 -3.37052557e-05 
 4.53664000e-02  2.50074426e+00  3.75781978e+00  2.42820360e+00  2.42642551e+00 -3.36914520e-05 
 4.53714000e-02  2.50072292e+00  3.75980941e+00  2.43019838e+00  2.42835293e+00 -3.36771354e-05 
 4.53764000e-02  2.50070086e+00  3.76186814e+00  2.43226199e+00  2.43035102e+00 -3.36623201e-05 
 4.53814000e-02  2.50067811e+00  3.76399391e+00  2.43439237e+00  2.43241780e+00 -3.36470211e-05 
 4.53864000e-02  2.50065469e+00  3.76618461e+00  2.43658738e+00  2.43455118e+00 -3.36312537e-05 
 4.53914000e-02  2.50063062e+00  3.76843802e+00  2.43884482e+00  2.43674904e+00 -3.36150339e-05 
 4.53964000e-02  2.50060593e+00  3.77075191e+00  2.44116245e+00  2.43900918e+00 -3.35983778e-05 
 4.54014000e-02  2.50058065e+00  3.77312396e+00  2.44353794e+00  2.44132933e+00 -3.35813021e-05 
 4.54064000e-02  2.50055479e+00  3.77555179e+00  2.44596892e+00  2.44370718e+00 -3.35638241e-05 
 4.54114000e-02  2.50052838e+00  3.77803299e+00  2.44845297e+00  2.44614035e+00 -3.35459611e-05 
 4.54164000e-02  2.50050145e+00  3.78056507e+00  2.45098759e+00  2.44862641e+00 -3.35277312e-05 
 4.54214000e-02  2.50047403e+00  3.78314551e+00  2.45357027e+00  2.45116288e+00 -3.35091525e-05 
 4.54264000e-02  2.50044614e+00  3.78577174e+00  2.45619842e+00  2.45374723e+00 -3.34902437e-05 
 4.54314000e-02  2.50041780e+00  3.78844113e+00  2.45886943e+00  2.45637688e+00 -3.34710236e-05 
 4.54364000e-02  2.50038906e+00  3.79115103e+00  2.46158063e+00  2.45904921e+00 -3.34515114e-05 
 4.54414000e-02  2.50035993e+00  3.79389873e+00  2.46432932e+00  2.46176155e+00 -3.34317267e-05 
 4.54464000e-02  2.50033045e+00  3.79668150e+00  2.46711277e+00  2.46451120e+00 -3.34116892e-05 
 4.54514000e-02  2.50030064e+00  3.79949656e+00  2.46992820e+00  2.46729543e+00 -3.33914189e-05 
 4.54564000e-02  2.50027053e+00  3.80234113e+00  2.47277282e+00  2.47011146e+00 -3.33709360e-05 
 4.54614000e-02  2.50024016e+00  3.80521236e+00  2.47564379e+00  2.47295649e+00 -3.33502609e-05 
 4.54664000e-02  2.50020955e+00  3.80810742e+00  2.47853826e+00  2.47582769e+00 -3.33294141e-05 
 4.54714000e-02  2.50017873e+00  3.81102341e+00  2.48145336e+00  2.47872222e+00 -3.33084165e-05 
 4.54764000e-02  2.50014774e+00  3.81395746e+00  2.48438620e+00  2.48163719e+00 -3.32872888e-05 
 4.54814000e-02  2.50011660e+00  3.81690664e+00  2.48733386e+00  2.48456972e+00 -3.32660521e-05 
 4.54864000e-02  2.50008535e+00  3.81986803e+00  2.49029343e+00  2.48751689e+00 -3.32447275e-05 
 4.54914000e-02  2.50005401e+00  3.82283871e+00  2.49326196e+00  2.49047578e+00 -3.32233360e-05 
 4.54964000e-02  2.50002262e+00  3.82581572e+00  2.49623653e+00  2.49344347e+00 -3.32018989e-05 
 4.55014000e-02  2.49999120e+00  3.82879612e+00  2.49921419e+00  2.49641701e+00 -3.31804375e-05 
 4.55064000e-02  2.49995980e+00  3.83177697e+00  2.50219199e+00  2.49939345e+00 -3.31589728e-05 
 4.55114000e-02  2.49992843e+00  3.83475532e+00  2.50516700e+00  2.50236987e+00 -3.31375263e-05 
 4.55164000e-02  2.49989714e+00  3.83772823e+00  2.50813627e+00  2.50534332e+00 -3.31161189e-05 
 4.55214000e-02  2.49986594e+00  3.84069276e+00  2.51109687e+00  2.50831086e+00 -3.30947719e-05 
 4.55264000e-02  2.49983488e+00  3.84364600e+00  2.51404589e+00  2.51126956e+00 -3.30735063e-05 
 4.55314000e-02  2.49980399e+00  3.84658503e+00  2.51698042e+00  2.51421650e+00 -3.30523431e-05 
 4.55364000e-02  2.49977328e+00  3.84950695e+00  2.51989757e+00  2.51714879e+00 -3.30313030e-05 
 4.55414000e-02  2.49974280e+00  3.85240890e+00  2.52279447e+00  2.52006353e+00 -3.30104068e-05 
 4.55464000e-02  2.49971257e+00  3.85528801e+00  2.52566827e+00  2.52295786e+00 -3.29896749e-05 
 4.55514000e-02  2.49968263e+00  3.85814147e+00  2.52851614e+00  2.52582893e+00 -3.29691278e-05 
 4.55564000e-02  2.49965300e+00  3.86096647e+00  2.53133530e+00  2.52867392e+00 -3.29487854e-05 
 4.55614000e-02  2.49962371e+00  3.86376023e+00  2.53412297e+00  2.53149004e+00 -3.29286679e-05 
 4.55664000e-02  2.49959479e+00  3.86652002e+00  2.53687643e+00  2.53427453e+00 -3.29087948e-05 
 4.55714000e-02  2.49956628e+00  3.86924314e+00  2.53959298e+00  2.53702465e+00 -3.28891856e-05 
 4.55764000e-02  2.49953819e+00  3.87192692e+00  2.54226995e+00  2.53973772e+00 -3.28698595e-05 
 4.55814000e-02  2.49951056e+00  3.87456873e+00  2.54490473e+00  2.54241107e+00 -3.28508352e-05 
 4.55864000e-02  2.49948341e+00  3.87716600e+00  2.54749475e+00  2.54504209e+00 -3.28321313e-05 
 4.55914000e-02  2.49945677e+00  3.87971619e+00  2.55003748e+00  2.54762822e+00 -3.28137660e-05 
 4.55964000e-02  2.49943066e+00  3.88221681e+00  2.55253043e+00  2.55016692e+00 -3.27957573e-05 
 4.56014000e-02  2.49940512e+00  3.88466541e+00  2.55497117e+00  2.55265572e+00 -3.27781225e-05 
 4.56064000e-02  2.49938017e+00  3.88705963e+00  2.55735733e+00  2.55509220e+00 -3.27608789e-05 
 4.56114000e-02  2.49935582e+00  3.88939712e+00  2.55968659e+00  2.55747398e+00 -3.27440431e-05 
 4.56164000e-02  2.49933212e+00  3.89167561e+00  2.56195667e+00  2.55979874e+00 -3.27276314e-05 
 4.56214000e-02  2.49930907e+00  3.89389289e+00  2.56416538e+00  2.56206421e+00 -3.27116598e-05 
 4.56264000e-02  2.49928670e+00  3.89604680e+00  2.56631056e+00  2.56426821e+00 -3.26961437e-05 
 4.56314000e-02  2.49926504e+00  3.89813525e+00  2.56839013e+00  2.56640858e+00 -3.26810980e-05 
 4.56364000e-02  2.49924410e+00  3.90015622e+00  2.57040209e+00  2.56848326e+00 -3.26665374e-05 
 4.56414000e-02  2.49922391e+00  3.90210774e+00  2.57234447e+00  2.57049022e+00 -3.26524758e-05 
 4.56464000e-02  2.49920448e+00  3.90398793e+00  2.57421540e+00  2.57242752e+00 -3.26389269e-05 
 4.56514000e-02  2.49918584e+00  3.90579497e+00  2.57601306e+00  2.57429329e+00 -3.26259036e-05 
 4.56564000e-02  2.49916801e+00  3.90752711e+00  2.57773571e+00  2.57608572e+00 -3.26134184e-05 
 4.56614000e-02  2.49915099e+00  3.90918267e+00  2.57938170e+00  2.57780307e+00 -3.26014835e-05 
 4.56664000e-02  2.49913481e+00  3.91076005e+00  2.58094943e+00  2.57944369e+00 -3.25901103e-05 
 4.56714000e-02  2.49911949e+00  3.91225774e+00  2.58243738e+00  2.58100599e+00 -3.25793096e-05 
 4.56764000e-02  2.49910503e+00  3.91367427e+00  2.58384412e+00  2.58248846e+00 -3.25690919e-05 
 4.56814000e-02  2.49909146e+00  3.91500830e+00  2.58516830e+00  2.58388968e+00 -3.25594670e-05 
 4.56864000e-02  2.49907879e+00  3.91625853e+00  2.58640863e+00  2.58520828e+00 -3.25504440e-05 
 4.56914000e-02  2.49906702e+00  3.91742376e+00  2.58756392e+00  2.58644300e+00 -3.25420317e-05 
 4.56964000e-02  2.49905618e+00  3.91850286e+00  2.58863307e+00  2.58759265e+00 -3.25342380e-05 
 4.57014000e-02  2.49904626e+00  3.91949480e+00  2.58961503e+00  2.58865612e+00 -3.25270704e-05 
 4.57064000e-02  2.49903729e+00  3.92039862e+00  2.59050887e+00  2.58963239e+00 -3.25205359e-05 
 4.57114000e-02  2.49902927e+00  3.92121345e+00  2.59131372e+00  2.59052052e+00 -3.25146405e-05 
 4.57164000e-02  2.49902220e+00  3.92193851e+00  2.59202881e+00  2.59131964e+00 -3.25093901e-05 
 4.57214000e-02  2.49901610e+00  3.92257309e+00  2.59265345e+00  2.59202901e+00 -3.25047895e-05 
 4.57264000e-02  2.49901097e+00  3.92311660e+00  2.59318705e+00  2.59264793e+00 -3.25008432e-05 
 4.57314000e-02  2.49900682e+00  3.92356850e+00  2.59362908e+00  2.59317580e+00 -3.24975549e-05 
 4.57364000e-02  2.49900365e+00  3.92392837e+00  2.59397913e+00  2.59361212e+00 -3.24949279e-05 
 4.57414000e-02  2.49900146e+00  3.92419585e+00  2.59423686e+00  2.59395648e+00 -3.24929645e-05 
 4.57464000e-02  2.49900026e+00  3.92437070e+00  2.59440202e+00  2.59420853e+00 -3.24916667e-05 
 4.57514000e-02  2.49900004e+00  3.92445273e+00  2.59447445e+00  2.59436805e+00 -3.24910358e-05 
 4.57564000e-02  2.49900081e+00  3.92444188e+00  2.59445408e+00  2.59443487e+00 -3.24910722e-05 
 4.57614000e-02  2.49900256e+00  3.92433815e+00  2.59434094e+00  2.59440892e+00 -3.24917761e-05 
 4.57664000e-02  2.49900530e+00  3.92414164e+00  2.59413513e+00  2.59429025e+00 -3.24931466e-05 
 4.57714000e-02  2.49900903e+00  3.92385254e+00  2.59383684e+00  2.59407895e+00 -3.24951826e-05 
 4.57764000e-02  2.49901373e+00  3.92347113e+00  2.59344637e+00  2.59377524e+00 -3.24978821e-05 
 4.57814000e-02  2.49901940e+00  3.92299778e+00  2.59296409e+00  2.59337940e+00 -3.25012425e-05 
 4.57864000e-02  2.49902604e+00  3.92243293e+00  2.59239046e+00  2.59289182e+00 -3.25052606e-05 
 4.57914000e-02  2.49903364e+00  3.92177714e+00  2.59172604e+00  2.59231295e+00 -3.25099326e-05 
 4.57964000e-02  2.49904220e+00  3.92103102e+00  2.59097147e+00  2.59164337e+00 -3.25152540e-05 
 4.58014000e-02  2.49905170e+00  3.92019531e+00  2.59012746e+00  2.59088371e+00 -3.25212198e-05 
 4.58064000e-02  2.49906214e+00  3.91927080e+00  2.58919483e+00  2.59003471e+00 -3.25278242e-05 
 4.58114000e-02  2.49907350e+00  3.91825838e+00  2.58817448e+00  2.58909717e+00 -3.25350609e-05 
 4.58164000e-02  2.49908577e+00  3.91715903e+00  2.58706739e+00  2.58807201e+00 -3.25429231e-05 
 4.58214000e-02  2.49909895e+00  3.91597380e+00  2.58587463e+00  2.58696020e+00 -3.25514032e-05 
 4.58264000e-02  2.49911302e+00  3.91470384e+00  2.58459734e+00  2.58576283e+00 -3.25604930e-05 
 4.58314000e-02  2.49912796e+00  3.91335037e+00  2.58323676e+00  2.58448104e+00 -3.25701840e-05 
 4.58364000e-02  2.49914377e+00  3.91191469e+00  2.58179419e+00  2.58311606e+00 -3.25804667e-05 
 4.58414000e-02  2.49916042e+00  3.91039820e+00  2.58027104e+00  2.58166923e+00 -3.25913315e-05 
 4.58464000e-02  2.49917790e+00  3.90880234e+00  2.57866877e+00  2.58014192e+00 -3.26027677e-05 
 4.58514000e-02  2.49919618e+00  3.90712868e+00  2.57698893e+00  2.57853562e+00 -3.26147645e-05 
 4.58564000e-02  2.49921527e+00  3.90537881e+00  2.57523313e+00  2.57685188e+00 -3.26273103e-05 
 4.58614000e-02  2.49923512e+00  3.90355444e+00  2.57340309e+00  2.57509232e+00 -3.26403930e-05 
 4.58664000e-02  2.49925574e+00  3.90165733e+00  2.57150057e+00  2.57325864e+00 -3.26540001e-05 
 4.58714000e-02  2.49927708e+00  3.89968931e+00  2.56952740e+00  2.57135263e+00 -3.26681185e-05 
 4.58764000e-02  2.49929914e+00  3.89765230e+00  2.56748552e+00  2.56937612e+00 -3.26827345e-05 
 4.58814000e-02  2.49932189e+00  3.89554826e+00  2.56537688e+00  2.56733104e+00 -3.26978341e-05 
 4.58864000e-02  2.49934531e+00  3.89337924e+00  2.56320354e+00  2.56521935e+00 -3.27134026e-05 
 4.58914000e-02  2.49936938e+00  3.89114735e+00  2.56096762e+00  2.56304312e+00 -3.27294251e-05 
 4.58964000e-02  2.49939407e+00  3.88885474e+00  2.55867127e+00  2.56080446e+00 -3.27458860e-05 
 4.59014000e-02  2.49941935e+00  3.88650367e+00  2.55631674e+00  2.55850553e+00 -3.27627694e-05 
 4.59064000e-02  2.49944521e+00  3.88409639e+00  2.55390632e+00  2.55614859e+00 -3.27800589e-05 
 4.59114000e-02  2.49947162e+00  3.88163528e+00  2.55144235e+00  2.55373591e+00 -3.27977377e-05 
 4.59164000e-02  2.49949855e+00  3.87912271e+00  2.54892723e+00  2.55126985e+00 -3.28157887e-05 
 4.59214000e-02  2.49952597e+00  3.87656115e+00  2.54636342e+00  2.54875282e+00 -3.28341944e-05 
 4.59264000e-02  2.49955386e+00  3.87395309e+00  2.54375342e+00  2.54618726e+00 -3.28529367e-05 
 4.59314000e-02  2.49958220e+00  3.87130108e+00  2.54109977e+00  2.54357569e+00 -3.28719976e-05 
 4.59364000e-02  2.49961094e+00  3.86860771e+00  2.53840508e+00  2.54092065e+00 -3.28913583e-05 
 4.59414000e-02  2.49964007e+00  3.86587561e+00  2.53567198e+00  2.53822473e+00 -3.29110000e-05 
 4.59464000e-02  2.49966955e+00  3.86310747e+00  2.53290314e+00  2.53549059e+00 -3.29309035e-05 
 4.59514000e-02  2.49969936e+00  3.86030599e+00  2.53010128e+00  2.53272088e+00 -3.29510494e-05 
 4.59564000e-02  2.49972947e+00  3.85747392e+00  2.52726915e+00  2.52991834e+00 -3.29714179e-05 
 4.59614000e-02  2.49975984e+00  3.85461404e+00  2.52440952e+00  2.52708570e+00 -3.29919891e-05 
 4.59664000e-02  2.49979045e+00  3.85172916e+00  2.52152520e+00  2.52422574e+00 -3.30127428e-05 
 4.59714000e-02  2.49982127e+00  3.84882211e+00  2.51861903e+00  2.52134128e+00 -3.30336586e-05 
 4.59764000e-02  2.49985226e+00  3.84589576e+00  2.51569387e+00  2.51843515e+00 -3.30547159e-05 
 4.59814000e-02  2.49988340e+00  3.84295298e+00  2.51275259e+00  2.51551020e+00 -3.30758942e-05 
 4.59864000e-02  2.49991465e+00  3.83999666e+00  2.50979809e+00  2.51256932e+00 -3.30971725e-05 
 4.59914000e-02  2.49994599e+00  3.83702974e+00  2.50683328e+00  2.50961541e+00 -3.31185298e-05 
 4.59964000e-02  2.49997738e+00  3.83405512e+00  2.50386110e+00  2.50665137e+00 -3.31399451e-05 
 4.60014000e-02  2.50000880e+00  3.83107576e+00  2.50088447e+00  2.50368013e+00 -3.31613973e-05 
 4.60064000e-02  2.50004020e+00  3.82809458e+00  2.49790632e+00  2.50070462e+00 -3.31828652e-05 
 4.60114000e-02  2.50007157e+00  3.82511454e+00  2.49492962e+00  2.49772778e+00 -3.32043275e-05 
 4.60164000e-02  2.50010286e+00  3.82213858e+00  2.49195730e+00  2.49475256e+00 -3.32257630e-05 
 4.60214000e-02  2.50013406e+00  3.81916966e+00  2.48899230e+00  2.49178189e+00 -3.32471505e-05 
 4.60264000e-02  2.50016512e+00  3.81621071e+00  2.48603755e+00  2.48881872e+00 -3.32684687e-05 
 4.60314000e-02  2.50019601e+00  3.81326466e+00  2.48309600e+00  2.48586598e+00 -3.32896966e-05 
 4.60364000e-02  2.50022672e+00  3.81033443e+00  2.48017055e+00  2.48292660e+00 -3.33108130e-05 
 4.60414000e-02  2.50025720e+00  3.80742294e+00  2.47726411e+00  2.48000350e+00 -3.33317970e-05 
 4.60464000e-02  2.50028743e+00  3.80453307e+00  2.47437956e+00  2.47709956e+00 -3.33526277e-05 
 4.60514000e-02  2.50031737e+00  3.80166769e+00  2.47151977e+00  2.47421769e+00 -3.33732843e-05 
 4.60564000e-02  2.50034700e+00  3.79882965e+00  2.46868758e+00  2.47136073e+00 -3.33937464e-05 
 4.60614000e-02  2.50037629e+00  3.79602178e+00  2.46588580e+00  2.46853154e+00 -3.34139935e-05 
 4.60664000e-02  2.50040521e+00  3.79324686e+00  2.46311723e+00  2.46573291e+00 -3.34340054e-05 
 4.60714000e-02  2.50043372e+00  3.79050766e+00  2.46038463e+00  2.46296765e+00 -3.34537622e-05 
 4.60764000e-02  2.50046181e+00  3.78780691e+00  2.45769070e+00  2.46023849e+00 -3.34732441e-05 
 4.60814000e-02  2.50048944e+00  3.78514730e+00  2.45503814e+00  2.45754817e+00 -3.34924317e-05 
 4.60864000e-02  2.50051659e+00  3.78253148e+00  2.45242960e+00  2.45489935e+00 -3.35113057e-05 
 4.60914000e-02  2.50054323e+00  3.77996206e+00  2.44986767e+00  2.45229468e+00 -3.35298474e-05 
 4.60964000e-02  2.50056934e+00  3.77744160e+00  2.44735490e+00  2.44973677e+00 -3.35480381e-05 
 4.61014000e-02  2.50059488e+00  3.77497262e+00  2.44489382e+00  2.44722815e+00 -3.35658597e-05 
 4.61064000e-02  2.50061983e+00  3.77255758e+00  2.44248687e+00  2.44477134e+00 -3.35832942e-05 
 4.61114000e-02  2.50064418e+00  3.77019890e+00  2.44013646e+00  2.44236879e+00 -3.36003243e-05 
 4.61164000e-02  2.50066788e+00  3.76789894e+00  2.43784494e+00  2.44002290e+00 -3.36169328e-05 
 4.61214000e-02  2.50069093e+00  3.76565998e+00  2.43561461e+00  2.43773601e+00 -3.36331031e-05 
 4.61264000e-02  2.50071330e+00  3.76348428e+00  2.43344768e+00  2.43551041e+00 -3.36488189e-05 
 4.61314000e-02  2.50073496e+00  3.76137401e+00  2.43134633e+00  2.43334832e+00 -3.36640644e-05 
 4.61364000e-02  2.50075590e+00  3.75933129e+00  2.42931267e+00  2.43125192e+00 -3.36788244e-05 
 4.61414000e-02  2.50077609e+00  3.75735814e+00  2.42734872e+00  2.42922329e+00 -3.36930841e-05 
 4.61464000e-02  2.50079552e+00  3.75545656e+00  2.42545645e+00  2.42726447e+00 -3.37068290e-05 
 4.61514000e-02  2.50081416e+00  3.75362844e+00  2.42363777e+00  2.42537742e+00 -3.37200453e-05 
 4.61564000e-02  2.50083199e+00  3.75187562e+00  2.42189449e+00  2.42356402e+00 -3.37327198e-05 
 4.61614000e-02  2.50084901e+00  3.75019986e+00  2.42022835e+00  2.42182611e+00 -3.37448397e-05 
 4.61664000e-02  2.50086519e+00  3.74860283e+00  2.41864104e+00  2.42016541e+00 -3.37563928e-05 
 4.61714000e-02  2.50088051e+00  3.74708613e+00  2.41713414e+00  2.41858359e+00 -3.37673675e-05 
 4.61764000e-02  2.50089497e+00  3.74565129e+00  2.41570915e+00  2.41708224e+00 -3.37777527e-05 
 4.61814000e-02  2.50090854e+00  3.74429974e+00  2.41436752e+00  2.41566286e+00 -3.37875379e-05 
 4.61864000e-02  2.50092121e+00  3.74303284e+00  2.41311058e+00  2.41432688e+00 -3.37967134e-05 
 4.61914000e-02  2.50093298e+00  3.74185186e+00  2.41193960e+00  2.41307564e+00 -3.38052697e-05 
 4.61964000e-02  2.50094382e+00  3.74075799e+00  2.41085576e+00  2.41191039e+00 -3.38131985e-05 
 4.62014000e-02  2.50095374e+00  3.73975232e+00  2.40986013e+00  2.41083230e+00 -3.38204915e-05 
 4.62064000e-02  2.50096271e+00  3.73883586e+00  2.40895372e+00  2.40984246e+00 -3.38271415e-05 
 4.62114000e-02  2.50097073e+00  3.73800954e+00  2.40813744e+00  2.40894185e+00 -3.38331418e-05 
 4.62164000e-02  2.50097780e+00  3.73727418e+00  2.40741211e+00  2.40813138e+00 -3.38384863e-05 
 4.62214000e-02  2.50098390e+00  3.73663051e+00  2.40677846e+00  2.40741187e+00 -3.38431697e-05 
 4.62264000e-02  2.50098903e+00  3.73607920e+00  2.40623712e+00  2.40678404e+00 -3.38471871e-05 
 4.62314000e-02  2.50099318e+00  3.73562078e+00  2.40578864e+00  2.40624851e+00 -3.38505346e-05 
 4.62364000e-02  2.50099635e+00  3.73525572e+00  2.40543346e+00  2.40580583e+00 -3.38532088e-05 
 4.62414000e-02  2.50099854e+00  3.73498439e+00  2.40517195e+00  2.40545644e+00 -3.38552070e-05 
 4.62464000e-02  2.50099974e+00  3.73480706e+00  2.40500436e+00  2.40520069e+00 -3.38565271e-05 
 4.62514000e-02  2.50099996e+00  3.73472390e+00  2.40493087e+00  2.40503883e+00 -3.38571679e-05 
 4.62564000e-02  2.50099919e+00  3.73473501e+00  2.40495155e+00  2.40497104e+00 -3.38571287e-05 
 4.62614000e-02  2.50099744e+00  3.73484036e+00  2.40506637e+00  2.40499738e+00 -3.38564095e-05 
 4.62664000e-02  2.50099470e+00  3.73503985e+00  2.40527523e+00  2.40511781e+00 -3.38550111e-05 
 4.62714000e-02  2.50099097e+00  3.73533329e+00  2.40557791e+00  2.40533223e+00 -3.38529349e-05 
 4.62764000e-02  2.50098627e+00  3.73572037e+00  2.40597411e+00  2.40564041e+00 -3.38501829e-05 
 4.62814000e-02  2.50098060e+00  3.73620071e+00  2.40646342e+00  2.40604205e+00 -3.38467580e-05 
 4.62864000e-02  2.50097396e+00  3.73677383e+00  2.40704537e+00  2.40653673e+00 -3.38426637e-05 
 4.62914000e-02  2.50096636e+00  3.73743914e+00  2.40771936e+00  2.40712398e+00 -3.38379040e-05 
 4.62964000e-02  2.50095780e+00  3.73819599e+00  2.40848472e+00  2.40780319e+00 -3.38324837e-05 
 4.63014000e-02  2.50094830e+00  3.73904361e+00  2.40934068e+00  2.40857368e+00 -3.38264084e-05 
 4.63064000e-02  2.50093786e+00  3.73998115e+00  2.41028637e+00  2.40943468e+00 -3.38196842e-05 
 4.63114000e-02  2.50092650e+00  3.74100767e+00  2.41132086e+00  2.41038533e+00 -3.38123178e-05 
 4.63164000e-02  2.50091423e+00  3.74212213e+00  2.41244310e+00  2.41142467e+00 -3.38043167e-05 
 4.63214000e-02  2.50090105e+00  3.74332343e+00  2.41365196e+00  2.41255166e+00 -3.37956890e-05 
 4.63264000e-02  2.50088698e+00  3.74461035e+00  2.41494624e+00  2.41376516e+00 -3.37864433e-05 
 4.63314000e-02  2.50087204e+00  3.74598160e+00  2.41632463e+00  2.41506396e+00 -3.37765890e-05 
 4.63364000e-02  2.50085623e+00  3.74743581e+00  2.41778575e+00  2.41644676e+00 -3.37661361e-05 
 4.63414000e-02  2.50083958e+00  3.74897152e+00  2.41932814e+00  2.41791217e+00 -3.37550949e-05 
 4.63464000e-02  2.50082210e+00  3.75058719e+00  2.42095025e+00  2.41945871e+00 -3.37434768e-05 
 4.63514000e-02  2.50080382e+00  3.75228120e+00  2.42265045e+00  2.42108485e+00 -3.37312933e-05 
 4.63564000e-02  2.50078473e+00  3.75405185e+00  2.42442704e+00  2.42278894e+00 -3.37185567e-05 
 4.63614000e-02  2.50076488e+00  3.75589736e+00  2.42627824e+00  2.42456929e+00 -3.37052799e-05 
 4.63664000e-02  2.50074426e+00  3.75781590e+00  2.42820220e+00  2.42642410e+00 -3.36914762e-05 
 4.63714000e-02  2.50072292e+00  3.75980553e+00  2.43019698e+00  2.42835152e+00 -3.36771596e-05 
 4.63764000e-02  2.50070086e+00  3.76186426e+00  2.43226059e+00  2.43034962e+00 -3.36623443e-05 
 4.63814000e-02  2.50067811e+00  3.76399004e+00  2.43439097e+00  2.43241640e+00 -3.36470452e-05 
 4.63864000e-02  2.50065469e+00  3.76618073e+00  2.43658598e+00  2.43454979e+00 -3.36312779e-05 
 4.63914000e-02  2.50063062e+00  3.76843415e+00  2.43884343e+00  2.43674765e+00 -3.36150580e-05 
 4.63964000e-02  2.50060593e+00  3.77074804e+00  2.44116106e+00  2.43900779e+00 -3.35984019e-05 
 4.64014000e-02  2.50058065e+00  3.77312009e+00  2.44353656e+00  2.44132794e+00 -3.35813262e-05 
 4.64064000e-02  2.50055479e+00  3.77554793e+00  2.44596754e+00  2.44370579e+00 -3.35638481e-05 
 4.64114000e-02  2.50052838e+00  3.77802913e+00  2.44845159e+00  2.44613897e+00 -3.35459852e-05 
 4.64164000e-02  2.50050145e+00  3.78056121e+00  2.45098621e+00  2.44862503e+00 -3.35277552e-05 
 4.64214000e-02  2.50047403e+00  3.78314166e+00  2.45356889e+00  2.45116151e+00 -3.35091765e-05 
 4.64264000e-02  2.50044614e+00  3.78576789e+00  2.45619705e+00  2.45374586e+00 -3.34902676e-05 
 4.64314000e-02  2.50041780e+00  3.78843728e+00  2.45886806e+00  2.45637551e+00 -3.34710475e-05 
 4.64364000e-02  2.50038906e+00  3.79114718e+00  2.46157926e+00  2.45904784e+00 -3.34515353e-05 
 4.64414000e-02  2.50035993e+00  3.79389488e+00  2.46432796e+00  2.46176018e+00 -3.34317506e-05 
 4.64464000e-02  2.50033045e+00  3.79667765e+00  2.46711141e+00  2.46450984e+00 -3.34117131e-05 
 4.64514000e-02  2.50030064e+00  3.79949272e+00  2.46992684e+00  2.46729406e+00 -3.33914428e-05 
 4.64564000e-02  2.50027053e+00  3.80233729e+00  2.47277146e+00  2.47011010e+00 -3.33709598e-05 
 4.64614000e-02  2.50024016e+00  3.80520853e+00  2.47564243e+00  2.47295513e+00 -3.33502847e-05 
 4.64664000e-02  2.50020955e+00  3.80810359e+00  2.47853691e+00  2.47582634e+00 -3.33294379e-05 
 4.64714000e-02  2.50017873e+00  3.81101958e+00  2.48145201e+00  2.47872087e+00 -3.33084402e-05 
 4.64764000e-02  2.50014774e+00  3.81395363e+00  2.48438485e+00  2.48163584e+00 -3.32873126e-05 
 4.64814000e-02  2.50011660e+00  3.81690281e+00  2.48733252e+00  2.48456837e+00 -3.32660758e-05 
 4.64864000e-02  2.50008535e+00  3.81986421e+00  2.49029209e+00  2.48751555e+00 -3.32447512e-05 
 4.64914000e-02  2.50005401e+00  3.82283489e+00  2.49326063e+00  2.49047444e+00 -3.32233597e-05 
 4.64964000e-02  2.50002262e+00  3.82581190e+00  2.49623520e+00  2.49344213e+00 -3.32019226e-05 
 4.65014000e-02  2.49999120e+00  3.82879231e+00  2.49921286e+00  2.49641567e+00 -3.31804611e-05 
 4.65064000e-02  2.49995980e+00  3.83177316e+00  2.50219067e+00  2.49939212e+00 -3.31589964e-05 
 4.65114000e-02  2.49992843e+00  3.83475151e+00  2.50516567e+00  2.50236855e+00 -3.31375499e-05 
 4.65164000e-02  2.49989714e+00  3.83772443e+00  2.50813495e+00  2.50534199e+00 -3.31161425e-05 
 4.65214000e-02  2.49986594e+00  3.84068896e+00  2.51109555e+00  2.50830953e+00 -3.30947955e-05 
 4.65264000e-02  2.49983488e+00  3.84364220e+00  2.51404458e+00  2.51126824e+00 -3.30735299e-05 
 4.65314000e-02  2.49980399e+00  3.84658123e+00  2.51697911e+00  2.51421518e+00 -3.30523666e-05 
 4.65364000e-02  2.49977328e+00  3.84950316e+00  2.51989626e+00  2.51714748e+00 -3.30313265e-05 
 4.65414000e-02  2.49974280e+00  3.85240511e+00  2.52279316e+00  2.52006222e+00 -3.30104302e-05 
 4.65464000e-02  2.49971257e+00  3.85528422e+00  2.52566696e+00  2.52295655e+00 -3.29896984e-05 
 4.65514000e-02  2.49968263e+00  3.85813768e+00  2.52851484e+00  2.52582763e+00 -3.29691512e-05 
 4.65564000e-02  2.49965300e+00  3.86096268e+00  2.53133400e+00  2.52867262e+00 -3.29488088e-05 
 4.65614000e-02  2.49962371e+00  3.86375645e+00  2.53412168e+00  2.53148875e+00 -3.29286913e-05 
 4.65664000e-02  2.49959479e+00  3.86651624e+00  2.53687514e+00  2.53427323e+00 -3.29088182e-05 
 4.65714000e-02  2.49956628e+00  3.86923936e+00  2.53959169e+00  2.53702336e+00 -3.28892090e-05 
 4.65764000e-02  2.49953819e+00  3.87192315e+00  2.54226866e+00  2.53973642e+00 -3.28698828e-05 
 4.65814000e-02  2.49951056e+00  3.87456496e+00  2.54490345e+00  2.54240978e+00 -3.28508584e-05 
 4.65864000e-02  2.49948341e+00  3.87716224e+00  2.54749347e+00  2.54504081e+00 -3.28321545e-05 
 4.65914000e-02  2.49945677e+00  3.87971243e+00  2.55003620e+00  2.54762694e+00 -3.28137893e-05 
 4.65964000e-02  2.49943066e+00  3.88221305e+00  2.55252915e+00  2.55016564e+00 -3.27957805e-05 
 4.66014000e-02  2.49940512e+00  3.88466166e+00  2.55496990e+00  2.55265445e+00 -3.27781457e-05 
 4.66064000e-02  2.49938017e+00  3.88705587e+00  2.55735606e+00  2.55509093e+00 -3.27609021e-05 
 4.66114000e-02  2.49935582e+00  3.88939337e+00  2.55968532e+00  2.55747271e+00 -3.27440662e-05 
 4.66164000e-02  2.49933212e+00  3.89167186e+00  2.56195541e+00  2.55979747e+00 -3.27276545e-05 
 4.66214000e-02  2.49930907e+00  3.89388914e+00  2.56416411e+00  2.56206295e+00 -3.27116829e-05 
 4.66264000e-02  2.49928670e+00  3.89604305e+00  2.56630930e+00  2.56426695e+00 -3.26961668e-05 
 4.66314000e-02  2.49926504e+00  3.89813151e+00  2.56838888e+00  2.56640732e+00 -3.26811211e-05 
 4.66364000e-02  2.49924410e+00  3.90015248e+00  2.57040083e+00  2.56848200e+00 -3.26665604e-05 
 4.66414000e-02  2.49922391e+00  3.90210400e+00  2.57234322e+00  2.57048896e+00 -3.26524989e-05 
 4.66464000e-02  2.49920448e+00  3.90398420e+00  2.57421415e+00  2.57242627e+00 -3.26389499e-05 
 4.66514000e-02  2.49918584e+00  3.90579124e+00  2.57601181e+00  2.57429204e+00 -3.26259265e-05 
 4.66564000e-02  2.49916801e+00  3.90752338e+00  2.57773447e+00  2.57608447e+00 -3.26134414e-05 
 4.66614000e-02  2.49915099e+00  3.90917894e+00  2.57938046e+00  2.57780183e+00 -3.26015065e-05 
 4.66664000e-02  2.49913481e+00  3.91075633e+00  2.58094819e+00  2.57944245e+00 -3.25901332e-05 
 4.66714000e-02  2.49911949e+00  3.91225401e+00  2.58243614e+00  2.58100475e+00 -3.25793326e-05 
 4.66764000e-02  2.49910503e+00  3.91367055e+00  2.58384289e+00  2.58248723e+00 -3.25691148e-05 
 4.66814000e-02  2.49909146e+00  3.91500459e+00  2.58516707e+00  2.58388844e+00 -3.25594899e-05 
 4.66864000e-02  2.49907879e+00  3.91625482e+00  2.58640740e+00  2.58520705e+00 -3.25504669e-05 
 4.66914000e-02  2.49906702e+00  3.91742005e+00  2.58756270e+00  2.58644177e+00 -3.25420545e-05 
 4.66964000e-02  2.49905618e+00  3.91849915e+00  2.58863184e+00  2.58759142e+00 -3.25342608e-05 
 4.67014000e-02  2.49904626e+00  3.91949109e+00  2.58961381e+00  2.58865490e+00 -3.25270932e-05 
 4.67064000e-02  2.49903729e+00  3.92039491e+00  2.59050765e+00  2.58963117e+00 -3.25205586e-05 
 4.67114000e-02  2.49902927e+00  3.92120975e+00  2.59131250e+00  2.59051930e+00 -3.25146633e-05 
 4.67164000e-02  2.49902220e+00  3.92193480e+00  2.59202759e+00  2.59131843e+00 -3.25094128e-05 
 4.67214000e-02  2.49901610e+00  3.92256939e+00  2.59265224e+00  2.59202779e+00 -3.25048122e-05 
 4.67264000e-02  2.49901097e+00  3.92311290e+00  2.59318584e+00  2.59264671e+00 -3.25008659e-05 
 4.67314000e-02  2.49900682e+00  3.92356481e+00  2.59362787e+00  2.59317459e+00 -3.24975776e-05 
 4.67364000e-02  2.49900365e+00  3.92392468e+00  2.59397793e+00  2.59361092e+00 -3.24949506e-05 
 4.67414000e-02  2.49900146e+00  3.92419216e+00  2.59423566e+00  2.59395527e+00 -3.24929872e-05 
 4.67464000e-02  2.49900026e+00  3.92436701e+00  2.59440082e+00  2.59420733e+00 -3.24916894e-05 
 4.67514000e-02  2.49900004e+00  3.92444904e+00  2.59447325e+00  2.59436685e+00 -3.24910584e-05 
 4.67564000e-02  2.49900081e+00  3.92443819e+00  2.59445289e+00  2.59443367e+00 -3.24910949e-05 
 4.67614000e-02  2.49900256e+00  3.92433446e+00  2.59433974e+00  2.59440773e+00 -3.24917987e-05 
 4.67664000e-02  2.49900530e+00  3.92413796e+00  2.59413393e+00  2.59428905e+00 -3.24931693e-05 
 4.67714000e-02  2.49900903e+00  3.92384886e+00  2.59383565e+00  2.59407776e+00 -3.24952052e-05 
 4.67764000e-02  2.49901373e+00  3.92346745e+00  2.59344518e+00  2.59377405e+00 -3.24979047e-05 
 4.67814000e-02  2.49901940e+00  3.92299410e+00  2.59296290e+00  2.59337821e+00 -3.25012651e-05 
 4.67864000e-02  2.49902604e+00  3.92242926e+00  2.59238928e+00  2.59289063e+00 -3.25052832e-05 
 4.67914000e-02  2.49903364e+00  3.92177346e+00  2.59172486e+00  2.59231177e+00 -3.25099552e-05 
 4.67964000e-02  2.49904220e+00  3.92102735e+00  2.59097028e+00  2.59164219e+00 -3.25152766e-05 
 4.68014000e-02  2.49905170e+00  3.92019164e+00  2.59012628e+00  2.59088253e+00 -3.25212423e-05 
 4.68064000e-02  2.49906214e+00  3.91926713e+00  2.58919365e+00  2.59003353e+00 -3.25278467e-05 
 4.68114000e-02  2.49907350e+00  3.91825471e+00  2.58817330e+00  2.58909599e+00 -3.25350834e-05 
 4.68164000e-02  2.49908577e+00  3.91715536e+00  2.58706621e+00  2.58807083e+00 -3.25429456e-05 
 4.68214000e-02  2.49909895e+00  3.91597014e+00  2.58587345e+00  2.58695903e+00 -3.25514256e-05 
 4.68264000e-02  2.49911302e+00  3.91470018e+00  2.58459617e+00  2.58576165e+00 -3.25605155e-05 
 4.68314000e-02  2.49912796e+00  3.91334671e+00  2.58323559e+00  2.58447987e+00 -3.25702064e-05 
 4.68364000e-02  2.49914377e+00  3.91191103e+00  2.58179303e+00  2.58311489e+00 -3.25804892e-05 
 4.68414000e-02  2.49916042e+00  3.91039454e+00  2.58026988e+00  2.58166806e+00 -3.25913539e-05 
 4.68464000e-02  2.49917790e+00  3.90879869e+00  2.57866761e+00  2.58014075e+00 -3.26027901e-05 
 4.68514000e-02  2.49919618e+00  3.90712502e+00  2.57698776e+00  2.57853446e+00 -3.26147869e-05 
 4.68564000e-02  2.49921527e+00  3.90537516e+00  2.57523197e+00  2.57685071e+00 -3.26273327e-05 
 4.68614000e-02  2.49923512e+00  3.90355079e+00  2.57340193e+00  2.57509116e+00 -3.26404154e-05 
 4.68664000e-02  2.49925574e+00  3.90165368e+00  2.57149941e+00  2.57325748e+00 -3.26540225e-05 
 4.68714000e-02  2.49927708e+00  3.89968566e+00  2.56952625e+00  2.57135147e+00 -3.26681409e-05 
 4.68764000e-02  2.49929914e+00  3.89764865e+00  2.56748436e+00  2.56937497e+00 -3.26827569e-05 
 4.68814000e-02  2.49932189e+00  3.89554461e+00  2.56537573e+00  2.56732988e+00 -3.26978565e-05 
 4.68864000e-02  2.49934531e+00  3.89337560e+00  2.56320239e+00  2.56521820e+00 -3.27134250e-05 
 4.68914000e-02  2.49936938e+00  3.89114370e+00  2.56096647e+00  2.56304197e+00 -3.27294475e-05 
 4.68964000e-02  2.49939407e+00  3.88885110e+00  2.55867012e+00  2.56080331e+00 -3.27459083e-05 
 4.69014000e-02  2.49941935e+00  3.88650003e+00  2.55631560e+00  2.55850439e+00 -3.27627917e-05 
 4.69064000e-02  2.49944521e+00  3.88409276e+00  2.55390517e+00  2.55614744e+00 -3.27800812e-05 
 4.69114000e-02  2.49947162e+00  3.88163164e+00  2.55144120e+00  2.55373476e+00 -3.27977600e-05 
 4.69164000e-02  2.49949855e+00  3.87911908e+00  2.54892609e+00  2.55126871e+00 -3.28158110e-05 
 4.69214000e-02  2.49952597e+00  3.87655751e+00  2.54636228e+00  2.54875167e+00 -3.28342167e-05 
 4.69264000e-02  2.49955386e+00  3.87394945e+00  2.54375228e+00  2.54618612e+00 -3.28529590e-05 
 4.69314000e-02  2.49958220e+00  3.87129744e+00  2.54109863e+00  2.54357455e+00 -3.28720199e-05 
 4.69364000e-02  2.49961094e+00  3.86860407e+00  2.53840394e+00  2.54091951e+00 -3.28913806e-05 
 4.69414000e-02  2.49964007e+00  3.86587198e+00  2.53567084e+00  2.53822360e+00 -3.29110223e-05 
 4.69464000e-02  2.49966955e+00  3.86310384e+00  2.53290201e+00  2.53548945e+00 -3.29309258e-05 
 4.69514000e-02  2.49969936e+00  3.86030236e+00  2.53010015e+00  2.53271975e+00 -3.29510717e-05 
 4.69564000e-02  2.49972947e+00  3.85747030e+00  2.52726802e+00  2.52991720e+00 -3.29714401e-05 
 4.69614000e-02  2.49975984e+00  3.85461042e+00  2.52440839e+00  2.52708456e+00 -3.29920113e-05 
 4.69664000e-02  2.49979045e+00  3.85172554e+00  2.52152407e+00  2.52422461e+00 -3.30127650e-05 
 4.69714000e-02  2.49982127e+00  3.84881849e+00  2.51861790e+00  2.52134015e+00 -3.30336808e-05 
 4.69764000e-02  2.49985226e+00  3.84589214e+00  2.51569274e+00  2.51843402e+00 -3.30547381e-05 
 4.69814000e-02  2.49988340e+00  3.84294936e+00  2.51275146e+00  2.51550908e+00 -3.30759164e-05 
 4.69864000e-02  2.49991465e+00  3.83999305e+00  2.50979696e+00  2.51256820e+00 -3.30971946e-05 
 4.69914000e-02  2.49994599e+00  3.83702612e+00  2.50683216e+00  2.50961428e+00 -3.31185520e-05 
 4.69964000e-02  2.49997738e+00  3.83405151e+00  2.50385998e+00  2.50665025e+00 -3.31399673e-05 
 4.70014000e-02  2.50000880e+00  3.83107214e+00  2.50088334e+00  2.50367901e+00 -3.31614195e-05 
 4.70064000e-02  2.50004020e+00  3.82809096e+00  2.49790520e+00  2.50070350e+00 -3.31828873e-05 
 4.70114000e-02  2.50007157e+00  3.82511093e+00  2.49492850e+00  2.49772666e+00 -3.32043496e-05 
 4.70164000e-02  2.50010286e+00  3.82213497e+00  2.49195618e+00  2.49475144e+00 -3.32257851e-05 
 4.70214000e-02  2.50013406e+00  3.81916605e+00  2.48899118e+00  2.49178077e+00 -3.32471726e-05 
 4.70264000e-02  2.50016512e+00  3.81620710e+00  2.48603644e+00  2.48881760e+00 -3.32684908e-05 
 4.70314000e-02  2.50019601e+00  3.81326105e+00  2.48309489e+00  2.48586487e+00 -3.32897187e-05 
 4.70364000e-02  2.50022672e+00  3.81033083e+00  2.48016944e+00  2.48292549e+00 -3.33108351e-05 
 4.70414000e-02  2.50025720e+00  3.80741933e+00  2.47726300e+00  2.48000239e+00 -3.33318191e-05 
 4.70464000e-02  2.50028743e+00  3.80452946e+00  2.47437845e+00  2.47709845e+00 -3.33526498e-05 
 4.70514000e-02  2.50031737e+00  3.80166409e+00  2.47151866e+00  2.47421658e+00 -3.33733064e-05 
 4.70564000e-02  2.50034700e+00  3.79882605e+00  2.46868647e+00  2.47135963e+00 -3.33937685e-05 
 4.70614000e-02  2.50037629e+00  3.79601818e+00  2.46588470e+00  2.46853043e+00 -3.34140156e-05 
 4.70664000e-02  2.50040521e+00  3.79324326e+00  2.46311613e+00  2.46573181e+00 -3.34340275e-05 
 4.70714000e-02  2.50043372e+00  3.79050406e+00  2.46038352e+00  2.46296654e+00 -3.34537842e-05 
 4.70764000e-02  2.50046181e+00  3.78780332e+00  2.45768960e+00  2.46023739e+00 -3.34732661e-05 
 4.70814000e-02  2.50048944e+00  3.78514371e+00  2.45503705e+00  2.45754707e+00 -3.34924537e-05 
 4.70864000e-02  2.50051659e+00  3.78252789e+00  2.45242850e+00  2.45489825e+00 -3.35113277e-05 
 4.70914000e-02  2.50054323e+00  3.77995846e+00  2.44986657e+00  2.45229359e+00 -3.35298694e-05 
 4.70964000e-02  2.50056934e+00  3.77743801e+00  2.44735381e+00  2.44973567e+00 -3.35480601e-05 
 4.71014000e-02  2.50059488e+00  3.77496903e+00  2.44489273e+00  2.44722706e+00 -3.35658817e-05 
 4.71064000e-02  2.50061983e+00  3.77255399e+00  2.44248578e+00  2.44477025e+00 -3.35833162e-05 
 4.71114000e-02  2.50064418e+00  3.77019531e+00  2.44013537e+00  2.44236770e+00 -3.36003463e-05 
 4.71164000e-02  2.50066788e+00  3.76789535e+00  2.43784386e+00  2.44002181e+00 -3.36169548e-05 
 4.71214000e-02  2.50069093e+00  3.76565640e+00  2.43561352e+00  2.43773492e+00 -3.36331250e-05 
 4.71264000e-02  2.50071330e+00  3.76348070e+00  2.43344659e+00  2.43550932e+00 -3.36488408e-05 
 4.71314000e-02  2.50073496e+00  3.76137043e+00  2.43134525e+00  2.43334724e+00 -3.36640864e-05 
 4.71364000e-02  2.50075590e+00  3.75932771e+00  2.42931158e+00  2.43125083e+00 -3.36788464e-05 
 4.71414000e-02  2.50077609e+00  3.75735457e+00  2.42734764e+00  2.42922221e+00 -3.36931060e-05 
 4.71464000e-02  2.50079552e+00  3.75545298e+00  2.42545538e+00  2.42726339e+00 -3.37068509e-05 
 4.71514000e-02  2.50081416e+00  3.75362487e+00  2.42363669e+00  2.42537634e+00 -3.37200672e-05 
 4.71564000e-02  2.50083199e+00  3.75187205e+00  2.42189341e+00  2.42356295e+00 -3.37327417e-05 
 4.71614000e-02  2.50084901e+00  3.75019629e+00  2.42022728e+00  2.42182503e+00 -3.37448616e-05 
 4.71664000e-02  2.50086519e+00  3.74859926e+00  2.41863997e+00  2.42016433e+00 -3.37564147e-05 
 4.71714000e-02  2.50088051e+00  3.74708256e+00  2.41713307e+00  2.41858252e+00 -3.37673893e-05 
 4.71764000e-02  2.50089497e+00  3.74564772e+00  2.41570809e+00  2.41708117e+00 -3.37777745e-05 
 4.71814000e-02  2.50090854e+00  3.74429618e+00  2.41436645e+00  2.41566179e+00 -3.37875597e-05 
 4.71864000e-02  2.50092121e+00  3.74302928e+00  2.41310952e+00  2.41432582e+00 -3.37967352e-05 
 4.71914000e-02  2.50093298e+00  3.74184830e+00  2.41193854e+00  2.41307458e+00 -3.38052915e-05 
 4.71964000e-02  2.50094382e+00  3.74075443e+00  2.41085470e+00  2.41190933e+00 -3.38132202e-05 
 4.72014000e-02  2.50095374e+00  3.73974876e+00  2.40985907e+00  2.41083124e+00 -3.38205133e-05 
 4.72064000e-02  2.50096271e+00  3.73883231e+00  2.40895267e+00  2.40984140e+00 -3.38271633e-05 
 4.72114000e-02  2.50097073e+00  3.73800599e+00  2.40813639e+00  2.40894079e+00 -3.38331635e-05 
 4.72164000e-02  2.50097780e+00  3.73727063e+00  2.40741106e+00  2.40813033e+00 -3.38385080e-05 
 4.72214000e-02  2.50098390e+00  3.73662696e+00  2.40677741e+00  2.40741082e+00 -3.38431914e-05 
 4.72264000e-02  2.50098903e+00  3.73607565e+00  2.40623607e+00  2.40678299e+00 -3.38472088e-05 
 4.72314000e-02  2.50099318e+00  3.73561723e+00  2.40578759e+00  2.40624746e+00 -3.38505563e-05 
 4.72364000e-02  2.50099635e+00  3.73525218e+00  2.40543242e+00  2.40580478e+00 -3.38532305e-05 
 4.72414000e-02  2.50099854e+00  3.73498085e+00  2.40517091e+00  2.40545539e+00 -3.38552286e-05 
 4.72464000e-02  2.50099974e+00  3.73480352e+00  2.40500332e+00  2.40519965e+00 -3.38565488e-05 
 4.72514000e-02  2.50099996e+00  3.73472036e+00  2.40492983e+00  2.40503779e+00 -3.38571895e-05 
 4.72564000e-02  2.50099919e+00  3.73473147e+00  2.40495051e+00  2.40497000e+00 -3.38571503e-05 
 4.72614000e-02  2.50099744e+00  3.73483682e+00  2.40506534e+00  2.40499634e+00 -3.38564311e-05 
 4.72664000e-02  2.50099470e+00  3.73503632e+00  2.40527420e+00  2.40511678e+00 -3.38550327e-05 
 4.72714000e-02  2.50099097e+00  3.73532976e+00  2.40557688e+00  2.40533120e+00 -3.38529564e-05 
 4.72764000e-02  2.50098627e+00  3.73571684e+00  2.40597308e+00  2.40563938e+00 -3.38502045e-05 
 4.72814000e-02  2.50098060e+00  3.73619719e+00  2.40646240e+00  2.40604102e+00 -3.38467796e-05 
 4.72864000e-02  2.50097396e+00  3.73677030e+00  2.40704435e+00  2.40653571e+00 -3.38426852e-05 
 4.72914000e-02  2.50096636e+00  3.73743562e+00  2.40771834e+00  2.40712295e+00 -3.38379255e-05 
 4.72964000e-02  2.50095780e+00  3.73819247e+00  2.40848370e+00  2.40780217e+00 -3.38325052e-05 
 4.73014000e-02  2.50094830e+00  3.73904009e+00  2.40933966e+00  2.40857266e+00 -3.38264299e-05 
 4.73064000e-02  2.50093786e+00  3.73997763e+00  2.41028536e+00  2.40943367e+00 -3.38197057e-05 
 4.73114000e-02  2.50092650e+00  3.74100415e+00  2.41131985e+00  2.41038432e+00 -3.38123393e-05 
 4.73164000e-02  2.50091423e+00  3.74211862e+00  2.41244209e+00  2.41142366e+00 -3.38043382e-05 
 4.73214000e-02  2.50090105e+00  3.74331992e+00  2.41365095e+00  2.41255065e+00 -3.37957104e-05 
 4.73264000e-02  2.50088698e+00  3.74460684e+00  2.41494523e+00  2.41376415e+00 -3.37864647e-05 
 4.73314000e-02  2.50087204e+00  3.74597810e+00  2.41632363e+00  2.41506296e+00 -3.37766104e-05 
 4.73364000e-02  2.50085623e+00  3.74743231e+00  2.41778475e+00  2.41644576e+00 -3.37661574e-05 
 4.73414000e-02  2.50083958e+00  3.74896802e+00  2.41932714e+00  2.41791117e+00 -3.37551163e-05 
 4.73464000e-02  2.50082210e+00  3.75058369e+00  2.42094925e+00  2.41945772e+00 -3.37434981e-05 
 4.73514000e-02  2.50080382e+00  3.75227770e+00  2.42264946e+00  2.42108385e+00 -3.37313146e-05 
 4.73564000e-02  2.50078473e+00  3.75404835e+00  2.42442605e+00  2.42278795e+00 -3.37185780e-05 
 4.73614000e-02  2.50076488e+00  3.75589387e+00  2.42627725e+00  2.42456830e+00 -3.37053012e-05 
 4.73664000e-02  2.50074426e+00  3.75781241e+00  2.42820121e+00  2.42642311e+00 -3.36914975e-05 
 4.73714000e-02  2.50072292e+00  3.75980204e+00  2.43019599e+00  2.42835053e+00 -3.36771808e-05 
 4.73764000e-02  2.50070086e+00  3.76186078e+00  2.43225961e+00  2.43034864e+00 -3.36623655e-05 
 4.73814000e-02  2.50067811e+00  3.76398656e+00  2.43438999e+00  2.43241542e+00 -3.36470664e-05 
 4.73864000e-02  2.50065469e+00  3.76617725e+00  2.43658500e+00  2.43454881e+00 -3.36312991e-05 
 4.73914000e-02  2.50063062e+00  3.76843067e+00  2.43884246e+00  2.43674667e+00 -3.36150792e-05 
 4.73964000e-02  2.50060593e+00  3.77074457e+00  2.44116009e+00  2.43900681e+00 -3.35984230e-05 
 4.74014000e-02  2.50058065e+00  3.77311662e+00  2.44353558e+00  2.44132697e+00 -3.35813473e-05 
 4.74064000e-02  2.50055479e+00  3.77554446e+00  2.44596657e+00  2.44370482e+00 -3.35638692e-05 
 4.74114000e-02  2.50052838e+00  3.77802566e+00  2.44845062e+00  2.44613800e+00 -3.35460063e-05 
 4.74164000e-02  2.50050145e+00  3.78055775e+00  2.45098525e+00  2.44862407e+00 -3.35277763e-05 
 4.74214000e-02  2.50047403e+00  3.78313819e+00  2.45356793e+00  2.45116054e+00 -3.35091976e-05 
 4.74264000e-02  2.50044614e+00  3.78576443e+00  2.45619609e+00  2.45374490e+00 -3.34902887e-05 
 4.74314000e-02  2.50041780e+00  3.78843382e+00  2.45886710e+00  2.45637455e+00 -3.34710685e-05 
 4.74364000e-02  2.50038906e+00  3.79114372e+00  2.46157831e+00  2.45904688e+00 -3.34515563e-05 
 4.74414000e-02  2.50035993e+00  3.79389143e+00  2.46432701e+00  2.46175923e+00 -3.34317716e-05 
 4.74464000e-02  2.50033045e+00  3.79667420e+00  2.46711046e+00  2.46450888e+00 -3.34117341e-05 
 4.74514000e-02  2.50030064e+00  3.79948927e+00  2.46992590e+00  2.46729312e+00 -3.33914637e-05 
 4.74564000e-02  2.50027053e+00  3.80233384e+00  2.47277052e+00  2.47010915e+00 -3.33709808e-05 
 4.74614000e-02  2.50024016e+00  3.80520509e+00  2.47564149e+00  2.47295419e+00 -3.33503056e-05 
 4.74664000e-02  2.50020955e+00  3.80810014e+00  2.47853597e+00  2.47582540e+00 -3.33294588e-05 
 4.74714000e-02  2.50017873e+00  3.81101615e+00  2.48145108e+00  2.47871993e+00 -3.33084611e-05 
 4.74764000e-02  2.50014774e+00  3.81395019e+00  2.48438392e+00  2.48163491e+00 -3.32873334e-05 
 4.74814000e-02  2.50011660e+00  3.81689938e+00  2.48733159e+00  2.48456744e+00 -3.32660967e-05 
 4.74864000e-02  2.50008535e+00  3.81986078e+00  2.49029116e+00  2.48751462e+00 -3.32447720e-05 
 4.74914000e-02  2.50005401e+00  3.82283146e+00  2.49325970e+00  2.49047351e+00 -3.32233805e-05 
 4.74964000e-02  2.50002262e+00  3.82580848e+00  2.49623428e+00  2.49344121e+00 -3.32019433e-05 
 4.75014000e-02  2.49999120e+00  3.82878889e+00  2.49921194e+00  2.49641475e+00 -3.31804818e-05 
 4.75064000e-02  2.49995980e+00  3.83176974e+00  2.50218975e+00  2.49939120e+00 -3.31590172e-05 
 4.75114000e-02  2.49992843e+00  3.83474810e+00  2.50516476e+00  2.50236763e+00 -3.31375706e-05 
 4.75164000e-02  2.49989714e+00  3.83772101e+00  2.50813404e+00  2.50534108e+00 -3.31161632e-05 
 4.75214000e-02  2.49986594e+00  3.84068555e+00  2.51109465e+00  2.50830862e+00 -3.30948161e-05 
 4.75264000e-02  2.49983488e+00  3.84363879e+00  2.51404367e+00  2.51126733e+00 -3.30735505e-05 
 4.75314000e-02  2.49980399e+00  3.84657782e+00  2.51697820e+00  2.51421428e+00 -3.30523872e-05 
 4.75364000e-02  2.49977328e+00  3.84949975e+00  2.51989536e+00  2.51714657e+00 -3.30313471e-05 
 4.75414000e-02  2.49974280e+00  3.85240170e+00  2.52279226e+00  2.52006132e+00 -3.30104508e-05 
 4.75464000e-02  2.49971257e+00  3.85528082e+00  2.52566606e+00  2.52295566e+00 -3.29897189e-05 
 4.75514000e-02  2.49968263e+00  3.85813429e+00  2.52851395e+00  2.52582673e+00 -3.29691717e-05 
 4.75564000e-02  2.49965300e+00  3.86095929e+00  2.53133311e+00  2.52867173e+00 -3.29488294e-05 
 4.75614000e-02  2.49962371e+00  3.86375306e+00  2.53412079e+00  2.53148785e+00 -3.29287118e-05 
 4.75664000e-02  2.49959479e+00  3.86651285e+00  2.53687425e+00  2.53427235e+00 -3.29088387e-05 
 4.75714000e-02  2.49956628e+00  3.86923598e+00  2.53959080e+00  2.53702247e+00 -3.28892294e-05 
 4.75764000e-02  2.49953819e+00  3.87191976e+00  2.54226778e+00  2.53973554e+00 -3.28699032e-05 
 4.75814000e-02  2.49951056e+00  3.87456158e+00  2.54490257e+00  2.54240890e+00 -3.28508789e-05 
 4.75864000e-02  2.49948341e+00  3.87715886e+00  2.54749259e+00  2.54503993e+00 -3.28321749e-05 
 4.75914000e-02  2.49945677e+00  3.87970905e+00  2.55003532e+00  2.54762606e+00 -3.28138097e-05 
 4.75964000e-02  2.49943066e+00  3.88220967e+00  2.55252828e+00  2.55016477e+00 -3.27958009e-05 
 4.76014000e-02  2.49940512e+00  3.88465828e+00  2.55496903e+00  2.55265358e+00 -3.27781661e-05 
 4.76064000e-02  2.49938017e+00  3.88705250e+00  2.55735520e+00  2.55509006e+00 -3.27609224e-05 
 4.76114000e-02  2.49935582e+00  3.88939000e+00  2.55968446e+00  2.55747184e+00 -3.27440865e-05 
 4.76164000e-02  2.49933212e+00  3.89166849e+00  2.56195455e+00  2.55979661e+00 -3.27276748e-05 
 4.76214000e-02  2.49930907e+00  3.89388578e+00  2.56416326e+00  2.56206209e+00 -3.27117032e-05 
 4.76264000e-02  2.49928670e+00  3.89603969e+00  2.56630844e+00  2.56426609e+00 -3.26961870e-05 
 4.76314000e-02  2.49926504e+00  3.89812815e+00  2.56838803e+00  2.56640647e+00 -3.26811413e-05 
 4.76364000e-02  2.49924410e+00  3.90014912e+00  2.57039998e+00  2.56848115e+00 -3.26665807e-05 
 4.76414000e-02  2.49922391e+00  3.90210065e+00  2.57234237e+00  2.57048811e+00 -3.26525190e-05 
 4.76464000e-02  2.49920448e+00  3.90398085e+00  2.57421330e+00  2.57242542e+00 -3.26389700e-05 
 4.76514000e-02  2.49918584e+00  3.90578789e+00  2.57601097e+00  2.57429119e+00 -3.26259467e-05 
 4.76564000e-02  2.49916801e+00  3.90752003e+00  2.57773363e+00  2.57608363e+00 -3.26134615e-05 
 4.76614000e-02  2.49915099e+00  3.90917559e+00  2.57937962e+00  2.57780099e+00 -3.26015266e-05 
 4.76664000e-02  2.49913481e+00  3.91075298e+00  2.58094735e+00  2.57944161e+00 -3.25901533e-05 
 4.76714000e-02  2.49911949e+00  3.91225067e+00  2.58243531e+00  2.58100392e+00 -3.25793526e-05 
 4.76764000e-02  2.49910503e+00  3.91366722e+00  2.58384206e+00  2.58248639e+00 -3.25691349e-05 
 4.76814000e-02  2.49909146e+00  3.91500125e+00  2.58516624e+00  2.58388761e+00 -3.25595099e-05 
 4.76864000e-02  2.49907879e+00  3.91625148e+00  2.58640658e+00  2.58520622e+00 -3.25504869e-05 
 4.76914000e-02  2.49906702e+00  3.91741672e+00  2.58756187e+00  2.58644095e+00 -3.25420745e-05 
 4.76964000e-02  2.49905618e+00  3.91849582e+00  2.58863102e+00  2.58759060e+00 -3.25342808e-05 
 4.77014000e-02  2.49904626e+00  3.91948776e+00  2.58961299e+00  2.58865408e+00 -3.25271132e-05 
 4.77064000e-02  2.49903729e+00  3.92039159e+00  2.59050683e+00  2.58963035e+00 -3.25205786e-05 
 4.77114000e-02  2.49902927e+00  3.92120642e+00  2.59131168e+00  2.59051848e+00 -3.25146832e-05 
 4.77164000e-02  2.49902220e+00  3.92193148e+00  2.59202678e+00  2.59131761e+00 -3.25094327e-05 
 4.77214000e-02  2.49901610e+00  3.92256607e+00  2.59265143e+00  2.59202698e+00 -3.25048321e-05 
 4.77264000e-02  2.49901097e+00  3.92310959e+00  2.59318503e+00  2.59264590e+00 -3.25008858e-05 
 4.77314000e-02  2.49900682e+00  3.92356149e+00  2.59362707e+00  2.59317378e+00 -3.24975975e-05 
 4.77364000e-02  2.49900365e+00  3.92392136e+00  2.59397712e+00  2.59361011e+00 -3.24949704e-05 
 4.77414000e-02  2.49900146e+00  3.92418885e+00  2.59423485e+00  2.59395447e+00 -3.24930070e-05 
 4.77464000e-02  2.49900026e+00  3.92436370e+00  2.59440002e+00  2.59420653e+00 -3.24917092e-05 
 4.77514000e-02  2.49900004e+00  3.92444574e+00  2.59447245e+00  2.59436605e+00 -3.24910782e-05 
 4.77564000e-02  2.49900081e+00  3.92443489e+00  2.59445209e+00  2.59443287e+00 -3.24911147e-05 
 4.77614000e-02  2.49900256e+00  3.92433116e+00  2.59433895e+00  2.59440693e+00 -3.24918185e-05 
 4.77664000e-02  2.49900530e+00  3.92413466e+00  2.59413314e+00  2.59428826e+00 -3.24931890e-05 
 4.77714000e-02  2.49900903e+00  3.92384556e+00  2.59383486e+00  2.59407697e+00 -3.24952250e-05 
 4.77764000e-02  2.49901373e+00  3.92346416e+00  2.59344439e+00  2.59377326e+00 -3.24979245e-05 
 4.77814000e-02  2.49901940e+00  3.92299080e+00  2.59296212e+00  2.59337742e+00 -3.25012848e-05 
 4.77864000e-02  2.49902604e+00  3.92242596e+00  2.59238849e+00  2.59288984e+00 -3.25053029e-05 
 4.77914000e-02  2.49903364e+00  3.92177017e+00  2.59172408e+00  2.59231098e+00 -3.25099749e-05 
 4.77964000e-02  2.49904220e+00  3.92102406e+00  2.59096950e+00  2.59164140e+00 -3.25152963e-05 
 4.78014000e-02  2.49905170e+00  3.92018835e+00  2.59012550e+00  2.59088175e+00 -3.25212620e-05 
 4.78064000e-02  2.49906214e+00  3.91926384e+00  2.58919287e+00  2.59003274e+00 -3.25278664e-05 
 4.78114000e-02  2.49907350e+00  3.91825143e+00  2.58817252e+00  2.58909521e+00 -3.25351031e-05 
 4.78164000e-02  2.49908577e+00  3.91715208e+00  2.58706544e+00  2.58807005e+00 -3.25429652e-05 
 4.78214000e-02  2.49909895e+00  3.91596685e+00  2.58587268e+00  2.58695825e+00 -3.25514453e-05 
 4.78264000e-02  2.49911302e+00  3.91469690e+00  2.58459539e+00  2.58576088e+00 -3.25605351e-05 
 4.78314000e-02  2.49912796e+00  3.91334343e+00  2.58323482e+00  2.58447909e+00 -3.25702261e-05 
 4.78364000e-02  2.49914377e+00  3.91190775e+00  2.58179226e+00  2.58311412e+00 -3.25805088e-05 
 4.78414000e-02  2.49916042e+00  3.91039126e+00  2.58026911e+00  2.58166729e+00 -3.25913735e-05 
 4.78464000e-02  2.49917790e+00  3.90879541e+00  2.57866684e+00  2.58013999e+00 -3.26028097e-05 
 4.78514000e-02  2.49919618e+00  3.90712175e+00  2.57698700e+00  2.57853369e+00 -3.26148065e-05 
 4.78564000e-02  2.49921527e+00  3.90537188e+00  2.57523121e+00  2.57684995e+00 -3.26273522e-05 
 4.78614000e-02  2.49923512e+00  3.90354752e+00  2.57340117e+00  2.57509039e+00 -3.26404350e-05 
 4.78664000e-02  2.49925574e+00  3.90165041e+00  2.57149865e+00  2.57325672e+00 -3.26540421e-05 
 4.78714000e-02  2.49927708e+00  3.89968239e+00  2.56952549e+00  2.57135071e+00 -3.26681604e-05 
 4.78764000e-02  2.49929914e+00  3.89764538e+00  2.56748360e+00  2.56937421e+00 -3.26827764e-05 
 4.78814000e-02  2.49932189e+00  3.89554135e+00  2.56537497e+00  2.56732912e+00 -3.26978760e-05 
 4.78864000e-02  2.49934531e+00  3.89337233e+00  2.56320164e+00  2.56521744e+00 -3.27134445e-05 
 4.78914000e-02  2.49936938e+00  3.89114044e+00  2.56096571e+00  2.56304122e+00 -3.27294670e-05 
 4.78964000e-02  2.49939407e+00  3.88884784e+00  2.55866937e+00  2.56080255e+00 -3.27459279e-05 
 4.79014000e-02  2.49941935e+00  3.88649676e+00  2.55631484e+00  2.55850363e+00 -3.27628112e-05 
 4.79064000e-02  2.49944521e+00  3.88408950e+00  2.55390442e+00  2.55614669e+00 -3.27801007e-05 
 4.79114000e-02  2.49947162e+00  3.88162838e+00  2.55144045e+00  2.55373401e+00 -3.27977795e-05 
 4.79164000e-02  2.49949855e+00  3.87911582e+00  2.54892534e+00  2.55126796e+00 -3.28158305e-05 
 4.79214000e-02  2.49952597e+00  3.87655426e+00  2.54636153e+00  2.54875093e+00 -3.28342361e-05 
 4.79264000e-02  2.49955386e+00  3.87394620e+00  2.54375153e+00  2.54618537e+00 -3.28529785e-05 
 4.79314000e-02  2.49958220e+00  3.87129419e+00  2.54109789e+00  2.54357380e+00 -3.28720393e-05 
 4.79364000e-02  2.49961094e+00  3.86860082e+00  2.53840320e+00  2.54091876e+00 -3.28914000e-05 
 4.79414000e-02  2.49964007e+00  3.86586873e+00  2.53567010e+00  2.53822285e+00 -3.29110417e-05 
 4.79464000e-02  2.49966955e+00  3.86310059e+00  2.53290127e+00  2.53548871e+00 -3.29309452e-05 
 4.79514000e-02  2.49969936e+00  3.86029911e+00  2.53009941e+00  2.53271901e+00 -3.29510911e-05 
 4.79564000e-02  2.49972947e+00  3.85746705e+00  2.52726728e+00  2.52991646e+00 -3.29714596e-05 
 4.79614000e-02  2.49975984e+00  3.85460717e+00  2.52440765e+00  2.52708383e+00 -3.29920307e-05 
 4.79664000e-02  2.49979045e+00  3.85172229e+00  2.52152334e+00  2.52422387e+00 -3.30127844e-05 
 4.79714000e-02  2.49982127e+00  3.84881525e+00  2.51861717e+00  2.52133942e+00 -3.30337002e-05 
 4.79764000e-02  2.49985226e+00  3.84588889e+00  2.51569201e+00  2.51843329e+00 -3.30547575e-05 
 4.79814000e-02  2.49988340e+00  3.84294611e+00  2.51275073e+00  2.51550834e+00 -3.30759358e-05 
 4.79864000e-02  2.49991465e+00  3.83998980e+00  2.50979623e+00  2.51256747e+00 -3.30972140e-05 
 4.79914000e-02  2.49994599e+00  3.83702288e+00  2.50683143e+00  2.50961355e+00 -3.31185714e-05 
 4.79964000e-02  2.49997738e+00  3.83404827e+00  2.50385925e+00  2.50664952e+00 -3.31399867e-05 
 4.80014000e-02  2.50000880e+00  3.83106890e+00  2.50088262e+00  2.50367828e+00 -3.31614388e-05 
 4.80064000e-02  2.50004020e+00  3.82808773e+00  2.49790448e+00  2.50070277e+00 -3.31829067e-05 
 4.80114000e-02  2.50007157e+00  3.82510769e+00  2.49492778e+00  2.49772594e+00 -3.32043690e-05 
 4.80164000e-02  2.50010286e+00  3.82213174e+00  2.49195546e+00  2.49475072e+00 -3.32258045e-05 
 4.80214000e-02  2.50013406e+00  3.81916282e+00  2.48899046e+00  2.49178005e+00 -3.32471919e-05 
 4.80264000e-02  2.50016512e+00  3.81620387e+00  2.48603572e+00  2.48881688e+00 -3.32685102e-05 
 4.80314000e-02  2.50019601e+00  3.81325782e+00  2.48309417e+00  2.48586415e+00 -3.32897380e-05 
 4.80364000e-02  2.50022672e+00  3.81032760e+00  2.48016872e+00  2.48292477e+00 -3.33108544e-05 
 4.80414000e-02  2.50025720e+00  3.80741611e+00  2.47726228e+00  2.48000167e+00 -3.33318384e-05 
 4.80464000e-02  2.50028743e+00  3.80452624e+00  2.47437774e+00  2.47709774e+00 -3.33526691e-05 
 4.80514000e-02  2.50031737e+00  3.80166086e+00  2.47151795e+00  2.47421587e+00 -3.33733257e-05 
 4.80564000e-02  2.50034700e+00  3.79882283e+00  2.46868576e+00  2.47135891e+00 -3.33937878e-05 
 4.80614000e-02  2.50037629e+00  3.79601495e+00  2.46588399e+00  2.46852972e+00 -3.34140348e-05 
 4.80664000e-02  2.50040521e+00  3.79324004e+00  2.46311542e+00  2.46573110e+00 -3.34340467e-05 
 4.80714000e-02  2.50043372e+00  3.79050084e+00  2.46038282e+00  2.46296584e+00 -3.34538035e-05 
 4.80764000e-02  2.50046181e+00  3.78780010e+00  2.45768890e+00  2.46023668e+00 -3.34732854e-05 
 4.80814000e-02  2.50048944e+00  3.78514049e+00  2.45503634e+00  2.45754636e+00 -3.34924729e-05 
 4.80864000e-02  2.50051659e+00  3.78252467e+00  2.45242780e+00  2.45489755e+00 -3.35113470e-05 
 4.80914000e-02  2.50054323e+00  3.77995525e+00  2.44986587e+00  2.45229288e+00 -3.35298886e-05 
 4.80964000e-02  2.50056934e+00  3.77743479e+00  2.44735311e+00  2.44973497e+00 -3.35480793e-05 
 4.81014000e-02  2.50059488e+00  3.77496582e+00  2.44489203e+00  2.44722636e+00 -3.35659009e-05 
 4.81064000e-02  2.50061983e+00  3.77255078e+00  2.44248508e+00  2.44476955e+00 -3.35833354e-05 
 4.81114000e-02  2.50064418e+00  3.77019211e+00  2.44013468e+00  2.44236700e+00 -3.36003654e-05 
 4.81164000e-02  2.50066788e+00  3.76789214e+00  2.43784316e+00  2.44002111e+00 -3.36169739e-05 
 4.81214000e-02  2.50069093e+00  3.76565319e+00  2.43561283e+00  2.43773422e+00 -3.36331442e-05 
 4.81264000e-02  2.50071330e+00  3.76347750e+00  2.43344590e+00  2.43550863e+00 -3.36488600e-05 
 4.81314000e-02  2.50073496e+00  3.76136723e+00  2.43134456e+00  2.43334655e+00 -3.36641055e-05 
 4.81364000e-02  2.50075590e+00  3.75932451e+00  2.42931090e+00  2.43125014e+00 -3.36788655e-05 
 4.81414000e-02  2.50077609e+00  3.75735136e+00  2.42734695e+00  2.42922152e+00 -3.36931251e-05 
 4.81464000e-02  2.50079552e+00  3.75544979e+00  2.42545469e+00  2.42726270e+00 -3.37068700e-05 
 4.81514000e-02  2.50081416e+00  3.75362167e+00  2.42363601e+00  2.42537565e+00 -3.37200863e-05 
 4.81564000e-02  2.50083199e+00  3.75186886e+00  2.42189273e+00  2.42356226e+00 -3.37327608e-05 
 4.81614000e-02  2.50084901e+00  3.75019310e+00  2.42022660e+00  2.42182435e+00 -3.37448806e-05 
 4.81664000e-02  2.50086519e+00  3.74859607e+00  2.41863929e+00  2.42016365e+00 -3.37564337e-05 
 4.81714000e-02  2.50088051e+00  3.74707937e+00  2.41713239e+00  2.41858184e+00 -3.37674084e-05 
 4.81764000e-02  2.50089497e+00  3.74564453e+00  2.41570741e+00  2.41708049e+00 -3.37777935e-05 
 4.81814000e-02  2.50090854e+00  3.74429299e+00  2.41436578e+00  2.41566112e+00 -3.37875788e-05 
 4.81864000e-02  2.50092121e+00  3.74302609e+00  2.41310885e+00  2.41432514e+00 -3.37967542e-05 
 4.81914000e-02  2.50093298e+00  3.74184512e+00  2.41193787e+00  2.41307390e+00 -3.38053105e-05 
 4.81964000e-02  2.50094382e+00  3.74075125e+00  2.41085403e+00  2.41190866e+00 -3.38132392e-05 
 4.82014000e-02  2.50095374e+00  3.73974558e+00  2.40985841e+00  2.41083057e+00 -3.38205322e-05 
 4.82064000e-02  2.50096271e+00  3.73882913e+00  2.40895200e+00  2.40984073e+00 -3.38271822e-05 
 4.82114000e-02  2.50097073e+00  3.73800281e+00  2.40813573e+00  2.40894013e+00 -3.38331825e-05 
 4.82164000e-02  2.50097780e+00  3.73726745e+00  2.40741040e+00  2.40812967e+00 -3.38385270e-05 
 4.82214000e-02  2.50098390e+00  3.73662379e+00  2.40677675e+00  2.40741016e+00 -3.38432103e-05 
 4.82264000e-02  2.50098903e+00  3.73607248e+00  2.40623542e+00  2.40678233e+00 -3.38472277e-05 
 4.82314000e-02  2.50099318e+00  3.73561406e+00  2.40578694e+00  2.40624681e+00 -3.38505752e-05 
 4.82364000e-02  2.50099635e+00  3.73524901e+00  2.40543176e+00  2.40580413e+00 -3.38532494e-05 
 4.82414000e-02  2.50099854e+00  3.73497768e+00  2.40517026e+00  2.40545474e+00 -3.38552475e-05 
 4.82464000e-02  2.50099974e+00  3.73480035e+00  2.40500267e+00  2.40519899e+00 -3.38565676e-05 
 4.82514000e-02  2.50099996e+00  3.73471720e+00  2.40492919e+00  2.40503714e+00 -3.38572084e-05 
 4.82564000e-02  2.50099919e+00  3.73472831e+00  2.40494987e+00  2.40496935e+00 -3.38571691e-05 
 4.82614000e-02  2.50099744e+00  3.73483366e+00  2.40506470e+00  2.40499569e+00 -3.38564499e-05 
 4.82664000e-02  2.50099470e+00  3.73503316e+00  2.40527356e+00  2.40511613e+00 -3.38550515e-05 
 4.82714000e-02  2.50099097e+00  3.73532660e+00  2.40557624e+00  2.40533055e+00 -3.38529752e-05 
 4.82764000e-02  2.50098627e+00  3.73571369e+00  2.40597244e+00  2.40563874e+00 -3.38502232e-05 
 4.82814000e-02  2.50098060e+00  3.73619403e+00  2.40646176e+00  2.40604038e+00 -3.38467983e-05 
 4.82864000e-02  2.50097396e+00  3.73676715e+00  2.40704371e+00  2.40653507e+00 -3.38427039e-05 
 4.82914000e-02  2.50096636e+00  3.73743247e+00  2.40771771e+00  2.40712232e+00 -3.38379442e-05 
 4.82964000e-02  2.50095780e+00  3.73818932e+00  2.40848307e+00  2.40780153e+00 -3.38325239e-05 
 4.83014000e-02  2.50094830e+00  3.73903695e+00  2.40933903e+00  2.40857203e+00 -3.38264486e-05 
 4.83064000e-02  2.50093786e+00  3.73997449e+00  2.41028473e+00  2.40943304e+00 -3.38197244e-05 
 4.83114000e-02  2.50092650e+00  3.74100101e+00  2.41131922e+00  2.41038369e+00 -3.38123579e-05 
 4.83164000e-02  2.50091423e+00  3.74211548e+00  2.41244146e+00  2.41142303e+00 -3.38043568e-05 
 4.83214000e-02  2.50090105e+00  3.74331678e+00  2.41365033e+00  2.41255002e+00 -3.37957291e-05 
 4.83264000e-02  2.50088698e+00  3.74460371e+00  2.41494461e+00  2.41376353e+00 -3.37864834e-05 
 4.83314000e-02  2.50087204e+00  3.74597496e+00  2.41632301e+00  2.41506234e+00 -3.37766290e-05 
 4.83364000e-02  2.50085623e+00  3.74742918e+00  2.41778414e+00  2.41644514e+00 -3.37661760e-05 
 4.83414000e-02  2.50083958e+00  3.74896489e+00  2.41932653e+00  2.41791055e+00 -3.37551349e-05 
 4.83464000e-02  2.50082210e+00  3.75058057e+00  2.42094864e+00  2.41945710e+00 -3.37435167e-05 
 4.83514000e-02  2.50080382e+00  3.75227458e+00  2.42264885e+00  2.42108324e+00 -3.37313331e-05 
 4.83564000e-02  2.50078473e+00  3.75404523e+00  2.42442544e+00  2.42278734e+00 -3.37185966e-05 
 4.83614000e-02  2.50076488e+00  3.75589075e+00  2.42627665e+00  2.42456769e+00 -3.37053197e-05 
 4.83664000e-02  2.50074426e+00  3.75780929e+00  2.42820061e+00  2.42642251e+00 -3.36915160e-05 
 4.83714000e-02  2.50072292e+00  3.75979892e+00  2.43019539e+00  2.42834993e+00 -3.36771993e-05 
 4.83764000e-02  2.50070086e+00  3.76185766e+00  2.43225901e+00  2.43034804e+00 -3.36623840e-05 
 4.83814000e-02  2.50067811e+00  3.76398344e+00  2.43438939e+00  2.43241482e+00 -3.36470849e-05 
 4.83864000e-02  2.50065469e+00  3.76617414e+00  2.43658441e+00  2.43454821e+00 -3.36313175e-05 
 4.83914000e-02  2.50063062e+00  3.76842756e+00  2.43884186e+00  2.43674608e+00 -3.36150976e-05 
 4.83964000e-02  2.50060593e+00  3.77074146e+00  2.44115950e+00  2.43900622e+00 -3.35984414e-05 
 4.84014000e-02  2.50058065e+00  3.77311351e+00  2.44353500e+00  2.44132638e+00 -3.35813657e-05 
 4.84064000e-02  2.50055479e+00  3.77554136e+00  2.44596599e+00  2.44370424e+00 -3.35638876e-05 
 4.84114000e-02  2.50052838e+00  3.77802256e+00  2.44845004e+00  2.44613741e+00 -3.35460246e-05 
 4.84164000e-02  2.50050145e+00  3.78055465e+00  2.45098467e+00  2.44862348e+00 -3.35277946e-05 
 4.84214000e-02  2.50047403e+00  3.78313510e+00  2.45356736e+00  2.45115996e+00 -3.35092159e-05 
 4.84264000e-02  2.50044614e+00  3.78576133e+00  2.45619552e+00  2.45374432e+00 -3.34903070e-05 
 4.84314000e-02  2.50041780e+00  3.78843073e+00  2.45886653e+00  2.45637398e+00 -3.34710868e-05 
 4.84364000e-02  2.50038906e+00  3.79114063e+00  2.46157774e+00  2.45904631e+00 -3.34515746e-05 
 4.84414000e-02  2.50035993e+00  3.79388834e+00  2.46432644e+00  2.46175866e+00 -3.34317899e-05 
 4.84464000e-02  2.50033045e+00  3.79667112e+00  2.46710989e+00  2.46450832e+00 -3.34117523e-05 
 4.84514000e-02  2.50030064e+00  3.79948619e+00  2.46992533e+00  2.46729255e+00 -3.33914819e-05 
 4.84564000e-02  2.50027053e+00  3.80233077e+00  2.47276996e+00  2.47010859e+00 -3.33709990e-05 
 4.84614000e-02  2.50024016e+00  3.80520201e+00  2.47564093e+00  2.47295363e+00 -3.33503238e-05 
 4.84664000e-02  2.50020955e+00  3.80809707e+00  2.47853541e+00  2.47582484e+00 -3.33294769e-05 
 4.84714000e-02  2.50017873e+00  3.81101307e+00  2.48145052e+00  2.47871937e+00 -3.33084792e-05 
 4.84764000e-02  2.50014774e+00  3.81394712e+00  2.48438337e+00  2.48163435e+00 -3.32873515e-05 
 4.84814000e-02  2.50011660e+00  3.81689631e+00  2.48733104e+00  2.48456689e+00 -3.32661148e-05 
 4.84864000e-02  2.50008535e+00  3.81985771e+00  2.49029061e+00  2.48751407e+00 -3.32447901e-05 
 4.84914000e-02  2.50005401e+00  3.82282840e+00  2.49325916e+00  2.49047297e+00 -3.32233985e-05 
 4.84964000e-02  2.50002262e+00  3.82580541e+00  2.49623373e+00  2.49344066e+00 -3.32019614e-05 
 4.85014000e-02  2.49999120e+00  3.82878583e+00  2.49921140e+00  2.49641421e+00 -3.31804999e-05 
 4.85064000e-02  2.49995980e+00  3.83176668e+00  2.50218921e+00  2.49939066e+00 -3.31590352e-05 
 4.85114000e-02  2.49992843e+00  3.83474504e+00  2.50516422e+00  2.50236709e+00 -3.31375885e-05 
 4.85164000e-02  2.49989714e+00  3.83771796e+00  2.50813350e+00  2.50534054e+00 -3.31161811e-05 
 4.85214000e-02  2.49986594e+00  3.84068250e+00  2.51109411e+00  2.50830809e+00 -3.30948341e-05 
 4.85264000e-02  2.49983488e+00  3.84363574e+00  2.51404314e+00  2.51126680e+00 -3.30735685e-05 
 4.85314000e-02  2.49980399e+00  3.84657478e+00  2.51697768e+00  2.51421375e+00 -3.30524051e-05 
 4.85364000e-02  2.49977328e+00  3.84949671e+00  2.51989483e+00  2.51714605e+00 -3.30313650e-05 
 4.85414000e-02  2.49974280e+00  3.85239866e+00  2.52279174e+00  2.52006080e+00 -3.30104687e-05 
 4.85464000e-02  2.49971257e+00  3.85527779e+00  2.52566555e+00  2.52295513e+00 -3.29897368e-05 
 4.85514000e-02  2.49968263e+00  3.85813125e+00  2.52851343e+00  2.52582621e+00 -3.29691895e-05 
 4.85564000e-02  2.49965300e+00  3.86095625e+00  2.53133260e+00  2.52867121e+00 -3.29488472e-05 
 4.85614000e-02  2.49962371e+00  3.86375002e+00  2.53412028e+00  2.53148734e+00 -3.29287296e-05 
 4.85664000e-02  2.49959479e+00  3.86650982e+00  2.53687374e+00  2.53427183e+00 -3.29088564e-05 
 4.85714000e-02  2.49956628e+00  3.86923295e+00  2.53959030e+00  2.53702196e+00 -3.28892472e-05 
 4.85764000e-02  2.49953819e+00  3.87191674e+00  2.54226728e+00  2.53973504e+00 -3.28699209e-05 
 4.85814000e-02  2.49951056e+00  3.87455856e+00  2.54490207e+00  2.54240840e+00 -3.28508966e-05 
 4.85864000e-02  2.49948341e+00  3.87715584e+00  2.54749209e+00  2.54503943e+00 -3.28321927e-05 
 4.85914000e-02  2.49945677e+00  3.87970603e+00  2.55003483e+00  2.54762556e+00 -3.28138273e-05 
 4.85964000e-02  2.49943066e+00  3.88220666e+00  2.55252778e+00  2.55016427e+00 -3.27958185e-05 
 4.86014000e-02  2.49940512e+00  3.88465527e+00  2.55496854e+00  2.55265308e+00 -3.27781837e-05 
 4.86064000e-02  2.49938017e+00  3.88704949e+00  2.55735471e+00  2.55508957e+00 -3.27609400e-05 
 4.86114000e-02  2.49935582e+00  3.88938699e+00  2.55968397e+00  2.55747135e+00 -3.27441041e-05 
 4.86164000e-02  2.49933212e+00  3.89166549e+00  2.56195406e+00  2.55979612e+00 -3.27276924e-05 
 4.86214000e-02  2.49930907e+00  3.89388277e+00  2.56416277e+00  2.56206160e+00 -3.27117208e-05 
 4.86264000e-02  2.49928670e+00  3.89603669e+00  2.56630796e+00  2.56426561e+00 -3.26962046e-05 
 4.86314000e-02  2.49926504e+00  3.89812515e+00  2.56838755e+00  2.56640599e+00 -3.26811589e-05 
 4.86364000e-02  2.49924410e+00  3.90014612e+00  2.57039951e+00  2.56848067e+00 -3.26665982e-05 
 4.86414000e-02  2.49922391e+00  3.90209766e+00  2.57234190e+00  2.57048764e+00 -3.26525366e-05 
 4.86464000e-02  2.49920448e+00  3.90397785e+00  2.57421283e+00  2.57242495e+00 -3.26389875e-05 
 4.86514000e-02  2.49918584e+00  3.90578490e+00  2.57601050e+00  2.57429072e+00 -3.26259642e-05 
 4.86564000e-02  2.49916801e+00  3.90751704e+00  2.57773316e+00  2.57608316e+00 -3.26134790e-05 
 4.86614000e-02  2.49915099e+00  3.90917261e+00  2.57937915e+00  2.57780052e+00 -3.26015441e-05 
 4.86664000e-02  2.49913481e+00  3.91075000e+00  2.58094689e+00  2.57944115e+00 -3.25901708e-05 
 4.86714000e-02  2.49911949e+00  3.91224769e+00  2.58243485e+00  2.58100345e+00 -3.25793700e-05 
 4.86764000e-02  2.49910503e+00  3.91366424e+00  2.58384160e+00  2.58248593e+00 -3.25691523e-05 
 4.86814000e-02  2.49909146e+00  3.91499827e+00  2.58516578e+00  2.58388715e+00 -3.25595273e-05 
 4.86864000e-02  2.49907879e+00  3.91624851e+00  2.58640612e+00  2.58520576e+00 -3.25505043e-05 
 4.86914000e-02  2.49906702e+00  3.91741374e+00  2.58756142e+00  2.58644049e+00 -3.25420919e-05 
 4.86964000e-02  2.49905618e+00  3.91849285e+00  2.58863057e+00  2.58759015e+00 -3.25342981e-05 
 4.87014000e-02  2.49904626e+00  3.91948480e+00  2.58961254e+00  2.58865363e+00 -3.25271305e-05 
 4.87064000e-02  2.49903729e+00  3.92038862e+00  2.59050638e+00  2.58962990e+00 -3.25205959e-05 
 4.87114000e-02  2.49902927e+00  3.92120346e+00  2.59131124e+00  2.59051803e+00 -3.25147005e-05 
 4.87164000e-02  2.49902220e+00  3.92192852e+00  2.59202634e+00  2.59131717e+00 -3.25094500e-05 
 4.87214000e-02  2.49901610e+00  3.92256311e+00  2.59265099e+00  2.59202654e+00 -3.25048494e-05 
 4.87264000e-02  2.49901097e+00  3.92310663e+00  2.59318459e+00  2.59264546e+00 -3.25009031e-05 
 4.87314000e-02  2.49900682e+00  3.92355854e+00  2.59362663e+00  2.59317334e+00 -3.24976148e-05 
 4.87364000e-02  2.49900365e+00  3.92391841e+00  2.59397668e+00  2.59360967e+00 -3.24949877e-05 
 4.87414000e-02  2.49900146e+00  3.92418590e+00  2.59423442e+00  2.59395403e+00 -3.24930243e-05 
 4.87464000e-02  2.49900026e+00  3.92436075e+00  2.59439958e+00  2.59420609e+00 -3.24917264e-05 
 4.87514000e-02  2.49900004e+00  3.92444279e+00  2.59447202e+00  2.59436561e+00 -3.24910954e-05 
 4.87564000e-02  2.49900081e+00  3.92443194e+00  2.59445166e+00  2.59443244e+00 -3.24911318e-05 
 4.87614000e-02  2.49900256e+00  3.92432821e+00  2.59433852e+00  2.59440650e+00 -3.24918357e-05 
 4.87664000e-02  2.49900530e+00  3.92413171e+00  2.59413271e+00  2.59428783e+00 -3.24932062e-05 
 4.87714000e-02  2.49900903e+00  3.92384262e+00  2.59383443e+00  2.59407654e+00 -3.24952422e-05 
 4.87764000e-02  2.49901373e+00  3.92346121e+00  2.59344397e+00  2.59377283e+00 -3.24979416e-05 
 4.87814000e-02  2.49901940e+00  3.92298786e+00  2.59296170e+00  2.59337700e+00 -3.25013020e-05 
 4.87864000e-02  2.49902604e+00  3.92242302e+00  2.59238808e+00  2.59288942e+00 -3.25053200e-05 
 4.87914000e-02  2.49903364e+00  3.92176723e+00  2.59172366e+00  2.59231056e+00 -3.25099920e-05 
 4.87964000e-02  2.49904220e+00  3.92102113e+00  2.59096909e+00  2.59164099e+00 -3.25153134e-05 
 4.88014000e-02  2.49905170e+00  3.92018542e+00  2.59012508e+00  2.59088133e+00 -3.25212791e-05 
 4.88064000e-02  2.49906214e+00  3.91926091e+00  2.58919246e+00  2.59003233e+00 -3.25278834e-05 
 4.88114000e-02  2.49907350e+00  3.91824850e+00  2.58817211e+00  2.58909480e+00 -3.25351202e-05 
 4.88164000e-02  2.49908577e+00  3.91714915e+00  2.58706503e+00  2.58806964e+00 -3.25429823e-05 
 4.88214000e-02  2.49909895e+00  3.91596393e+00  2.58587227e+00  2.58695784e+00 -3.25514623e-05 
 4.88264000e-02  2.49911302e+00  3.91469397e+00  2.58459499e+00  2.58576047e+00 -3.25605522e-05 
 4.88314000e-02  2.49912796e+00  3.91334050e+00  2.58323441e+00  2.58447869e+00 -3.25702431e-05 
 4.88364000e-02  2.49914377e+00  3.91190483e+00  2.58179185e+00  2.58311372e+00 -3.25805258e-05 
 4.88414000e-02  2.49916042e+00  3.91038834e+00  2.58026871e+00  2.58166689e+00 -3.25913905e-05 
 4.88464000e-02  2.49917790e+00  3.90879249e+00  2.57866644e+00  2.58013959e+00 -3.26028267e-05 
 4.88514000e-02  2.49919618e+00  3.90711883e+00  2.57698660e+00  2.57853329e+00 -3.26148234e-05 
 4.88564000e-02  2.49921527e+00  3.90536897e+00  2.57523081e+00  2.57684955e+00 -3.26273692e-05 
 4.88614000e-02  2.49923512e+00  3.90354460e+00  2.57340077e+00  2.57509000e+00 -3.26404519e-05 
 4.88664000e-02  2.49925574e+00  3.90164749e+00  2.57149825e+00  2.57325633e+00 -3.26540590e-05 
 4.88714000e-02  2.49927708e+00  3.89967948e+00  2.56952509e+00  2.57135032e+00 -3.26681774e-05 
 4.88764000e-02  2.49929914e+00  3.89764247e+00  2.56748321e+00  2.56937381e+00 -3.26827934e-05 
 4.88814000e-02  2.49932189e+00  3.89553843e+00  2.56537458e+00  2.56732873e+00 -3.26978929e-05 
 4.88864000e-02  2.49934531e+00  3.89336942e+00  2.56320125e+00  2.56521705e+00 -3.27134614e-05 
 4.88914000e-02  2.49936938e+00  3.89113753e+00  2.56096533e+00  2.56304083e+00 -3.27294839e-05 
 4.88964000e-02  2.49939407e+00  3.88884493e+00  2.55866898e+00  2.56080217e+00 -3.27459447e-05 
 4.89014000e-02  2.49941935e+00  3.88649386e+00  2.55631446e+00  2.55850325e+00 -3.27628281e-05 
 4.89064000e-02  2.49944521e+00  3.88408659e+00  2.55390404e+00  2.55614630e+00 -3.27801176e-05 
 4.89114000e-02  2.49947162e+00  3.88162548e+00  2.55144007e+00  2.55373363e+00 -3.27977964e-05 
 4.89164000e-02  2.49949855e+00  3.87911291e+00  2.54892496e+00  2.55126758e+00 -3.28158474e-05 
 4.89214000e-02  2.49952597e+00  3.87655135e+00  2.54636115e+00  2.54875055e+00 -3.28342530e-05 
 4.89264000e-02  2.49955386e+00  3.87394330e+00  2.54375115e+00  2.54618499e+00 -3.28529953e-05 
 4.89314000e-02  2.49958220e+00  3.87129129e+00  2.54109751e+00  2.54357342e+00 -3.28720562e-05 
 4.89364000e-02  2.49961094e+00  3.86859792e+00  2.53840282e+00  2.54091838e+00 -3.28914169e-05 
 4.89414000e-02  2.49964007e+00  3.86586583e+00  2.53566973e+00  2.53822248e+00 -3.29110586e-05 
 4.89464000e-02  2.49966955e+00  3.86309769e+00  2.53290089e+00  2.53548833e+00 -3.29309621e-05 
 4.89514000e-02  2.49969936e+00  3.86029622e+00  2.53009904e+00  2.53271863e+00 -3.29511079e-05 
 4.89564000e-02  2.49972947e+00  3.85746415e+00  2.52726691e+00  2.52991609e+00 -3.29714764e-05 
 4.89614000e-02  2.49975984e+00  3.85460428e+00  2.52440728e+00  2.52708345e+00 -3.29920475e-05 
 4.89664000e-02  2.49979045e+00  3.85171940e+00  2.52152297e+00  2.52422350e+00 -3.30128012e-05 
 4.89714000e-02  2.49982127e+00  3.84881236e+00  2.51861680e+00  2.52133905e+00 -3.30337169e-05 
 4.89764000e-02  2.49985226e+00  3.84588600e+00  2.51569164e+00  2.51843292e+00 -3.30547743e-05 
 4.89814000e-02  2.49988340e+00  3.84294322e+00  2.51275036e+00  2.51550798e+00 -3.30759525e-05 
 4.89864000e-02  2.49991465e+00  3.83998692e+00  2.50979587e+00  2.51256710e+00 -3.30972308e-05 
 4.89914000e-02  2.49994599e+00  3.83701999e+00  2.50683107e+00  2.50961319e+00 -3.31185881e-05 
 4.89964000e-02  2.49997738e+00  3.83404538e+00  2.50385889e+00  2.50664915e+00 -3.31400034e-05 
 4.90014000e-02  2.50000880e+00  3.83106602e+00  2.50088226e+00  2.50367792e+00 -3.31614556e-05 
 4.90064000e-02  2.50004020e+00  3.82808485e+00  2.49790412e+00  2.50070241e+00 -3.31829234e-05 
 4.90114000e-02  2.50007157e+00  3.82510481e+00  2.49492742e+00  2.49772558e+00 -3.32043857e-05 
 4.90164000e-02  2.50010286e+00  3.82212886e+00  2.49195510e+00  2.49475036e+00 -3.32258212e-05 
 4.90214000e-02  2.50013406e+00  3.81915994e+00  2.48899010e+00  2.49177969e+00 -3.32472086e-05 
 4.90264000e-02  2.50016512e+00  3.81620099e+00  2.48603537e+00  2.48881653e+00 -3.32685269e-05 
 4.90314000e-02  2.50019601e+00  3.81325494e+00  2.48309382e+00  2.48586379e+00 -3.32897547e-05 
 4.90364000e-02  2.50022672e+00  3.81032472e+00  2.48016837e+00  2.48292442e+00 -3.33108711e-05 
 4.90414000e-02  2.50025720e+00  3.80741323e+00  2.47726193e+00  2.48000132e+00 -3.33318551e-05 
 4.90464000e-02  2.50028743e+00  3.80452336e+00  2.47437739e+00  2.47709739e+00 -3.33526857e-05 
 4.90514000e-02  2.50031737e+00  3.80165799e+00  2.47151760e+00  2.47421552e+00 -3.33733424e-05 
 4.90564000e-02  2.50034700e+00  3.79881996e+00  2.46868541e+00  2.47135856e+00 -3.33938044e-05 
 4.90614000e-02  2.50037629e+00  3.79601208e+00  2.46588364e+00  2.46852937e+00 -3.34140515e-05 
 4.90664000e-02  2.50040521e+00  3.79323717e+00  2.46311508e+00  2.46573075e+00 -3.34340633e-05 
 4.90714000e-02  2.50043372e+00  3.79049798e+00  2.46038247e+00  2.46296549e+00 -3.34538201e-05 
 4.90764000e-02  2.50046181e+00  3.78779723e+00  2.45768855e+00  2.46023634e+00 -3.34733020e-05 
 4.90814000e-02  2.50048944e+00  3.78513762e+00  2.45503600e+00  2.45754602e+00 -3.34924895e-05 
 4.90864000e-02  2.50051659e+00  3.78252181e+00  2.45242746e+00  2.45489721e+00 -3.35113635e-05 
 4.90914000e-02  2.50054323e+00  3.77995239e+00  2.44986553e+00  2.45229255e+00 -3.35299052e-05 
 4.90964000e-02  2.50056934e+00  3.77743193e+00  2.44735277e+00  2.44973463e+00 -3.35480959e-05 
 4.91014000e-02  2.50059488e+00  3.77496296e+00  2.44489169e+00  2.44722602e+00 -3.35659174e-05 
 4.91064000e-02  2.50061983e+00  3.77254792e+00  2.44248475e+00  2.44476921e+00 -3.35833520e-05 
 4.91114000e-02  2.50064418e+00  3.77018925e+00  2.44013434e+00  2.44236667e+00 -3.36003820e-05 
 4.91164000e-02  2.50066788e+00  3.76788929e+00  2.43784283e+00  2.44002078e+00 -3.36169905e-05 
 4.91214000e-02  2.50069093e+00  3.76565034e+00  2.43561250e+00  2.43773389e+00 -3.36331607e-05 
 4.91264000e-02  2.50071330e+00  3.76347465e+00  2.43344558e+00  2.43550830e+00 -3.36488765e-05 
 4.91314000e-02  2.50073496e+00  3.76136438e+00  2.43134423e+00  2.43334622e+00 -3.36641220e-05 
 4.91364000e-02  2.50075590e+00  3.75932166e+00  2.42931057e+00  2.43124982e+00 -3.36788820e-05 
 4.91414000e-02  2.50077609e+00  3.75734852e+00  2.42734663e+00  2.42922119e+00 -3.36931416e-05 
 4.91464000e-02  2.50079552e+00  3.75544694e+00  2.42545437e+00  2.42726238e+00 -3.37068864e-05 
 4.91514000e-02  2.50081416e+00  3.75361883e+00  2.42363569e+00  2.42537533e+00 -3.37201028e-05 
 4.91564000e-02  2.50083199e+00  3.75186601e+00  2.42189241e+00  2.42356194e+00 -3.37327772e-05 
 4.91614000e-02  2.50084901e+00  3.75019025e+00  2.42022628e+00  2.42182403e+00 -3.37448971e-05 
 4.91664000e-02  2.50086519e+00  3.74859323e+00  2.41863897e+00  2.42016334e+00 -3.37564502e-05 
 4.91714000e-02  2.50088051e+00  3.74707653e+00  2.41713208e+00  2.41858152e+00 -3.37674248e-05 
 4.91764000e-02  2.50089497e+00  3.74564170e+00  2.41570710e+00  2.41708018e+00 -3.37778100e-05 
 4.91814000e-02  2.50090854e+00  3.74429015e+00  2.41436547e+00  2.41566081e+00 -3.37875952e-05 
 4.91864000e-02  2.50092121e+00  3.74302326e+00  2.41310854e+00  2.41432483e+00 -3.37967706e-05 
 4.91914000e-02  2.50093298e+00  3.74184229e+00  2.41193756e+00  2.41307359e+00 -3.38053269e-05 
 4.91964000e-02  2.50094382e+00  3.74074842e+00  2.41085372e+00  2.41190835e+00 -3.38132556e-05 
 4.92014000e-02  2.50095374e+00  3.73974275e+00  2.40985810e+00  2.41083027e+00 -3.38205486e-05 
 4.92064000e-02  2.50096271e+00  3.73882630e+00  2.40895170e+00  2.40984043e+00 -3.38271986e-05 
 4.92114000e-02  2.50097073e+00  3.73799998e+00  2.40813542e+00  2.40893983e+00 -3.38331988e-05 
 4.92164000e-02  2.50097780e+00  3.73726462e+00  2.40741010e+00  2.40812936e+00 -3.38385433e-05 
 4.92214000e-02  2.50098390e+00  3.73662097e+00  2.40677645e+00  2.40740986e+00 -3.38432266e-05 
 4.92264000e-02  2.50098903e+00  3.73606966e+00  2.40623512e+00  2.40678203e+00 -3.38472440e-05 
 4.92314000e-02  2.50099318e+00  3.73561124e+00  2.40578664e+00  2.40624651e+00 -3.38505915e-05 
 4.92364000e-02  2.50099635e+00  3.73524619e+00  2.40543147e+00  2.40580383e+00 -3.38532657e-05 
 4.92414000e-02  2.50099854e+00  3.73497487e+00  2.40516996e+00  2.40545445e+00 -3.38552638e-05 
 4.92464000e-02  2.50099974e+00  3.73479754e+00  2.40500238e+00  2.40519870e+00 -3.38565839e-05 
 4.92514000e-02  2.50099996e+00  3.73471439e+00  2.40492890e+00  2.40503685e+00 -3.38572246e-05 
 4.92564000e-02  2.50099919e+00  3.73472550e+00  2.40494958e+00  2.40496907e+00 -3.38571854e-05 
 4.92614000e-02  2.50099744e+00  3.73483085e+00  2.40506441e+00  2.40499541e+00 -3.38564661e-05 
 4.92664000e-02  2.50099470e+00  3.73503035e+00  2.40527327e+00  2.40511585e+00 -3.38550677e-05 
 4.92714000e-02  2.50099097e+00  3.73532379e+00  2.40557596e+00  2.40533027e+00 -3.38529914e-05 
 4.92764000e-02  2.50098627e+00  3.73571088e+00  2.40597216e+00  2.40563846e+00 -3.38502394e-05 
 4.92814000e-02  2.50098060e+00  3.73619123e+00  2.40646148e+00  2.40604010e+00 -3.38468145e-05 
 4.92864000e-02  2.50097396e+00  3.73676435e+00  2.40704344e+00  2.40653479e+00 -3.38427201e-05 
 4.92914000e-02  2.50096636e+00  3.73742967e+00  2.40771743e+00  2.40712204e+00 -3.38379603e-05 
 4.92964000e-02  2.50095780e+00  3.73818653e+00  2.40848280e+00  2.40780126e+00 -3.38325401e-05 
 4.93014000e-02  2.50094830e+00  3.73903415e+00  2.40933876e+00  2.40857176e+00 -3.38264647e-05 
 4.93064000e-02  2.50093786e+00  3.73997170e+00  2.41028446e+00  2.40943277e+00 -3.38197405e-05 
 4.93114000e-02  2.50092650e+00  3.74099822e+00  2.41131895e+00  2.41038342e+00 -3.38123740e-05 
 4.93164000e-02  2.50091423e+00  3.74211269e+00  2.41244120e+00  2.41142276e+00 -3.38043729e-05 
 4.93214000e-02  2.50090105e+00  3.74331399e+00  2.41365007e+00  2.41254976e+00 -3.37957451e-05 
 4.93264000e-02  2.50088698e+00  3.74460092e+00  2.41494435e+00  2.41376327e+00 -3.37864994e-05 
 4.93314000e-02  2.50087204e+00  3.74597218e+00  2.41632275e+00  2.41506207e+00 -3.37766451e-05 
 4.93364000e-02  2.50085623e+00  3.74742640e+00  2.41778388e+00  2.41644488e+00 -3.37661920e-05 
 4.93414000e-02  2.50083958e+00  3.74896211e+00  2.41932627e+00  2.41791029e+00 -3.37551509e-05 
 4.93464000e-02  2.50082210e+00  3.75057779e+00  2.42094839e+00  2.41945685e+00 -3.37435327e-05 
 4.93514000e-02  2.50080382e+00  3.75227180e+00  2.42264860e+00  2.42108299e+00 -3.37313491e-05 
 4.93564000e-02  2.50078473e+00  3.75404246e+00  2.42442519e+00  2.42278709e+00 -3.37186125e-05 
 4.93614000e-02  2.50076488e+00  3.75588798e+00  2.42627640e+00  2.42456744e+00 -3.37053357e-05 
 4.93664000e-02  2.50074426e+00  3.75780652e+00  2.42820036e+00  2.42642226e+00 -3.36915319e-05 
 4.93714000e-02  2.50072292e+00  3.75979615e+00  2.43019515e+00  2.42834969e+00 -3.36772152e-05 
 4.93764000e-02  2.50070086e+00  3.76185489e+00  2.43225877e+00  2.43034779e+00 -3.36623998e-05 
 4.93814000e-02  2.50067811e+00  3.76398068e+00  2.43438915e+00  2.43241458e+00 -3.36471008e-05 
 4.93864000e-02  2.50065469e+00  3.76617138e+00  2.43658417e+00  2.43454797e+00 -3.36313334e-05 
 4.93914000e-02  2.50063062e+00  3.76842480e+00  2.43884163e+00  2.43674584e+00 -3.36151134e-05 
 4.93964000e-02  2.50060593e+00  3.77073870e+00  2.44115927e+00  2.43900598e+00 -3.35984572e-05 
 4.94014000e-02  2.50058065e+00  3.77311076e+00  2.44353477e+00  2.44132614e+00 -3.35813815e-05 
 4.94064000e-02  2.50055479e+00  3.77553860e+00  2.44596576e+00  2.44370400e+00 -3.35639034e-05 
 4.94114000e-02  2.50052838e+00  3.77801981e+00  2.44844981e+00  2.44613718e+00 -3.35460404e-05 
 4.94164000e-02  2.50050145e+00  3.78055190e+00  2.45098444e+00  2.44862326e+00 -3.35278104e-05 
 4.94214000e-02  2.50047403e+00  3.78313235e+00  2.45356713e+00  2.45115974e+00 -3.35092316e-05 
 4.94264000e-02  2.50044614e+00  3.78575859e+00  2.45619529e+00  2.45374410e+00 -3.34903227e-05 
 4.94314000e-02  2.50041780e+00  3.78842799e+00  2.45886631e+00  2.45637375e+00 -3.34711025e-05 
 4.94364000e-02  2.50038906e+00  3.79113789e+00  2.46157752e+00  2.45904609e+00 -3.34515903e-05 
 4.94414000e-02  2.50035993e+00  3.79388560e+00  2.46432622e+00  2.46175844e+00 -3.34318055e-05 
 4.94464000e-02  2.50033045e+00  3.79666838e+00  2.46710968e+00  2.46450810e+00 -3.34117680e-05 
 4.94514000e-02  2.50030064e+00  3.79948346e+00  2.46992512e+00  2.46729234e+00 -3.33914976e-05 
 4.94564000e-02  2.50027053e+00  3.80232803e+00  2.47276975e+00  2.47010838e+00 -3.33710146e-05 
 4.94614000e-02  2.50024016e+00  3.80519928e+00  2.47564073e+00  2.47295342e+00 -3.33503394e-05 
 4.94664000e-02  2.50020955e+00  3.80809434e+00  2.47853521e+00  2.47582463e+00 -3.33294926e-05 
 4.94714000e-02  2.50017873e+00  3.81101035e+00  2.48145032e+00  2.47871917e+00 -3.33084948e-05 
 4.94764000e-02  2.50014774e+00  3.81394440e+00  2.48438317e+00  2.48163415e+00 -3.32873671e-05 
 4.94814000e-02  2.50011660e+00  3.81689359e+00  2.48733084e+00  2.48456669e+00 -3.32661303e-05 
 4.94864000e-02  2.50008535e+00  3.81985499e+00  2.49029042e+00  2.48751387e+00 -3.32448056e-05 
 4.94914000e-02  2.50005401e+00  3.82282568e+00  2.49325896e+00  2.49047277e+00 -3.32234140e-05 
 4.94964000e-02  2.50002262e+00  3.82580270e+00  2.49623354e+00  2.49344047e+00 -3.32019769e-05 
 4.95014000e-02  2.49999120e+00  3.82878311e+00  2.49921121e+00  2.49641401e+00 -3.31805154e-05 
 4.95064000e-02  2.49995980e+00  3.83176397e+00  2.50218902e+00  2.49939047e+00 -3.31590506e-05 
 4.95114000e-02  2.49992843e+00  3.83474233e+00  2.50516404e+00  2.50236690e+00 -3.31376040e-05 
 4.95164000e-02  2.49989714e+00  3.83771525e+00  2.50813332e+00  2.50534036e+00 -3.31161966e-05 
 4.95214000e-02  2.49986594e+00  3.84067979e+00  2.51109393e+00  2.50830791e+00 -3.30948495e-05 
 4.95264000e-02  2.49983488e+00  3.84363304e+00  2.51404296e+00  2.51126662e+00 -3.30735839e-05 
 4.95314000e-02  2.49980399e+00  3.84657207e+00  2.51697750e+00  2.51421357e+00 -3.30524205e-05 
 4.95364000e-02  2.49977328e+00  3.84949401e+00  2.51989466e+00  2.51714587e+00 -3.30313804e-05 
 4.95414000e-02  2.49974280e+00  3.85239596e+00  2.52279157e+00  2.52006062e+00 -3.30104840e-05 
 4.95464000e-02  2.49971257e+00  3.85527509e+00  2.52566538e+00  2.52295496e+00 -3.29897521e-05 
 4.95514000e-02  2.49968263e+00  3.85812856e+00  2.52851326e+00  2.52582604e+00 -3.29692049e-05 
 4.95564000e-02  2.49965300e+00  3.86095356e+00  2.53133243e+00  2.52867105e+00 -3.29488625e-05 
 4.95614000e-02  2.49962371e+00  3.86374734e+00  2.53412011e+00  2.53148718e+00 -3.29287449e-05 
 4.95664000e-02  2.49959479e+00  3.86650714e+00  2.53687358e+00  2.53427167e+00 -3.29088717e-05 
 4.95714000e-02  2.49956628e+00  3.86923027e+00  2.53959014e+00  2.53702180e+00 -3.28892624e-05 
 4.95764000e-02  2.49953819e+00  3.87191405e+00  2.54226712e+00  2.53973488e+00 -3.28699362e-05 
 4.95814000e-02  2.49951056e+00  3.87455588e+00  2.54490191e+00  2.54240824e+00 -3.28509118e-05 
 4.95864000e-02  2.49948341e+00  3.87715316e+00  2.54749194e+00  2.54503927e+00 -3.28322078e-05 
 4.95914000e-02  2.49945677e+00  3.87970335e+00  2.55003468e+00  2.54762541e+00 -3.28138425e-05 
 4.95964000e-02  2.49943066e+00  3.88220398e+00  2.55252764e+00  2.55016412e+00 -3.27958337e-05 
 4.96014000e-02  2.49940512e+00  3.88465260e+00  2.55496839e+00  2.55265293e+00 -3.27781989e-05 
 4.96064000e-02  2.49938017e+00  3.88704682e+00  2.55735456e+00  2.55508942e+00 -3.27609551e-05 
 4.96114000e-02  2.49935582e+00  3.88938432e+00  2.55968383e+00  2.55747121e+00 -3.27441193e-05 
 4.96164000e-02  2.49933212e+00  3.89166282e+00  2.56195392e+00  2.55979598e+00 -3.27277075e-05 
 4.96214000e-02  2.49930907e+00  3.89388011e+00  2.56416263e+00  2.56206146e+00 -3.27117358e-05 
 4.96264000e-02  2.49928670e+00  3.89603403e+00  2.56630783e+00  2.56426547e+00 -3.26962196e-05 
 4.96314000e-02  2.49926504e+00  3.89812249e+00  2.56838741e+00  2.56640585e+00 -3.26811739e-05 
 4.96364000e-02  2.49924410e+00  3.90014347e+00  2.57039938e+00  2.56848053e+00 -3.26666132e-05 
 4.96414000e-02  2.49922391e+00  3.90209500e+00  2.57234177e+00  2.57048750e+00 -3.26525516e-05 
 4.96464000e-02  2.49920448e+00  3.90397520e+00  2.57421270e+00  2.57242482e+00 -3.26390025e-05 
 4.96514000e-02  2.49918584e+00  3.90578225e+00  2.57601037e+00  2.57429059e+00 -3.26259792e-05 
 4.96564000e-02  2.49916801e+00  3.90751439e+00  2.57773304e+00  2.57608303e+00 -3.26134940e-05 
 4.96614000e-02  2.49915099e+00  3.90916996e+00  2.57937903e+00  2.57780039e+00 -3.26015590e-05 
 4.96664000e-02  2.49913481e+00  3.91074735e+00  2.58094677e+00  2.57944102e+00 -3.25901857e-05 
 4.96714000e-02  2.49911949e+00  3.91224505e+00  2.58243473e+00  2.58100333e+00 -3.25793850e-05 
 4.96764000e-02  2.49910503e+00  3.91366160e+00  2.58384148e+00  2.58248581e+00 -3.25691672e-05 
 4.96814000e-02  2.49909146e+00  3.91499563e+00  2.58516567e+00  2.58388704e+00 -3.25595422e-05 
 4.96864000e-02  2.49907879e+00  3.91624587e+00  2.58640601e+00  2.58520565e+00 -3.25505192e-05 
 4.96914000e-02  2.49906702e+00  3.91741111e+00  2.58756131e+00  2.58644038e+00 -3.25421067e-05 
 4.96964000e-02  2.49905618e+00  3.91849022e+00  2.58863046e+00  2.58759004e+00 -3.25343130e-05 
 4.97014000e-02  2.49904626e+00  3.91948216e+00  2.58961243e+00  2.58865352e+00 -3.25271454e-05 
 4.97064000e-02  2.49903729e+00  3.92038599e+00  2.59050628e+00  2.58962979e+00 -3.25206107e-05 
 4.97114000e-02  2.49902927e+00  3.92120083e+00  2.59131114e+00  2.59051793e+00 -3.25147154e-05 
 4.97164000e-02  2.49902220e+00  3.92192589e+00  2.59202623e+00  2.59131706e+00 -3.25094648e-05 
 4.97214000e-02  2.49901610e+00  3.92256049e+00  2.59265089e+00  2.59202644e+00 -3.25048642e-05 
 4.97264000e-02  2.49901097e+00  3.92310400e+00  2.59318449e+00  2.59264536e+00 -3.25009178e-05 
 4.97314000e-02  2.49900682e+00  3.92355591e+00  2.59362653e+00  2.59317324e+00 -3.24976295e-05 
 4.97364000e-02  2.49900365e+00  3.92391579e+00  2.59397659e+00  2.59360958e+00 -3.24950024e-05 
 4.97414000e-02  2.49900146e+00  3.92418328e+00  2.59423433e+00  2.59395394e+00 -3.24930390e-05 
 4.97464000e-02  2.49900026e+00  3.92435813e+00  2.59439949e+00  2.59420600e+00 -3.24917412e-05 
 4.97514000e-02  2.49900004e+00  3.92444017e+00  2.59447193e+00  2.59436552e+00 -3.24911101e-05 
 4.97564000e-02  2.49900081e+00  3.92442932e+00  2.59445157e+00  2.59443235e+00 -3.24911465e-05 
 4.97614000e-02  2.49900256e+00  3.92432560e+00  2.59433844e+00  2.59440641e+00 -3.24918503e-05 
 4.97664000e-02  2.49900530e+00  3.92412910e+00  2.59413263e+00  2.59428775e+00 -3.24932209e-05 
 4.97714000e-02  2.49900903e+00  3.92384001e+00  2.59383435e+00  2.59407646e+00 -3.24952568e-05 
 4.97764000e-02  2.49901373e+00  3.92345861e+00  2.59344389e+00  2.59377275e+00 -3.24979563e-05 
 4.97814000e-02  2.49901940e+00  3.92298526e+00  2.59296162e+00  2.59337692e+00 -3.25013166e-05 
 4.97864000e-02  2.49902604e+00  3.92242042e+00  2.59238800e+00  2.59288934e+00 -3.25053347e-05 
 4.97914000e-02  2.49903364e+00  3.92176463e+00  2.59172358e+00  2.59231049e+00 -3.25100066e-05 
 4.97964000e-02  2.49904220e+00  3.92101852e+00  2.59096901e+00  2.59164091e+00 -3.25153280e-05 
 4.98014000e-02  2.49905170e+00  3.92018282e+00  2.59012501e+00  2.59088126e+00 -3.25212937e-05 
 4.98064000e-02  2.49906214e+00  3.91925831e+00  2.58919239e+00  2.59003226e+00 -3.25278980e-05 
 4.98114000e-02  2.49907350e+00  3.91824590e+00  2.58817204e+00  2.58909473e+00 -3.25351347e-05 
 4.98164000e-02  2.49908577e+00  3.91714655e+00  2.58706496e+00  2.58806957e+00 -3.25429969e-05 
 4.98214000e-02  2.49909895e+00  3.91596133e+00  2.58587220e+00  2.58695777e+00 -3.25514769e-05 
 4.98264000e-02  2.49911302e+00  3.91469138e+00  2.58459492e+00  2.58576040e+00 -3.25605667e-05 
 4.98314000e-02  2.49912796e+00  3.91333791e+00  2.58323435e+00  2.58447862e+00 -3.25702576e-05 
 4.98364000e-02  2.49914377e+00  3.91190224e+00  2.58179179e+00  2.58311365e+00 -3.25805403e-05 
 4.98414000e-02  2.49916042e+00  3.91038575e+00  2.58026864e+00  2.58166682e+00 -3.25914050e-05 
 4.98464000e-02  2.49917790e+00  3.90878990e+00  2.57866638e+00  2.58013952e+00 -3.26028412e-05 
 4.98514000e-02  2.49919618e+00  3.90711624e+00  2.57698654e+00  2.57853323e+00 -3.26148379e-05 
 4.98564000e-02  2.49921527e+00  3.90536638e+00  2.57523075e+00  2.57684949e+00 -3.26273837e-05 
 4.98614000e-02  2.49923512e+00  3.90354201e+00  2.57340071e+00  2.57508994e+00 -3.26404664e-05 
 4.98664000e-02  2.49925574e+00  3.90164491e+00  2.57149819e+00  2.57325627e+00 -3.26540735e-05 
 4.98714000e-02  2.49927708e+00  3.89967690e+00  2.56952504e+00  2.57135026e+00 -3.26681918e-05 
 4.98764000e-02  2.49929914e+00  3.89763989e+00  2.56748316e+00  2.56937376e+00 -3.26828078e-05 
 4.98814000e-02  2.49932189e+00  3.89553585e+00  2.56537453e+00  2.56732868e+00 -3.26979074e-05 
 4.98864000e-02  2.49934531e+00  3.89336684e+00  2.56320120e+00  2.56521700e+00 -3.27134759e-05 
 4.98914000e-02  2.49936938e+00  3.89113495e+00  2.56096527e+00  2.56304077e+00 -3.27294983e-05 
 4.98964000e-02  2.49939407e+00  3.88884236e+00  2.55866893e+00  2.56080211e+00 -3.27459592e-05 
 4.99014000e-02  2.49941935e+00  3.88649128e+00  2.55631441e+00  2.55850320e+00 -3.27628425e-05 
 4.99064000e-02  2.49944521e+00  3.88408402e+00  2.55390399e+00  2.55614625e+00 -3.27801320e-05 
 4.99114000e-02  2.49947162e+00  3.88162290e+00  2.55144002e+00  2.55373358e+00 -3.27978108e-05 
 4.99164000e-02  2.49949855e+00  3.87911034e+00  2.54892491e+00  2.55126753e+00 -3.28158618e-05 
 4.99214000e-02  2.49952597e+00  3.87654878e+00  2.54636110e+00  2.54875050e+00 -3.28342674e-05 
 4.99264000e-02  2.49955386e+00  3.87394073e+00  2.54375111e+00  2.54618495e+00 -3.28530097e-05 
 4.99314000e-02  2.49958220e+00  3.87128872e+00  2.54109747e+00  2.54357338e+00 -3.28720705e-05 
 4.99364000e-02  2.49961094e+00  3.86859535e+00  2.53840278e+00  2.54091834e+00 -3.28914312e-05 
 4.99414000e-02  2.49964007e+00  3.86586327e+00  2.53566969e+00  2.53822244e+00 -3.29110729e-05 
 4.99464000e-02  2.49966955e+00  3.86309513e+00  2.53290086e+00  2.53548829e+00 -3.29309764e-05 
 4.99514000e-02  2.49969936e+00  3.86029365e+00  2.53009900e+00  2.53271860e+00 -3.29511223e-05 
 4.99564000e-02  2.49972947e+00  3.85746159e+00  2.52726687e+00  2.52991605e+00 -3.29714907e-05 
 4.99614000e-02  2.49975984e+00  3.85460172e+00  2.52440725e+00  2.52708342e+00 -3.29920619e-05 
 4.99664000e-02  2.49979045e+00  3.85171684e+00  2.52152293e+00  2.52422347e+00 -3.30128155e-05 
 4.99714000e-02  2.49982127e+00  3.84880980e+00  2.51861677e+00  2.52133901e+00 -3.30337313e-05 
 4.99764000e-02  2.49985226e+00  3.84588345e+00  2.51569161e+00  2.51843288e+00 -3.30547886e-05 
 4.99814000e-02  2.49988340e+00  3.84294067e+00  2.51275033e+00  2.51550794e+00 -3.30759668e-05 
 4.99864000e-02  2.49991465e+00  3.83998436e+00  2.50979584e+00  2.51256707e+00 -3.30972451e-05 
 4.99914000e-02  2.49994599e+00  3.83701744e+00  2.50683104e+00  2.50961316e+00 -3.31186024e-05 
 4.99964000e-02  2.49997738e+00  3.83404283e+00  2.50385886e+00  2.50664913e+00 -3.31400177e-05 
 5.00014000e-02  2.50000880e+00  3.83106347e+00  2.50088223e+00  2.50367789e+00 -3.31614699e-05 
 5.00064000e-02  2.50004020e+00  3.82808229e+00  2.49790410e+00  2.50070239e+00 -3.31829377e-05 
 5.00114000e-02  2.50007157e+00  3.82510226e+00  2.49492740e+00  2.49772555e+00 -3.32044000e-05 
 5.00164000e-02  2.50010286e+00  3.82212631e+00  2.49195508e+00  2.49475033e+00 -3.32258354e-05 
 5.00214000e-02  2.50013406e+00  3.81915739e+00  2.48899008e+00  2.49177967e+00 -3.32472229e-05 
 5.00264000e-02  2.50016512e+00  3.81619844e+00  2.48603535e+00  2.48881651e+00 -3.32685411e-05 
 5.00314000e-02  2.50019601e+00  3.81325240e+00  2.48309380e+00  2.48586377e+00 -3.32897689e-05 
 5.00364000e-02  2.50022672e+00  3.81032218e+00  2.48016835e+00  2.48292440e+00 -3.33108853e-05 
 5.00414000e-02  2.50025720e+00  3.80741069e+00  2.47726192e+00  2.48000130e+00 -3.33318693e-05 
 5.00464000e-02  2.50028743e+00  3.80452082e+00  2.47437737e+00  2.47709737e+00 -3.33526999e-05 
 5.00514000e-02  2.50031737e+00  3.80165545e+00  2.47151759e+00  2.47421550e+00 -3.33733566e-05 
 5.00564000e-02  2.50034700e+00  3.79881742e+00  2.46868540e+00  2.47135855e+00 -3.33938186e-05 
 5.00614000e-02  2.50037629e+00  3.79600955e+00  2.46588363e+00  2.46852936e+00 -3.34140657e-05 
 5.00664000e-02  2.50040521e+00  3.79323464e+00  2.46311507e+00  2.46573074e+00 -3.34340775e-05 
 5.00714000e-02  2.50043372e+00  3.79049544e+00  2.46038247e+00  2.46296548e+00 -3.34538343e-05 
 5.00764000e-02  2.50046181e+00  3.78779470e+00  2.45768855e+00  2.46023633e+00 -3.34733161e-05 
 5.00814000e-02  2.50048944e+00  3.78513509e+00  2.45503599e+00  2.45754601e+00 -3.34925037e-05 
 5.00864000e-02  2.50051659e+00  3.78251928e+00  2.45242745e+00  2.45489720e+00 -3.35113777e-05 
 5.00914000e-02  2.50054323e+00  3.77994986e+00  2.44986553e+00  2.45229254e+00 -3.35299193e-05 
 5.00964000e-02  2.50056934e+00  3.77742941e+00  2.44735277e+00  2.44973463e+00 -3.35481100e-05 
 5.01014000e-02  2.50059488e+00  3.77496043e+00  2.44489169e+00  2.44722602e+00 -3.35659316e-05 
 5.01064000e-02  2.50061983e+00  3.77254540e+00  2.44248475e+00  2.44476921e+00 -3.35833661e-05 
 5.01114000e-02  2.50064418e+00  3.77018673e+00  2.44013435e+00  2.44236667e+00 -3.36003961e-05 
 5.01164000e-02  2.50066788e+00  3.76788677e+00  2.43784283e+00  2.44002078e+00 -3.36170046e-05 
 5.01214000e-02  2.50069093e+00  3.76564782e+00  2.43561250e+00  2.43773390e+00 -3.36331748e-05 
 5.01264000e-02  2.50071330e+00  3.76347213e+00  2.43344558e+00  2.43550830e+00 -3.36488906e-05 
 5.01314000e-02  2.50073496e+00  3.76136186e+00  2.43134424e+00  2.43334622e+00 -3.36641361e-05 
 5.01364000e-02  2.50075590e+00  3.75931914e+00  2.42931058e+00  2.43124982e+00 -3.36788960e-05 
 5.01414000e-02  2.50077609e+00  3.75734600e+00  2.42734664e+00  2.42922120e+00 -3.36931556e-05 
 5.01464000e-02  2.50079552e+00  3.75544442e+00  2.42545438e+00  2.42726239e+00 -3.37069005e-05 
 5.01514000e-02  2.50081416e+00  3.75361631e+00  2.42363570e+00  2.42537534e+00 -3.37201168e-05 
 5.01564000e-02  2.50083199e+00  3.75186350e+00  2.42189243e+00  2.42356195e+00 -3.37327912e-05 
 5.01614000e-02  2.50084901e+00  3.75018774e+00  2.42022630e+00  2.42182404e+00 -3.37449111e-05 
 5.01664000e-02  2.50086519e+00  3.74859072e+00  2.41863899e+00  2.42016335e+00 -3.37564642e-05 
 5.01714000e-02  2.50088051e+00  3.74707403e+00  2.41713209e+00  2.41858154e+00 -3.37674388e-05 
 5.01764000e-02  2.50089497e+00  3.74563919e+00  2.41570712e+00  2.41708020e+00 -3.37778239e-05 
 5.01814000e-02  2.50090854e+00  3.74428765e+00  2.41436549e+00  2.41566083e+00 -3.37876091e-05 
 5.01864000e-02  2.50092121e+00  3.74302075e+00  2.41310856e+00  2.41432485e+00 -3.37967845e-05 
 5.01914000e-02  2.50093298e+00  3.74183978e+00  2.41193759e+00  2.41307362e+00 -3.38053409e-05 
 5.01964000e-02  2.50094382e+00  3.74074592e+00  2.41085375e+00  2.41190837e+00 -3.38132695e-05 
 5.02014000e-02  2.50095374e+00  3.73974025e+00  2.40985813e+00  2.41083029e+00 -3.38205625e-05 
 5.02064000e-02  2.50096271e+00  3.73882380e+00  2.40895173e+00  2.40984045e+00 -3.38272125e-05 
 5.02114000e-02  2.50097073e+00  3.73799749e+00  2.40813545e+00  2.40893985e+00 -3.38332127e-05 
 5.02164000e-02  2.50097780e+00  3.73726213e+00  2.40741013e+00  2.40812939e+00 -3.38385572e-05 
 5.02214000e-02  2.50098390e+00  3.73661847e+00  2.40677648e+00  2.40740989e+00 -3.38432405e-05 
 5.02264000e-02  2.50098903e+00  3.73606716e+00  2.40623515e+00  2.40678206e+00 -3.38472579e-05 
 5.02314000e-02  2.50099318e+00  3.73560875e+00  2.40578668e+00  2.40624654e+00 -3.38506054e-05 
 5.02364000e-02  2.50099635e+00  3.73524370e+00  2.40543151e+00  2.40580387e+00 -3.38532795e-05 
 5.02414000e-02  2.50099854e+00  3.73497238e+00  2.40517000e+00  2.40545448e+00 -3.38552776e-05 
 5.02464000e-02  2.50099974e+00  3.73479505e+00  2.40500242e+00  2.40519874e+00 -3.38565977e-05 
 5.02514000e-02  2.50099996e+00  3.73471190e+00  2.40492894e+00  2.40503689e+00 -3.38572384e-05 
 5.02564000e-02  2.50099919e+00  3.73472301e+00  2.40494962e+00  2.40496911e+00 -3.38571992e-05 
 5.02614000e-02  2.50099744e+00  3.73482837e+00  2.40506446e+00  2.40499545e+00 -3.38564799e-05 
 5.02664000e-02  2.50099470e+00  3.73502787e+00  2.40527332e+00  2.40511589e+00 -3.38550815e-05 
 5.02714000e-02  2.50099097e+00  3.73532132e+00  2.40557601e+00  2.40533032e+00 -3.38530052e-05 
 5.02764000e-02  2.50098627e+00  3.73570841e+00  2.40597221e+00  2.40563851e+00 -3.38502532e-05 
 5.02814000e-02  2.50098060e+00  3.73618876e+00  2.40646154e+00  2.40604015e+00 -3.38468282e-05 
 5.02864000e-02  2.50097396e+00  3.73676188e+00  2.40704349e+00  2.40653485e+00 -3.38427338e-05 
 5.02914000e-02  2.50096636e+00  3.73742720e+00  2.40771749e+00  2.40712210e+00 -3.38379741e-05 
 5.02964000e-02  2.50095780e+00  3.73818406e+00  2.40848285e+00  2.40780131e+00 -3.38325538e-05 
 5.03014000e-02  2.50094830e+00  3.73903168e+00  2.40933882e+00  2.40857181e+00 -3.38264784e-05 
 5.03064000e-02  2.50093786e+00  3.73996923e+00  2.41028452e+00  2.40943282e+00 -3.38197541e-05 
 5.03114000e-02  2.50092650e+00  3.74099575e+00  2.41131902e+00  2.41038348e+00 -3.38123877e-05 
 5.03164000e-02  2.50091423e+00  3.74211023e+00  2.41244126e+00  2.41142283e+00 -3.38043865e-05 
 5.03214000e-02  2.50090105e+00  3.74331153e+00  2.41365013e+00  2.41254982e+00 -3.37957588e-05 
 5.03264000e-02  2.50088698e+00  3.74459846e+00  2.41494442e+00  2.41376333e+00 -3.37865130e-05 
 5.03314000e-02  2.50087204e+00  3.74596972e+00  2.41632282e+00  2.41506214e+00 -3.37766587e-05 
 5.03364000e-02  2.50085623e+00  3.74742394e+00  2.41778395e+00  2.41644495e+00 -3.37662056e-05 
 5.03414000e-02  2.50083958e+00  3.74895966e+00  2.41932635e+00  2.41791036e+00 -3.37551644e-05 
 5.03464000e-02  2.50082210e+00  3.75057533e+00  2.42094846e+00  2.41945692e+00 -3.37435462e-05 
 5.03514000e-02  2.50080382e+00  3.75226935e+00  2.42264867e+00  2.42108306e+00 -3.37313627e-05 
 5.03564000e-02  2.50078473e+00  3.75404001e+00  2.42442527e+00  2.42278717e+00 -3.37186261e-05 
 5.03614000e-02  2.50076488e+00  3.75588553e+00  2.42627648e+00  2.42456752e+00 -3.37053492e-05 
 5.03664000e-02  2.50074426e+00  3.75780407e+00  2.42820044e+00  2.42642234e+00 -3.36915454e-05 
 5.03714000e-02  2.50072292e+00  3.75979371e+00  2.43019523e+00  2.42834977e+00 -3.36772287e-05 
 5.03764000e-02  2.50070086e+00  3.76185245e+00  2.43225885e+00  2.43034788e+00 -3.36624133e-05 
 5.03814000e-02  2.50067811e+00  3.76397824e+00  2.43438924e+00  2.43241466e+00 -3.36471143e-05 
 5.03864000e-02  2.50065469e+00  3.76616894e+00  2.43658426e+00  2.43454806e+00 -3.36313468e-05 
 5.03914000e-02  2.50063062e+00  3.76842237e+00  2.43884172e+00  2.43674593e+00 -3.36151269e-05 
 5.03964000e-02  2.50060593e+00  3.77073627e+00  2.44115936e+00  2.43900607e+00 -3.35984707e-05 
 5.04014000e-02  2.50058065e+00  3.77310832e+00  2.44353486e+00  2.44132624e+00 -3.35813949e-05 
 5.04064000e-02  2.50055479e+00  3.77553617e+00  2.44596585e+00  2.44370410e+00 -3.35639168e-05 
 5.04114000e-02  2.50052838e+00  3.77801738e+00  2.44844991e+00  2.44613728e+00 -3.35460538e-05 
 5.04164000e-02  2.50050145e+00  3.78054947e+00  2.45098454e+00  2.44862335e+00 -3.35278238e-05 
 5.04214000e-02  2.50047403e+00  3.78312993e+00  2.45356723e+00  2.45115984e+00 -3.35092450e-05 
 5.04264000e-02  2.50044614e+00  3.78575616e+00  2.45619540e+00  2.45374420e+00 -3.34903360e-05 
 5.04314000e-02  2.50041780e+00  3.78842557e+00  2.45886642e+00  2.45637386e+00 -3.34711159e-05 
 5.04364000e-02  2.50038906e+00  3.79113547e+00  2.46157763e+00  2.45904619e+00 -3.34516036e-05 
 5.04414000e-02  2.50035993e+00  3.79388318e+00  2.46432633e+00  2.46175855e+00 -3.34318188e-05 
 5.04464000e-02  2.50033045e+00  3.79666596e+00  2.46710979e+00  2.46450821e+00 -3.34117813e-05 
 5.04514000e-02  2.50030064e+00  3.79948104e+00  2.46992523e+00  2.46729245e+00 -3.33915109e-05 
 5.04564000e-02  2.50027053e+00  3.80232562e+00  2.47276986e+00  2.47010849e+00 -3.33710278e-05 
 5.04614000e-02  2.50024016e+00  3.80519687e+00  2.47564084e+00  2.47295353e+00 -3.33503526e-05 
 5.04664000e-02  2.50020955e+00  3.80809193e+00  2.47853533e+00  2.47582475e+00 -3.33295058e-05 
 5.04714000e-02  2.50017873e+00  3.81100794e+00  2.48145044e+00  2.47871929e+00 -3.33085080e-05 
 5.04764000e-02  2.50014774e+00  3.81394200e+00  2.48438329e+00  2.48163427e+00 -3.32873803e-05 
 5.04814000e-02  2.50011660e+00  3.81689119e+00  2.48733096e+00  2.48456681e+00 -3.32661435e-05 
 5.04864000e-02  2.50008535e+00  3.81985259e+00  2.49029054e+00  2.48751399e+00 -3.32448187e-05 
 5.04914000e-02  2.50005401e+00  3.82282328e+00  2.49325909e+00  2.49047290e+00 -3.32234272e-05 
 5.04964000e-02  2.50002262e+00  3.82580030e+00  2.49623367e+00  2.49344059e+00 -3.32019900e-05 
 5.05014000e-02  2.49999120e+00  3.82878072e+00  2.49921134e+00  2.49641415e+00 -3.31805285e-05 
 5.05064000e-02  2.49995980e+00  3.83176158e+00  2.50218916e+00  2.49939061e+00 -3.31590637e-05 
 5.05114000e-02  2.49992843e+00  3.83473994e+00  2.50516418e+00  2.50236704e+00 -3.31376171e-05 
 5.05164000e-02  2.49989714e+00  3.83771286e+00  2.50813346e+00  2.50534049e+00 -3.31162096e-05 
 5.05214000e-02  2.49986594e+00  3.84067741e+00  2.51109407e+00  2.50830804e+00 -3.30948626e-05 
 5.05264000e-02  2.49983488e+00  3.84363065e+00  2.51404310e+00  2.51126676e+00 -3.30735969e-05 
 5.05314000e-02  2.49980399e+00  3.84656969e+00  2.51697765e+00  2.51421371e+00 -3.30524335e-05 
 5.05364000e-02  2.49977328e+00  3.84949163e+00  2.51989481e+00  2.51714601e+00 -3.30313934e-05 
 5.05414000e-02  2.49974280e+00  3.85239359e+00  2.52279172e+00  2.52006077e+00 -3.30104970e-05 
 5.05464000e-02  2.49971257e+00  3.85527272e+00  2.52566553e+00  2.52295511e+00 -3.29897651e-05 
 5.05514000e-02  2.49968263e+00  3.85812618e+00  2.52851341e+00  2.52582619e+00 -3.29692178e-05 
 5.05564000e-02  2.49965300e+00  3.86095119e+00  2.53133258e+00  2.52867120e+00 -3.29488754e-05 
 5.05614000e-02  2.49962371e+00  3.86374497e+00  2.53412027e+00  2.53148733e+00 -3.29287578e-05 
 5.05664000e-02  2.49959479e+00  3.86650477e+00  2.53687374e+00  2.53427183e+00 -3.29088846e-05 
 5.05714000e-02  2.49956628e+00  3.86922790e+00  2.53959030e+00  2.53702196e+00 -3.28892753e-05 
 5.05764000e-02  2.49953819e+00  3.87191169e+00  2.54226728e+00  2.53973504e+00 -3.28699491e-05 
 5.05814000e-02  2.49951056e+00  3.87455352e+00  2.54490208e+00  2.54240840e+00 -3.28509247e-05 
 5.05864000e-02  2.49948341e+00  3.87715080e+00  2.54749211e+00  2.54503944e+00 -3.28322207e-05 
 5.05914000e-02  2.49945677e+00  3.87970100e+00  2.55003484e+00  2.54762557e+00 -3.28138554e-05 
 5.05964000e-02  2.49943066e+00  3.88220163e+00  2.55252780e+00  2.55016429e+00 -3.27958465e-05 
 5.06014000e-02  2.49940512e+00  3.88465025e+00  2.55496856e+00  2.55265310e+00 -3.27782117e-05 
 5.06064000e-02  2.49938017e+00  3.88704447e+00  2.55735473e+00  2.55508959e+00 -3.27609679e-05 
 5.06114000e-02  2.49935582e+00  3.88938197e+00  2.55968400e+00  2.55747138e+00 -3.27441320e-05 
 5.06164000e-02  2.49933212e+00  3.89166047e+00  2.56195410e+00  2.55979615e+00 -3.27277203e-05 
 5.06214000e-02  2.49930907e+00  3.89387776e+00  2.56416281e+00  2.56206164e+00 -3.27117486e-05 
 5.06264000e-02  2.49928670e+00  3.89603168e+00  2.56630801e+00  2.56426565e+00 -3.26962324e-05 
 5.06314000e-02  2.49926504e+00  3.89812015e+00  2.56838759e+00  2.56640603e+00 -3.26811866e-05 
 5.06364000e-02  2.49924410e+00  3.90014113e+00  2.57039956e+00  2.56848072e+00 -3.26666259e-05 
 5.06414000e-02  2.49922391e+00  3.90209266e+00  2.57234195e+00  2.57048769e+00 -3.26525643e-05 
 5.06464000e-02  2.49920448e+00  3.90397286e+00  2.57421289e+00  2.57242500e+00 -3.26390152e-05 
 5.06514000e-02  2.49918584e+00  3.90577991e+00  2.57601056e+00  2.57429078e+00 -3.26259918e-05 
 5.06564000e-02  2.49916801e+00  3.90751206e+00  2.57773323e+00  2.57608322e+00 -3.26135066e-05 
 5.06614000e-02  2.49915099e+00  3.90916763e+00  2.57937923e+00  2.57780059e+00 -3.26015716e-05 
 5.06664000e-02  2.49913481e+00  3.91074502e+00  2.58094696e+00  2.57944122e+00 -3.25901983e-05 
 5.06714000e-02  2.49911949e+00  3.91224272e+00  2.58243493e+00  2.58100353e+00 -3.25793976e-05 
 5.06764000e-02  2.49910503e+00  3.91365927e+00  2.58384168e+00  2.58248601e+00 -3.25691798e-05 
 5.06814000e-02  2.49909146e+00  3.91499331e+00  2.58516587e+00  2.58388723e+00 -3.25595548e-05 
 5.06864000e-02  2.49907879e+00  3.91624355e+00  2.58640621e+00  2.58520585e+00 -3.25505317e-05 
 5.06914000e-02  2.49906702e+00  3.91740879e+00  2.58756151e+00  2.58644058e+00 -3.25421193e-05 
 5.06964000e-02  2.49905618e+00  3.91848790e+00  2.58863067e+00  2.58759024e+00 -3.25343255e-05 
 5.07014000e-02  2.49904626e+00  3.91947985e+00  2.58961264e+00  2.58865372e+00 -3.25271579e-05 
 5.07064000e-02  2.49903729e+00  3.92038367e+00  2.59050649e+00  2.58963000e+00 -3.25206233e-05 
 5.07114000e-02  2.49902927e+00  3.92119851e+00  2.59131135e+00  2.59051814e+00 -3.25147278e-05 
 5.07164000e-02  2.49902220e+00  3.92192358e+00  2.59202645e+00  2.59131728e+00 -3.25094773e-05 
 5.07214000e-02  2.49901610e+00  3.92255818e+00  2.59265110e+00  2.59202665e+00 -3.25048767e-05 
 5.07264000e-02  2.49901097e+00  3.92310169e+00  2.59318470e+00  2.59264557e+00 -3.25009303e-05 
 5.07314000e-02  2.49900682e+00  3.92355361e+00  2.59362675e+00  2.59317346e+00 -3.24976420e-05 
 5.07364000e-02  2.49900365e+00  3.92391348e+00  2.59397681e+00  2.59360979e+00 -3.24950148e-05 
 5.07414000e-02  2.49900146e+00  3.92418097e+00  2.59423455e+00  2.59395416e+00 -3.24930514e-05 
 5.07464000e-02  2.49900026e+00  3.92435582e+00  2.59439971e+00  2.59420622e+00 -3.24917536e-05 
 5.07514000e-02  2.49900004e+00  3.92443787e+00  2.59447215e+00  2.59436574e+00 -3.24911225e-05 
 5.07564000e-02  2.49900081e+00  3.92442702e+00  2.59445180e+00  2.59443257e+00 -3.24911589e-05 
 5.07614000e-02  2.49900256e+00  3.92432330e+00  2.59433866e+00  2.59440664e+00 -3.24918627e-05 
 5.07664000e-02  2.49900530e+00  3.92412680e+00  2.59413286e+00  2.59428797e+00 -3.24932332e-05 
 5.07714000e-02  2.49900903e+00  3.92383771e+00  2.59383458e+00  2.59407668e+00 -3.24952692e-05 
 5.07764000e-02  2.49901373e+00  3.92345631e+00  2.59344412e+00  2.59377298e+00 -3.24979686e-05 
 5.07814000e-02  2.49901940e+00  3.92298296e+00  2.59296185e+00  2.59337715e+00 -3.25013289e-05 
 5.07864000e-02  2.49902604e+00  3.92241813e+00  2.59238823e+00  2.59288957e+00 -3.25053470e-05 
 5.07914000e-02  2.49903364e+00  3.92176234e+00  2.59172382e+00  2.59231072e+00 -3.25100189e-05 
 5.07964000e-02  2.49904220e+00  3.92101624e+00  2.59096925e+00  2.59164114e+00 -3.25153403e-05 
 5.08014000e-02  2.49905170e+00  3.92018053e+00  2.59012525e+00  2.59088149e+00 -3.25213060e-05 
 5.08064000e-02  2.49906214e+00  3.91925603e+00  2.58919262e+00  2.59003249e+00 -3.25279103e-05 
 5.08114000e-02  2.49907350e+00  3.91824361e+00  2.58817228e+00  2.58909497e+00 -3.25351470e-05 
 5.08164000e-02  2.49908577e+00  3.91714427e+00  2.58706520e+00  2.58806981e+00 -3.25430091e-05 
 5.08214000e-02  2.49909895e+00  3.91595905e+00  2.58587245e+00  2.58695801e+00 -3.25514891e-05 
 5.08264000e-02  2.49911302e+00  3.91468909e+00  2.58459517e+00  2.58576065e+00 -3.25605790e-05 
 5.08314000e-02  2.49912796e+00  3.91333563e+00  2.58323459e+00  2.58447886e+00 -3.25702699e-05 
 5.08364000e-02  2.49914377e+00  3.91189996e+00  2.58179204e+00  2.58311390e+00 -3.25805526e-05 
 5.08414000e-02  2.49916042e+00  3.91038347e+00  2.58026889e+00  2.58166707e+00 -3.25914172e-05 
 5.08464000e-02  2.49917790e+00  3.90878763e+00  2.57866663e+00  2.58013977e+00 -3.26028534e-05 
 5.08514000e-02  2.49919618e+00  3.90711397e+00  2.57698679e+00  2.57853348e+00 -3.26148501e-05 
 5.08564000e-02  2.49921527e+00  3.90536411e+00  2.57523100e+00  2.57684974e+00 -3.26273959e-05 
 5.08614000e-02  2.49923512e+00  3.90353974e+00  2.57340097e+00  2.57509019e+00 -3.26404786e-05 
 5.08664000e-02  2.49925574e+00  3.90164264e+00  2.57149845e+00  2.57325652e+00 -3.26540857e-05 
 5.08714000e-02  2.49927708e+00  3.89967463e+00  2.56952529e+00  2.57135051e+00 -3.26682040e-05 
 5.08764000e-02  2.49929914e+00  3.89763762e+00  2.56748341e+00  2.56937401e+00 -3.26828200e-05 
 5.08814000e-02  2.49932189e+00  3.89553359e+00  2.56537478e+00  2.56732893e+00 -3.26979195e-05 
 5.08864000e-02  2.49934531e+00  3.89336458e+00  2.56320145e+00  2.56521726e+00 -3.27134880e-05 
 5.08914000e-02  2.49936938e+00  3.89113269e+00  2.56096553e+00  2.56304103e+00 -3.27295105e-05 
 5.08964000e-02  2.49939407e+00  3.88884009e+00  2.55866920e+00  2.56080237e+00 -3.27459713e-05 
 5.09014000e-02  2.49941935e+00  3.88648902e+00  2.55631467e+00  2.55850346e+00 -3.27628547e-05 
 5.09064000e-02  2.49944521e+00  3.88408175e+00  2.55390425e+00  2.55614652e+00 -3.27801441e-05 
 5.09114000e-02  2.49947162e+00  3.88162064e+00  2.55144029e+00  2.55373385e+00 -3.27978229e-05 
 5.09164000e-02  2.49949855e+00  3.87910808e+00  2.54892518e+00  2.55126779e+00 -3.28158739e-05 
 5.09214000e-02  2.49952597e+00  3.87654653e+00  2.54636137e+00  2.54875077e+00 -3.28342795e-05 
 5.09264000e-02  2.49955386e+00  3.87393847e+00  2.54375138e+00  2.54618522e+00 -3.28530218e-05 
 5.09314000e-02  2.49958220e+00  3.87128647e+00  2.54109774e+00  2.54357365e+00 -3.28720826e-05 
 5.09364000e-02  2.49961094e+00  3.86859310e+00  2.53840305e+00  2.54091861e+00 -3.28914433e-05 
 5.09414000e-02  2.49964007e+00  3.86586101e+00  2.53566996e+00  2.53822270e+00 -3.29110850e-05 
 5.09464000e-02  2.49966955e+00  3.86309288e+00  2.53290113e+00  2.53548856e+00 -3.29309885e-05 
 5.09514000e-02  2.49969936e+00  3.86029140e+00  2.53009927e+00  2.53271887e+00 -3.29511343e-05 
 5.09564000e-02  2.49972947e+00  3.85745934e+00  2.52726715e+00  2.52991633e+00 -3.29715028e-05 
 5.09614000e-02  2.49975984e+00  3.85459947e+00  2.52440752e+00  2.52708369e+00 -3.29920739e-05 
 5.09664000e-02  2.49979045e+00  3.85171459e+00  2.52152321e+00  2.52422374e+00 -3.30128275e-05 
 5.09714000e-02  2.49982127e+00  3.84880755e+00  2.51861705e+00  2.52133929e+00 -3.30337433e-05 
 5.09764000e-02  2.49985226e+00  3.84588120e+00  2.51569189e+00  2.51843316e+00 -3.30548006e-05 
 5.09814000e-02  2.49988340e+00  3.84293842e+00  2.51275061e+00  2.51550822e+00 -3.30759789e-05 
 5.09864000e-02  2.49991465e+00  3.83998212e+00  2.50979612e+00  2.51256735e+00 -3.30972571e-05 
 5.09914000e-02  2.49994599e+00  3.83701520e+00  2.50683132e+00  2.50961344e+00 -3.31186144e-05 
 5.09964000e-02  2.49997738e+00  3.83404059e+00  2.50385914e+00  2.50664941e+00 -3.31400297e-05 
 5.10014000e-02  2.50000880e+00  3.83106123e+00  2.50088251e+00  2.50367817e+00 -3.31614818e-05 
 5.10064000e-02  2.50004020e+00  3.82808006e+00  2.49790438e+00  2.50070267e+00 -3.31829497e-05 
 5.10114000e-02  2.50007157e+00  3.82510002e+00  2.49492768e+00  2.49772584e+00 -3.32044119e-05 
 5.10164000e-02  2.50010286e+00  3.82212407e+00  2.49195536e+00  2.49475062e+00 -3.32258474e-05 
 5.10214000e-02  2.50013406e+00  3.81915516e+00  2.48899037e+00  2.49177996e+00 -3.32472348e-05 
 5.10264000e-02  2.50016512e+00  3.81619621e+00  2.48603564e+00  2.48881679e+00 -3.32685530e-05 
 5.10314000e-02  2.50019601e+00  3.81325017e+00  2.48309409e+00  2.48586406e+00 -3.32897809e-05 
 5.10364000e-02  2.50022672e+00  3.81031995e+00  2.48016864e+00  2.48292469e+00 -3.33108973e-05 
 5.10414000e-02  2.50025720e+00  3.80740846e+00  2.47726221e+00  2.48000159e+00 -3.33318812e-05 
 5.10464000e-02  2.50028743e+00  3.80451859e+00  2.47437766e+00  2.47709766e+00 -3.33527119e-05 
 5.10514000e-02  2.50031737e+00  3.80165322e+00  2.47151788e+00  2.47421579e+00 -3.33733685e-05 
 5.10564000e-02  2.50034700e+00  3.79881519e+00  2.46868570e+00  2.47135885e+00 -3.33938305e-05 
 5.10614000e-02  2.50037629e+00  3.79600732e+00  2.46588393e+00  2.46852966e+00 -3.34140775e-05 
 5.10664000e-02  2.50040521e+00  3.79323241e+00  2.46311537e+00  2.46573104e+00 -3.34340894e-05 
 5.10714000e-02  2.50043372e+00  3.79049322e+00  2.46038276e+00  2.46296578e+00 -3.34538461e-05 
 5.10764000e-02  2.50046181e+00  3.78779248e+00  2.45768885e+00  2.46023663e+00 -3.34733280e-05 
 5.10814000e-02  2.50048944e+00  3.78513287e+00  2.45503630e+00  2.45754631e+00 -3.34925155e-05 
 5.10864000e-02  2.50051659e+00  3.78251706e+00  2.45242776e+00  2.45489750e+00 -3.35113895e-05 
 5.10914000e-02  2.50054323e+00  3.77994764e+00  2.44986583e+00  2.45229284e+00 -3.35299312e-05 
 5.10964000e-02  2.50056934e+00  3.77742719e+00  2.44735307e+00  2.44973493e+00 -3.35481219e-05 
 5.11014000e-02  2.50059488e+00  3.77495821e+00  2.44489200e+00  2.44722632e+00 -3.35659434e-05 
 5.11064000e-02  2.50061983e+00  3.77254318e+00  2.44248506e+00  2.44476952e+00 -3.35833779e-05 
 5.11114000e-02  2.50064418e+00  3.77018451e+00  2.44013465e+00  2.44236698e+00 -3.36004079e-05 
 5.11164000e-02  2.50066788e+00  3.76788455e+00  2.43784314e+00  2.44002109e+00 -3.36170164e-05 
 5.11214000e-02  2.50069093e+00  3.76564561e+00  2.43561281e+00  2.43773421e+00 -3.36331866e-05 
 5.11264000e-02  2.50071330e+00  3.76346992e+00  2.43344589e+00  2.43550861e+00 -3.36489023e-05 
 5.11314000e-02  2.50073496e+00  3.76135965e+00  2.43134455e+00  2.43334654e+00 -3.36641479e-05 
 5.11364000e-02  2.50075590e+00  3.75931693e+00  2.42931089e+00  2.43125014e+00 -3.36789078e-05 
 5.11414000e-02  2.50077609e+00  3.75734380e+00  2.42734695e+00  2.42922152e+00 -3.36931674e-05 
 5.11464000e-02  2.50079552e+00  3.75544222e+00  2.42545470e+00  2.42726270e+00 -3.37069122e-05 
 5.11514000e-02  2.50081416e+00  3.75361411e+00  2.42363602e+00  2.42537566e+00 -3.37201285e-05 
 5.11564000e-02  2.50083199e+00  3.75186130e+00  2.42189275e+00  2.42356227e+00 -3.37328030e-05 
 5.11614000e-02  2.50084901e+00  3.75018554e+00  2.42022662e+00  2.42182436e+00 -3.37449228e-05 
 5.11664000e-02  2.50086519e+00  3.74858852e+00  2.41863931e+00  2.42016367e+00 -3.37564759e-05 
 5.11714000e-02  2.50088051e+00  3.74707183e+00  2.41713242e+00  2.41858186e+00 -3.37674505e-05 
 5.11764000e-02  2.50089497e+00  3.74563699e+00  2.41570744e+00  2.41708052e+00 -3.37778356e-05 
 5.11814000e-02  2.50090854e+00  3.74428545e+00  2.41436582e+00  2.41566115e+00 -3.37876208e-05 
 5.11864000e-02  2.50092121e+00  3.74301856e+00  2.41310889e+00  2.41432518e+00 -3.37967962e-05 
 5.11914000e-02  2.50093298e+00  3.74183759e+00  2.41193792e+00  2.41307395e+00 -3.38053525e-05 
 5.11964000e-02  2.50094382e+00  3.74074373e+00  2.41085408e+00  2.41190870e+00 -3.38132812e-05 
 5.12014000e-02  2.50095374e+00  3.73973806e+00  2.40985846e+00  2.41083062e+00 -3.38205742e-05 
 5.12064000e-02  2.50096271e+00  3.73882162e+00  2.40895206e+00  2.40984079e+00 -3.38272241e-05 
 5.12114000e-02  2.50097073e+00  3.73799530e+00  2.40813579e+00  2.40894019e+00 -3.38332244e-05 
 5.12164000e-02  2.50097780e+00  3.73725994e+00  2.40741047e+00  2.40812973e+00 -3.38385688e-05 
 5.12214000e-02  2.50098390e+00  3.73661629e+00  2.40677682e+00  2.40741023e+00 -3.38432521e-05 
 5.12264000e-02  2.50098903e+00  3.73606498e+00  2.40623549e+00  2.40678240e+00 -3.38472695e-05 
 5.12314000e-02  2.50099318e+00  3.73560657e+00  2.40578702e+00  2.40624688e+00 -3.38506169e-05 
 5.12364000e-02  2.50099635e+00  3.73524152e+00  2.40543185e+00  2.40580421e+00 -3.38532911e-05 
 5.12414000e-02  2.50099854e+00  3.73497020e+00  2.40517035e+00  2.40545483e+00 -3.38552892e-05 
 5.12464000e-02  2.50099974e+00  3.73479288e+00  2.40500277e+00  2.40519908e+00 -3.38566093e-05 
 5.12514000e-02  2.50099996e+00  3.73470973e+00  2.40492929e+00  2.40503724e+00 -3.38572500e-05 
 5.12564000e-02  2.50099919e+00  3.73472084e+00  2.40494997e+00  2.40496945e+00 -3.38572107e-05 
 5.12614000e-02  2.50099744e+00  3.73482620e+00  2.40506480e+00  2.40499580e+00 -3.38564914e-05 
 5.12664000e-02  2.50099470e+00  3.73502570e+00  2.40527367e+00  2.40511624e+00 -3.38550930e-05 
 5.12714000e-02  2.50099097e+00  3.73531915e+00  2.40557636e+00  2.40533067e+00 -3.38530167e-05 
 5.12764000e-02  2.50098627e+00  3.73570624e+00  2.40597256e+00  2.40563886e+00 -3.38502647e-05 
 5.12814000e-02  2.50098060e+00  3.73618659e+00  2.40646189e+00  2.40604050e+00 -3.38468397e-05 
 5.12864000e-02  2.50097396e+00  3.73675971e+00  2.40704385e+00  2.40653520e+00 -3.38427453e-05 
 5.12914000e-02  2.50096636e+00  3.73742504e+00  2.40771785e+00  2.40712245e+00 -3.38379855e-05 
 5.12964000e-02  2.50095780e+00  3.73818190e+00  2.40848321e+00  2.40780167e+00 -3.38325652e-05 
 5.13014000e-02  2.50094830e+00  3.73902952e+00  2.40933918e+00  2.40857217e+00 -3.38264898e-05 
 5.13064000e-02  2.50093786e+00  3.73996707e+00  2.41028488e+00  2.40943319e+00 -3.38197655e-05 
 5.13114000e-02  2.50092650e+00  3.74099360e+00  2.41131938e+00  2.41038384e+00 -3.38123991e-05 
 5.13164000e-02  2.50091423e+00  3.74210807e+00  2.41244163e+00  2.41142319e+00 -3.38043979e-05 
 5.13214000e-02  2.50090105e+00  3.74330938e+00  2.41365050e+00  2.41255019e+00 -3.37957701e-05 
 5.13264000e-02  2.50088698e+00  3.74459631e+00  2.41494479e+00  2.41376370e+00 -3.37865244e-05 
 5.13314000e-02  2.50087204e+00  3.74596757e+00  2.41632319e+00  2.41506251e+00 -3.37766700e-05 
 5.13364000e-02  2.50085623e+00  3.74742179e+00  2.41778432e+00  2.41644532e+00 -3.37662170e-05 
 5.13414000e-02  2.50083958e+00  3.74895751e+00  2.41932672e+00  2.41791074e+00 -3.37551758e-05 
 5.13464000e-02  2.50082210e+00  3.75057319e+00  2.42094884e+00  2.41945729e+00 -3.37435575e-05 
 5.13514000e-02  2.50080382e+00  3.75226721e+00  2.42264905e+00  2.42108344e+00 -3.37313740e-05 
 5.13564000e-02  2.50078473e+00  3.75403786e+00  2.42442565e+00  2.42278754e+00 -3.37186373e-05 
 5.13614000e-02  2.50076488e+00  3.75588339e+00  2.42627686e+00  2.42456790e+00 -3.37053605e-05 
 5.13664000e-02  2.50074426e+00  3.75780193e+00  2.42820082e+00  2.42642272e+00 -3.36915567e-05 
 5.13714000e-02  2.50072292e+00  3.75979157e+00  2.43019562e+00  2.42835015e+00 -3.36772399e-05 
 5.13764000e-02  2.50070086e+00  3.76185032e+00  2.43225924e+00  2.43034826e+00 -3.36624246e-05 
 5.13814000e-02  2.50067811e+00  3.76397610e+00  2.43438963e+00  2.43241505e+00 -3.36471255e-05 
 5.13864000e-02  2.50065469e+00  3.76616681e+00  2.43658465e+00  2.43454844e+00 -3.36313580e-05 
 5.13914000e-02  2.50063062e+00  3.76842024e+00  2.43884211e+00  2.43674632e+00 -3.36151381e-05 
 5.13964000e-02  2.50060593e+00  3.77073414e+00  2.44115975e+00  2.43900646e+00 -3.35984819e-05 
 5.14014000e-02  2.50058065e+00  3.77310620e+00  2.44353525e+00  2.44132663e+00 -3.35814061e-05 
 5.14064000e-02  2.50055479e+00  3.77553405e+00  2.44596625e+00  2.44370449e+00 -3.35639280e-05 
 5.14114000e-02  2.50052838e+00  3.77801526e+00  2.44845030e+00  2.44613768e+00 -3.35460649e-05 
 5.14164000e-02  2.50050145e+00  3.78054735e+00  2.45098494e+00  2.44862375e+00 -3.35278349e-05 
 5.14214000e-02  2.50047403e+00  3.78312781e+00  2.45356763e+00  2.45116023e+00 -3.35092561e-05 
 5.14264000e-02  2.50044614e+00  3.78575405e+00  2.45619580e+00  2.45374460e+00 -3.34903471e-05 
 5.14314000e-02  2.50041780e+00  3.78842345e+00  2.45886682e+00  2.45637426e+00 -3.34711269e-05 
 5.14364000e-02  2.50038906e+00  3.79113336e+00  2.46157803e+00  2.45904660e+00 -3.34516147e-05 
 5.14414000e-02  2.50035993e+00  3.79388107e+00  2.46432674e+00  2.46175895e+00 -3.34318299e-05 
 5.14464000e-02  2.50033045e+00  3.79666385e+00  2.46711020e+00  2.46450862e+00 -3.34117923e-05 
 5.14514000e-02  2.50030064e+00  3.79947893e+00  2.46992564e+00  2.46729286e+00 -3.33915219e-05 
 5.14564000e-02  2.50027053e+00  3.80232351e+00  2.47277027e+00  2.47010890e+00 -3.33710389e-05 
 5.14614000e-02  2.50024016e+00  3.80519476e+00  2.47564126e+00  2.47295395e+00 -3.33503636e-05 
 5.14664000e-02  2.50020955e+00  3.80808983e+00  2.47853574e+00  2.47582516e+00 -3.33295168e-05 
 5.14714000e-02  2.50017873e+00  3.81100584e+00  2.48145086e+00  2.47871970e+00 -3.33085190e-05 
 5.14764000e-02  2.50014774e+00  3.81393989e+00  2.48438371e+00  2.48163469e+00 -3.32873912e-05 
 5.14814000e-02  2.50011660e+00  3.81688909e+00  2.48733138e+00  2.48456723e+00 -3.32661544e-05 
 5.14864000e-02  2.50008535e+00  3.81985050e+00  2.49029096e+00  2.48751441e+00 -3.32448297e-05 
 5.14914000e-02  2.50005401e+00  3.82282118e+00  2.49325952e+00  2.49047332e+00 -3.32234381e-05 
 5.14964000e-02  2.50002262e+00  3.82579821e+00  2.49623410e+00  2.49344102e+00 -3.32020009e-05 
 5.15014000e-02  2.49999120e+00  3.82877863e+00  2.49921177e+00  2.49641457e+00 -3.31805394e-05 
 5.15064000e-02  2.49995980e+00  3.83175949e+00  2.50218959e+00  2.49939104e+00 -3.31590746e-05 
 5.15114000e-02  2.49992843e+00  3.83473785e+00  2.50516461e+00  2.50236747e+00 -3.31376279e-05 
 5.15164000e-02  2.49989714e+00  3.83771078e+00  2.50813389e+00  2.50534093e+00 -3.31162205e-05 
 5.15214000e-02  2.49986594e+00  3.84067532e+00  2.51109451e+00  2.50830848e+00 -3.30948734e-05 
 5.15264000e-02  2.49983488e+00  3.84362857e+00  2.51404354e+00  2.51126719e+00 -3.30736077e-05 
 5.15314000e-02  2.49980399e+00  3.84656761e+00  2.51697808e+00  2.51421415e+00 -3.30524444e-05 
 5.15364000e-02  2.49977328e+00  3.84948955e+00  2.51989525e+00  2.51714645e+00 -3.30314042e-05 
 5.15414000e-02  2.49974280e+00  3.85239151e+00  2.52279216e+00  2.52006121e+00 -3.30105078e-05 
 5.15464000e-02  2.49971257e+00  3.85527064e+00  2.52566597e+00  2.52295555e+00 -3.29897758e-05 
 5.15514000e-02  2.49968263e+00  3.85812411e+00  2.52851386e+00  2.52582664e+00 -3.29692286e-05 
 5.15564000e-02  2.49965300e+00  3.86094912e+00  2.53133303e+00  2.52867164e+00 -3.29488862e-05 
 5.15614000e-02  2.49962371e+00  3.86374290e+00  2.53412072e+00  2.53148778e+00 -3.29287685e-05 
 5.15664000e-02  2.49959479e+00  3.86650270e+00  2.53687419e+00  2.53427228e+00 -3.29088953e-05 
 5.15714000e-02  2.49956628e+00  3.86922583e+00  2.53959075e+00  2.53702241e+00 -3.28892860e-05 
 5.15764000e-02  2.49953819e+00  3.87190963e+00  2.54226774e+00  2.53973549e+00 -3.28699597e-05 
 5.15814000e-02  2.49951056e+00  3.87455145e+00  2.54490253e+00  2.54240885e+00 -3.28509353e-05 
 5.15864000e-02  2.49948341e+00  3.87714874e+00  2.54749256e+00  2.54503989e+00 -3.28322314e-05 
 5.15914000e-02  2.49945677e+00  3.87969894e+00  2.55003530e+00  2.54762603e+00 -3.28138660e-05 
 5.15964000e-02  2.49943066e+00  3.88219957e+00  2.55252827e+00  2.55016475e+00 -3.27958571e-05 
 5.16014000e-02  2.49940512e+00  3.88464819e+00  2.55496902e+00  2.55265357e+00 -3.27782223e-05 
 5.16064000e-02  2.49938017e+00  3.88704242e+00  2.55735520e+00  2.55509006e+00 -3.27609785e-05 
 5.16114000e-02  2.49935582e+00  3.88937992e+00  2.55968447e+00  2.55747185e+00 -3.27441426e-05 
 5.16164000e-02  2.49933212e+00  3.89165842e+00  2.56195456e+00  2.55979662e+00 -3.27277309e-05 
 5.16214000e-02  2.49930907e+00  3.89387571e+00  2.56416328e+00  2.56206211e+00 -3.27117591e-05 
 5.16264000e-02  2.49928670e+00  3.89602964e+00  2.56630848e+00  2.56426612e+00 -3.26962429e-05 
 5.16314000e-02  2.49926504e+00  3.89811810e+00  2.56838807e+00  2.56640650e+00 -3.26811972e-05 
 5.16364000e-02  2.49924410e+00  3.90013908e+00  2.57040003e+00  2.56848119e+00 -3.26666364e-05 
 5.16414000e-02  2.49922391e+00  3.90209062e+00  2.57234243e+00  2.57048816e+00 -3.26525748e-05 
 5.16464000e-02  2.49920448e+00  3.90397082e+00  2.57421337e+00  2.57242548e+00 -3.26390257e-05 
 5.16514000e-02  2.49918584e+00  3.90577787e+00  2.57601104e+00  2.57429126e+00 -3.26260023e-05 
 5.16564000e-02  2.49916801e+00  3.90751002e+00  2.57773371e+00  2.57608370e+00 -3.26135171e-05 
 5.16614000e-02  2.49915099e+00  3.90916560e+00  2.57937971e+00  2.57780107e+00 -3.26015821e-05 
 5.16664000e-02  2.49913481e+00  3.91074299e+00  2.58094745e+00  2.57944170e+00 -3.25902088e-05 
 5.16714000e-02  2.49911949e+00  3.91224069e+00  2.58243541e+00  2.58100401e+00 -3.25794080e-05 
 5.16764000e-02  2.49910503e+00  3.91365724e+00  2.58384217e+00  2.58248650e+00 -3.25691902e-05 
 5.16814000e-02  2.49909146e+00  3.91499128e+00  2.58516636e+00  2.58388772e+00 -3.25595652e-05 
 5.16864000e-02  2.49907879e+00  3.91624152e+00  2.58640670e+00  2.58520634e+00 -3.25505421e-05 
 5.16914000e-02  2.49906702e+00  3.91740676e+00  2.58756201e+00  2.58644107e+00 -3.25421297e-05 
 5.16964000e-02  2.49905618e+00  3.91848587e+00  2.58863116e+00  2.58759073e+00 -3.25343359e-05 
 5.17014000e-02  2.49904626e+00  3.91947782e+00  2.58961314e+00  2.58865422e+00 -3.25271683e-05 
 5.17064000e-02  2.49903729e+00  3.92038165e+00  2.59050698e+00  2.58963050e+00 -3.25206336e-05 
 5.17114000e-02  2.49902927e+00  3.92119649e+00  2.59131184e+00  2.59051863e+00 -3.25147382e-05 
 5.17164000e-02  2.49902220e+00  3.92192156e+00  2.59202695e+00  2.59131777e+00 -3.25094876e-05 
 5.17214000e-02  2.49901610e+00  3.92255616e+00  2.59265160e+00  2.59202715e+00 -3.25048870e-05 
 5.17264000e-02  2.49901097e+00  3.92309968e+00  2.59318521e+00  2.59264608e+00 -3.25009406e-05 
 5.17314000e-02  2.49900682e+00  3.92355159e+00  2.59362725e+00  2.59317396e+00 -3.24976523e-05 
 5.17364000e-02  2.49900365e+00  3.92391147e+00  2.59397731e+00  2.59361030e+00 -3.24950251e-05 
 5.17414000e-02  2.49900146e+00  3.92417896e+00  2.59423505e+00  2.59395466e+00 -3.24930617e-05 
 5.17464000e-02  2.49900026e+00  3.92435382e+00  2.59440022e+00  2.59420673e+00 -3.24917638e-05 
 5.17514000e-02  2.49900004e+00  3.92443586e+00  2.59447266e+00  2.59436625e+00 -3.24911328e-05 
 5.17564000e-02  2.49900081e+00  3.92442502e+00  2.59445231e+00  2.59443308e+00 -3.24911692e-05 
 5.17614000e-02  2.49900256e+00  3.92432130e+00  2.59433917e+00  2.59440715e+00 -3.24918730e-05 
 5.17664000e-02  2.49900530e+00  3.92412480e+00  2.59413337e+00  2.59428849e+00 -3.24932435e-05 
 5.17714000e-02  2.49900903e+00  3.92383571e+00  2.59383510e+00  2.59407720e+00 -3.24952794e-05 
 5.17764000e-02  2.49901373e+00  3.92345431e+00  2.59344464e+00  2.59377350e+00 -3.24979788e-05 
 5.17814000e-02  2.49901940e+00  3.92298097e+00  2.59296237e+00  2.59337767e+00 -3.25013391e-05 
 5.17864000e-02  2.49902604e+00  3.92241613e+00  2.59238875e+00  2.59289009e+00 -3.25053572e-05 
 5.17914000e-02  2.49903364e+00  3.92176034e+00  2.59172434e+00  2.59231124e+00 -3.25100291e-05 
 5.17964000e-02  2.49904220e+00  3.92101424e+00  2.59096977e+00  2.59164166e+00 -3.25153504e-05 
 5.18014000e-02  2.49905170e+00  3.92017854e+00  2.59012577e+00  2.59088201e+00 -3.25213161e-05 
 5.18064000e-02  2.49906214e+00  3.91925403e+00  2.58919315e+00  2.59003302e+00 -3.25279205e-05 
 5.18114000e-02  2.49907350e+00  3.91824162e+00  2.58817281e+00  2.58909549e+00 -3.25351571e-05 
 5.18164000e-02  2.49908577e+00  3.91714228e+00  2.58706573e+00  2.58807034e+00 -3.25430192e-05 
 5.18214000e-02  2.49909895e+00  3.91595706e+00  2.58587297e+00  2.58695854e+00 -3.25514993e-05 
 5.18264000e-02  2.49911302e+00  3.91468711e+00  2.58459569e+00  2.58576117e+00 -3.25605891e-05 
 5.18314000e-02  2.49912796e+00  3.91333364e+00  2.58323512e+00  2.58447939e+00 -3.25702800e-05 
 5.18364000e-02  2.49914377e+00  3.91189798e+00  2.58179257e+00  2.58311443e+00 -3.25805627e-05 
 5.18414000e-02  2.49916042e+00  3.91038149e+00  2.58026942e+00  2.58166760e+00 -3.25914273e-05 
 5.18464000e-02  2.49917790e+00  3.90878564e+00  2.57866716e+00  2.58014030e+00 -3.26028635e-05 
 5.18514000e-02  2.49919618e+00  3.90711198e+00  2.57698732e+00  2.57853401e+00 -3.26148602e-05 
 5.18564000e-02  2.49921527e+00  3.90536213e+00  2.57523154e+00  2.57685027e+00 -3.26274060e-05 
 5.18614000e-02  2.49923512e+00  3.90353776e+00  2.57340150e+00  2.57509072e+00 -3.26404886e-05 
 5.18664000e-02  2.49925574e+00  3.90164066e+00  2.57149899e+00  2.57325706e+00 -3.26540957e-05 
 5.18714000e-02  2.49927708e+00  3.89967265e+00  2.56952583e+00  2.57135105e+00 -3.26682140e-05 
 5.18764000e-02  2.49929914e+00  3.89763564e+00  2.56748395e+00  2.56937455e+00 -3.26828300e-05 
 5.18814000e-02  2.49932189e+00  3.89553161e+00  2.56537532e+00  2.56732947e+00 -3.26979295e-05 
 5.18864000e-02  2.49934531e+00  3.89336260e+00  2.56320200e+00  2.56521780e+00 -3.27134980e-05 
 5.18914000e-02  2.49936938e+00  3.89113072e+00  2.56096608e+00  2.56304157e+00 -3.27295205e-05 
 5.18964000e-02  2.49939407e+00  3.88883812e+00  2.55866974e+00  2.56080292e+00 -3.27459813e-05 
 5.19014000e-02  2.49941935e+00  3.88648705e+00  2.55631522e+00  2.55850400e+00 -3.27628646e-05 
 5.19064000e-02  2.49944521e+00  3.88407979e+00  2.55390480e+00  2.55614706e+00 -3.27801541e-05 
 5.19114000e-02  2.49947162e+00  3.88161868e+00  2.55144083e+00  2.55373439e+00 -3.27978329e-05 
 5.19164000e-02  2.49949855e+00  3.87910612e+00  2.54892572e+00  2.55126834e+00 -3.28158838e-05 
 5.19214000e-02  2.49952597e+00  3.87654456e+00  2.54636192e+00  2.54875131e+00 -3.28342894e-05 
 5.19264000e-02  2.49955386e+00  3.87393651e+00  2.54375193e+00  2.54618577e+00 -3.28530318e-05 
 5.19314000e-02  2.49958220e+00  3.87128450e+00  2.54109829e+00  2.54357420e+00 -3.28720926e-05 
 5.19364000e-02  2.49961094e+00  3.86859114e+00  2.53840361e+00  2.54091916e+00 -3.28914532e-05 
 5.19414000e-02  2.49964007e+00  3.86585905e+00  2.53567051e+00  2.53822326e+00 -3.29110949e-05 
 5.19464000e-02  2.49966955e+00  3.86309092e+00  2.53290168e+00  2.53548912e+00 -3.29309984e-05 
 5.19514000e-02  2.49969936e+00  3.86028944e+00  2.53009983e+00  2.53271942e+00 -3.29511442e-05 
 5.19564000e-02  2.49972947e+00  3.85745738e+00  2.52726770e+00  2.52991688e+00 -3.29715127e-05 
 5.19614000e-02  2.49975984e+00  3.85459751e+00  2.52440808e+00  2.52708425e+00 -3.29920838e-05 
 5.19664000e-02  2.49979045e+00  3.85171264e+00  2.52152377e+00  2.52422430e+00 -3.30128374e-05 
 5.19714000e-02  2.49982127e+00  3.84880560e+00  2.51861761e+00  2.52133985e+00 -3.30337532e-05 
 5.19764000e-02  2.49985226e+00  3.84587925e+00  2.51569245e+00  2.51843372e+00 -3.30548105e-05 
 5.19814000e-02  2.49988340e+00  3.84293647e+00  2.51275117e+00  2.51550878e+00 -3.30759887e-05 
 5.19864000e-02  2.49991465e+00  3.83998017e+00  2.50979668e+00  2.51256791e+00 -3.30972670e-05 
 5.19914000e-02  2.49994599e+00  3.83701325e+00  2.50683189e+00  2.50961400e+00 -3.31186242e-05 
 5.19964000e-02  2.49997738e+00  3.83403864e+00  2.50385971e+00  2.50664997e+00 -3.31400395e-05 
 5.20014000e-02  2.50000880e+00  3.83105928e+00  2.50088308e+00  2.50367874e+00 -3.31614917e-05 
 5.20064000e-02  2.50004020e+00  3.82807811e+00  2.49790495e+00  2.50070324e+00 -3.31829595e-05 
 5.20114000e-02  2.50007157e+00  3.82509808e+00  2.49492825e+00  2.49772640e+00 -3.32044218e-05 
 5.20164000e-02  2.50010286e+00  3.82212213e+00  2.49195593e+00  2.49475119e+00 -3.32258572e-05 
 5.20214000e-02  2.50013406e+00  3.81915321e+00  2.48899094e+00  2.49178053e+00 -3.32472446e-05 
 5.20264000e-02  2.50016512e+00  3.81619427e+00  2.48603621e+00  2.48881737e+00 -3.32685628e-05 
 5.20314000e-02  2.50019601e+00  3.81324822e+00  2.48309466e+00  2.48586463e+00 -3.32897907e-05 
 5.20364000e-02  2.50022672e+00  3.81031801e+00  2.48016922e+00  2.48292526e+00 -3.33109070e-05 
 5.20414000e-02  2.50025720e+00  3.80740652e+00  2.47726278e+00  2.48000216e+00 -3.33318910e-05 
 5.20464000e-02  2.50028743e+00  3.80451666e+00  2.47437824e+00  2.47709824e+00 -3.33527216e-05 
 5.20514000e-02  2.50031737e+00  3.80165128e+00  2.47151846e+00  2.47421637e+00 -3.33733782e-05 
 5.20564000e-02  2.50034700e+00  3.79881325e+00  2.46868627e+00  2.47135942e+00 -3.33938403e-05 
 5.20614000e-02  2.50037629e+00  3.79600539e+00  2.46588451e+00  2.46853023e+00 -3.34140873e-05 
 5.20664000e-02  2.50040521e+00  3.79323048e+00  2.46311595e+00  2.46573162e+00 -3.34340992e-05 
 5.20714000e-02  2.50043372e+00  3.79049129e+00  2.46038335e+00  2.46296636e+00 -3.34538559e-05 
 5.20764000e-02  2.50046181e+00  3.78779055e+00  2.45768943e+00  2.46023721e+00 -3.34733377e-05 
 5.20814000e-02  2.50048944e+00  3.78513094e+00  2.45503688e+00  2.45754689e+00 -3.34925252e-05 
 5.20864000e-02  2.50051659e+00  3.78251513e+00  2.45242834e+00  2.45489809e+00 -3.35113993e-05 
 5.20914000e-02  2.50054323e+00  3.77994571e+00  2.44986642e+00  2.45229343e+00 -3.35299409e-05 
 5.20964000e-02  2.50056934e+00  3.77742526e+00  2.44735366e+00  2.44973552e+00 -3.35481316e-05 
 5.21014000e-02  2.50059488e+00  3.77495629e+00  2.44489259e+00  2.44722691e+00 -3.35659531e-05 
 5.21064000e-02  2.50061983e+00  3.77254126e+00  2.44248565e+00  2.44477011e+00 -3.35833876e-05 
 5.21114000e-02  2.50064418e+00  3.77018259e+00  2.44013525e+00  2.44236756e+00 -3.36004176e-05 
 5.21164000e-02  2.50066788e+00  3.76788263e+00  2.43784373e+00  2.44002168e+00 -3.36170260e-05 
 5.21214000e-02  2.50069093e+00  3.76564369e+00  2.43561341e+00  2.43773480e+00 -3.36331962e-05 
 5.21264000e-02  2.50071330e+00  3.76346800e+00  2.43344649e+00  2.43550921e+00 -3.36489120e-05 
 5.21314000e-02  2.50073496e+00  3.76135774e+00  2.43134515e+00  2.43334713e+00 -3.36641575e-05 
 5.21364000e-02  2.50075590e+00  3.75931502e+00  2.42931149e+00  2.43125073e+00 -3.36789174e-05 
 5.21414000e-02  2.50077609e+00  3.75734188e+00  2.42734755e+00  2.42922211e+00 -3.36931770e-05 
 5.21464000e-02  2.50079552e+00  3.75544031e+00  2.42545530e+00  2.42726330e+00 -3.37069218e-05 
 5.21514000e-02  2.50081416e+00  3.75361220e+00  2.42363662e+00  2.42537626e+00 -3.37201381e-05 
 5.21564000e-02  2.50083199e+00  3.75185939e+00  2.42189335e+00  2.42356287e+00 -3.37328126e-05 
 5.21614000e-02  2.50084901e+00  3.75018363e+00  2.42022722e+00  2.42182497e+00 -3.37449324e-05 
 5.21664000e-02  2.50086519e+00  3.74858661e+00  2.41863992e+00  2.42016427e+00 -3.37564854e-05 
 5.21714000e-02  2.50088051e+00  3.74706992e+00  2.41713302e+00  2.41858247e+00 -3.37674601e-05 
 5.21764000e-02  2.50089497e+00  3.74563509e+00  2.41570805e+00  2.41708112e+00 -3.37778452e-05 
 5.21814000e-02  2.50090854e+00  3.74428355e+00  2.41436642e+00  2.41566176e+00 -3.37876304e-05 
 5.21864000e-02  2.50092121e+00  3.74301666e+00  2.41310950e+00  2.41432579e+00 -3.37968057e-05 
 5.21914000e-02  2.50093298e+00  3.74183569e+00  2.41193853e+00  2.41307455e+00 -3.38053621e-05 
 5.21964000e-02  2.50094382e+00  3.74074183e+00  2.41085469e+00  2.41190931e+00 -3.38132907e-05 
 5.22014000e-02  2.50095374e+00  3.73973617e+00  2.40985907e+00  2.41083123e+00 -3.38205837e-05 
 5.22064000e-02  2.50096271e+00  3.73881972e+00  2.40895267e+00  2.40984140e+00 -3.38272336e-05 
 5.22114000e-02  2.50097073e+00  3.73799340e+00  2.40813640e+00  2.40894080e+00 -3.38332339e-05 
 5.22164000e-02  2.50097780e+00  3.73725805e+00  2.40741108e+00  2.40813034e+00 -3.38385783e-05 
 5.22214000e-02  2.50098390e+00  3.73661440e+00  2.40677744e+00  2.40741084e+00 -3.38432616e-05 
 5.22264000e-02  2.50098903e+00  3.73606309e+00  2.40623611e+00  2.40678302e+00 -3.38472790e-05 
 5.22314000e-02  2.50099318e+00  3.73560468e+00  2.40578764e+00  2.40624750e+00 -3.38506264e-05 
 5.22364000e-02  2.50099635e+00  3.73523963e+00  2.40543247e+00  2.40580483e+00 -3.38533005e-05 
 5.22414000e-02  2.50099854e+00  3.73496831e+00  2.40517097e+00  2.40545545e+00 -3.38552986e-05 
 5.22464000e-02  2.50099974e+00  3.73479099e+00  2.40500339e+00  2.40519971e+00 -3.38566187e-05 
 5.22514000e-02  2.50099996e+00  3.73470784e+00  2.40492991e+00  2.40503786e+00 -3.38572594e-05 
 5.22564000e-02  2.50099919e+00  3.73471896e+00  2.40495060e+00  2.40497008e+00 -3.38572201e-05 
 5.22614000e-02  2.50099744e+00  3.73482432e+00  2.40506543e+00  2.40499642e+00 -3.38565008e-05 
 5.22664000e-02  2.50099470e+00  3.73502382e+00  2.40527430e+00  2.40511687e+00 -3.38551023e-05 
 5.22714000e-02  2.50099097e+00  3.73531727e+00  2.40557699e+00  2.40533130e+00 -3.38530260e-05 
 5.22764000e-02  2.50098627e+00  3.73570436e+00  2.40597320e+00  2.40563949e+00 -3.38502740e-05 
 5.22814000e-02  2.50098060e+00  3.73618471e+00  2.40646252e+00  2.40604114e+00 -3.38468491e-05 
 5.22864000e-02  2.50097396e+00  3.73675784e+00  2.40704448e+00  2.40653583e+00 -3.38427546e-05 
 5.22914000e-02  2.50096636e+00  3.73742316e+00  2.40771848e+00  2.40712309e+00 -3.38379948e-05 
 5.22964000e-02  2.50095780e+00  3.73818002e+00  2.40848385e+00  2.40780231e+00 -3.38325745e-05 
 5.23014000e-02  2.50094830e+00  3.73902765e+00  2.40933982e+00  2.40857281e+00 -3.38264991e-05 
 5.23064000e-02  2.50093786e+00  3.73996520e+00  2.41028552e+00  2.40943382e+00 -3.38197748e-05 
 5.23114000e-02  2.50092650e+00  3.74099173e+00  2.41132002e+00  2.41038448e+00 -3.38124084e-05 
 5.23164000e-02  2.50091423e+00  3.74210621e+00  2.41244227e+00  2.41142383e+00 -3.38044072e-05 
 5.23214000e-02  2.50090105e+00  3.74330751e+00  2.41365115e+00  2.41255083e+00 -3.37957794e-05 
 5.23264000e-02  2.50088698e+00  3.74459444e+00  2.41494543e+00  2.41376434e+00 -3.37865336e-05 
 5.23314000e-02  2.50087204e+00  3.74596571e+00  2.41632384e+00  2.41506316e+00 -3.37766793e-05 
 5.23364000e-02  2.50085623e+00  3.74741993e+00  2.41778497e+00  2.41644597e+00 -3.37662262e-05 
 5.23414000e-02  2.50083958e+00  3.74895565e+00  2.41932737e+00  2.41791139e+00 -3.37551850e-05 
 5.23464000e-02  2.50082210e+00  3.75057133e+00  2.42094949e+00  2.41945794e+00 -3.37435667e-05 
 5.23514000e-02  2.50080382e+00  3.75226535e+00  2.42264970e+00  2.42108409e+00 -3.37313832e-05 
 5.23564000e-02  2.50078473e+00  3.75403601e+00  2.42442630e+00  2.42278820e+00 -3.37186465e-05 
 5.23614000e-02  2.50076488e+00  3.75588154e+00  2.42627751e+00  2.42456855e+00 -3.37053696e-05 
 5.23664000e-02  2.50074426e+00  3.75780008e+00  2.42820148e+00  2.42642338e+00 -3.36915659e-05 
 5.23714000e-02  2.50072292e+00  3.75978972e+00  2.43019627e+00  2.42835081e+00 -3.36772491e-05 
 5.23764000e-02  2.50070086e+00  3.76184847e+00  2.43225990e+00  2.43034892e+00 -3.36624337e-05 
 5.23814000e-02  2.50067811e+00  3.76397426e+00  2.43439029e+00  2.43241571e+00 -3.36471346e-05 
 5.23864000e-02  2.50065469e+00  3.76616496e+00  2.43658531e+00  2.43454911e+00 -3.36313671e-05 
 5.23914000e-02  2.50063062e+00  3.76841839e+00  2.43884277e+00  2.43674698e+00 -3.36151472e-05 
 5.23964000e-02  2.50060593e+00  3.77073230e+00  2.44116042e+00  2.43900713e+00 -3.35984909e-05 
 5.24014000e-02  2.50058065e+00  3.77310436e+00  2.44353592e+00  2.44132730e+00 -3.35814152e-05 
 5.24064000e-02  2.50055479e+00  3.77553221e+00  2.44596692e+00  2.44370516e+00 -3.35639370e-05 
 5.24114000e-02  2.50052838e+00  3.77801342e+00  2.44845098e+00  2.44613834e+00 -3.35460740e-05 
 5.24164000e-02  2.50050145e+00  3.78054552e+00  2.45098562e+00  2.44862442e+00 -3.35278439e-05 
 5.24214000e-02  2.50047403e+00  3.78312597e+00  2.45356831e+00  2.45116091e+00 -3.35092651e-05 
 5.24264000e-02  2.50044614e+00  3.78575221e+00  2.45619647e+00  2.45374527e+00 -3.34903562e-05 
 5.24314000e-02  2.50041780e+00  3.78842162e+00  2.45886750e+00  2.45637493e+00 -3.34711359e-05 
 5.24364000e-02  2.50038906e+00  3.79113153e+00  2.46157871e+00  2.45904728e+00 -3.34516237e-05 
 5.24414000e-02  2.50035993e+00  3.79387924e+00  2.46432742e+00  2.46175963e+00 -3.34318389e-05 
 5.24464000e-02  2.50033045e+00  3.79666203e+00  2.46711088e+00  2.46450930e+00 -3.34118013e-05 
 5.24514000e-02  2.50030064e+00  3.79947711e+00  2.46992633e+00  2.46729354e+00 -3.33915308e-05 
 5.24564000e-02  2.50027053e+00  3.80232169e+00  2.47277096e+00  2.47010958e+00 -3.33710478e-05 
 5.24614000e-02  2.50024016e+00  3.80519294e+00  2.47564194e+00  2.47295463e+00 -3.33503726e-05 
 5.24664000e-02  2.50020955e+00  3.80808801e+00  2.47853643e+00  2.47582585e+00 -3.33295257e-05 
 5.24714000e-02  2.50017873e+00  3.81100402e+00  2.48145155e+00  2.47872039e+00 -3.33085279e-05 
 5.24764000e-02  2.50014774e+00  3.81393808e+00  2.48438440e+00  2.48163538e+00 -3.32874001e-05 
 5.24814000e-02  2.50011660e+00  3.81688727e+00  2.48733208e+00  2.48456792e+00 -3.32661633e-05 
 5.24864000e-02  2.50008535e+00  3.81984868e+00  2.49029166e+00  2.48751511e+00 -3.32448386e-05 
 5.24914000e-02  2.50005401e+00  3.82281937e+00  2.49326021e+00  2.49047401e+00 -3.32234470e-05 
 5.24964000e-02  2.50002262e+00  3.82579640e+00  2.49623480e+00  2.49344172e+00 -3.32020098e-05 
 5.25014000e-02  2.49999120e+00  3.82877682e+00  2.49921247e+00  2.49641527e+00 -3.31805482e-05 
 5.25064000e-02  2.49995980e+00  3.83175768e+00  2.50219029e+00  2.49939173e+00 -3.31590834e-05 
 5.25114000e-02  2.49992843e+00  3.83473605e+00  2.50516531e+00  2.50236817e+00 -3.31376367e-05 
 5.25164000e-02  2.49989714e+00  3.83770897e+00  2.50813459e+00  2.50534163e+00 -3.31162293e-05 
 5.25214000e-02  2.49986594e+00  3.84067352e+00  2.51109521e+00  2.50830918e+00 -3.30948822e-05 
 5.25264000e-02  2.49983488e+00  3.84362677e+00  2.51404425e+00  2.51126790e+00 -3.30736165e-05 
 5.25314000e-02  2.49980399e+00  3.84656581e+00  2.51697879e+00  2.51421486e+00 -3.30524531e-05 
 5.25364000e-02  2.49977328e+00  3.84948775e+00  2.51989596e+00  2.51714716e+00 -3.30314129e-05 
 5.25414000e-02  2.49974280e+00  3.85238971e+00  2.52279287e+00  2.52006192e+00 -3.30105165e-05 
 5.25464000e-02  2.49971257e+00  3.85526885e+00  2.52566668e+00  2.52295626e+00 -3.29897846e-05 
 5.25514000e-02  2.49968263e+00  3.85812232e+00  2.52851457e+00  2.52582735e+00 -3.29692373e-05 
 5.25564000e-02  2.49965300e+00  3.86094733e+00  2.53133375e+00  2.52867236e+00 -3.29488948e-05 
 5.25614000e-02  2.49962371e+00  3.86374111e+00  2.53412144e+00  2.53148849e+00 -3.29287772e-05 
 5.25664000e-02  2.49959479e+00  3.86650091e+00  2.53687491e+00  2.53427299e+00 -3.29089040e-05 
 5.25714000e-02  2.49956628e+00  3.86922405e+00  2.53959147e+00  2.53702313e+00 -3.28892947e-05 
 5.25764000e-02  2.49953819e+00  3.87190784e+00  2.54226846e+00  2.53973621e+00 -3.28699684e-05 
 5.25814000e-02  2.49951056e+00  3.87454967e+00  2.54490326e+00  2.54240958e+00 -3.28509440e-05 
 5.25864000e-02  2.49948341e+00  3.87714696e+00  2.54749329e+00  2.54504062e+00 -3.28322400e-05 
 5.25914000e-02  2.49945677e+00  3.87969716e+00  2.55003603e+00  2.54762676e+00 -3.28138746e-05 
 5.25964000e-02  2.49943066e+00  3.88219779e+00  2.55252899e+00  2.55016548e+00 -3.27958657e-05 
 5.26014000e-02  2.49940512e+00  3.88464641e+00  2.55496975e+00  2.55265429e+00 -3.27782308e-05 
 5.26064000e-02  2.49938017e+00  3.88704064e+00  2.55735593e+00  2.55509079e+00 -3.27609871e-05 
 5.26114000e-02  2.49935582e+00  3.88937815e+00  2.55968520e+00  2.55747258e+00 -3.27441512e-05 
 5.26164000e-02  2.49933212e+00  3.89165665e+00  2.56195530e+00  2.55979735e+00 -3.27277394e-05 
 5.26214000e-02  2.49930907e+00  3.89387394e+00  2.56416402e+00  2.56206284e+00 -3.27117677e-05 
 5.26264000e-02  2.49928670e+00  3.89602787e+00  2.56630922e+00  2.56426685e+00 -3.26962514e-05 
 5.26314000e-02  2.49926504e+00  3.89811634e+00  2.56838881e+00  2.56640724e+00 -3.26812057e-05 
 5.26364000e-02  2.49924410e+00  3.90013732e+00  2.57040078e+00  2.56848193e+00 -3.26666449e-05 
 5.26414000e-02  2.49922391e+00  3.90208886e+00  2.57234317e+00  2.57048890e+00 -3.26525832e-05 
 5.26464000e-02  2.49920448e+00  3.90396906e+00  2.57421411e+00  2.57242622e+00 -3.26390342e-05 
 5.26514000e-02  2.49918584e+00  3.90577611e+00  2.57601179e+00  2.57429200e+00 -3.26260108e-05 
 5.26564000e-02  2.49916801e+00  3.90750826e+00  2.57773446e+00  2.57608445e+00 -3.26135255e-05 
 5.26614000e-02  2.49915099e+00  3.90916384e+00  2.57938046e+00  2.57780181e+00 -3.26015905e-05 
 5.26664000e-02  2.49913481e+00  3.91074124e+00  2.58094820e+00  2.57944245e+00 -3.25902172e-05 
 5.26714000e-02  2.49911949e+00  3.91223893e+00  2.58243616e+00  2.58100476e+00 -3.25794164e-05 
 5.26764000e-02  2.49910503e+00  3.91365549e+00  2.58384292e+00  2.58248725e+00 -3.25691986e-05 
 5.26814000e-02  2.49909146e+00  3.91498953e+00  2.58516711e+00  2.58388848e+00 -3.25595736e-05 
 5.26864000e-02  2.49907879e+00  3.91623977e+00  2.58640746e+00  2.58520709e+00 -3.25505505e-05 
 5.26914000e-02  2.49906702e+00  3.91740501e+00  2.58756276e+00  2.58644183e+00 -3.25421380e-05 
 5.26964000e-02  2.49905618e+00  3.91848413e+00  2.58863192e+00  2.58759149e+00 -3.25343442e-05 
 5.27014000e-02  2.49904626e+00  3.91947608e+00  2.58961389e+00  2.58865497e+00 -3.25271766e-05 
 5.27064000e-02  2.49903729e+00  3.92037991e+00  2.59050774e+00  2.58963126e+00 -3.25206419e-05 
 5.27114000e-02  2.49902927e+00  3.92119475e+00  2.59131261e+00  2.59051939e+00 -3.25147465e-05 
 5.27164000e-02  2.49902220e+00  3.92191982e+00  2.59202771e+00  2.59131854e+00 -3.25094959e-05 
 5.27214000e-02  2.49901610e+00  3.92255442e+00  2.59265237e+00  2.59202791e+00 -3.25048953e-05 
 5.27264000e-02  2.49901097e+00  3.92309794e+00  2.59318597e+00  2.59264684e+00 -3.25009489e-05 
 5.27314000e-02  2.49900682e+00  3.92354986e+00  2.59362802e+00  2.59317473e+00 -3.24976605e-05 
 5.27364000e-02  2.49900365e+00  3.92390973e+00  2.59397808e+00  2.59361106e+00 -3.24950334e-05 
 5.27414000e-02  2.49900146e+00  3.92417723e+00  2.59423582e+00  2.59395543e+00 -3.24930699e-05 
 5.27464000e-02  2.49900026e+00  3.92435208e+00  2.59440099e+00  2.59420750e+00 -3.24917721e-05 
 5.27514000e-02  2.49900004e+00  3.92443413e+00  2.59447344e+00  2.59436702e+00 -3.24911410e-05 
 5.27564000e-02  2.49900081e+00  3.92442329e+00  2.59445308e+00  2.59443385e+00 -3.24911774e-05 
 5.27614000e-02  2.49900256e+00  3.92431957e+00  2.59433995e+00  2.59440792e+00 -3.24918812e-05 
 5.27664000e-02  2.49900530e+00  3.92412307e+00  2.59413415e+00  2.59428926e+00 -3.24932517e-05 
 5.27714000e-02  2.49900903e+00  3.92383399e+00  2.59383587e+00  2.59407798e+00 -3.24952876e-05 
 5.27764000e-02  2.49901373e+00  3.92345259e+00  2.59344541e+00  2.59377427e+00 -3.24979870e-05 
 5.27814000e-02  2.49901940e+00  3.92297924e+00  2.59296315e+00  2.59337844e+00 -3.25013473e-05 
 5.27864000e-02  2.49902604e+00  3.92241441e+00  2.59238953e+00  2.59289087e+00 -3.25053653e-05 
 5.27914000e-02  2.49903364e+00  3.92175862e+00  2.59172512e+00  2.59231202e+00 -3.25100372e-05 
 5.27964000e-02  2.49904220e+00  3.92101252e+00  2.59097055e+00  2.59164245e+00 -3.25153586e-05 
 5.28014000e-02  2.49905170e+00  3.92017682e+00  2.59012655e+00  2.59088280e+00 -3.25213243e-05 
 5.28064000e-02  2.49906214e+00  3.91925232e+00  2.58919393e+00  2.59003380e+00 -3.25279286e-05 
 5.28114000e-02  2.49907350e+00  3.91823991e+00  2.58817360e+00  2.58909628e+00 -3.25351653e-05 
 5.28164000e-02  2.49908577e+00  3.91714056e+00  2.58706652e+00  2.58807112e+00 -3.25430274e-05 
 5.28214000e-02  2.49909895e+00  3.91595535e+00  2.58587376e+00  2.58695933e+00 -3.25515074e-05 
 5.28264000e-02  2.49911302e+00  3.91468540e+00  2.58459648e+00  2.58576196e+00 -3.25605972e-05 
 5.28314000e-02  2.49912796e+00  3.91333193e+00  2.58323591e+00  2.58448018e+00 -3.25702881e-05 
 5.28364000e-02  2.49914377e+00  3.91189627e+00  2.58179336e+00  2.58311522e+00 -3.25805707e-05 
 5.28414000e-02  2.49916042e+00  3.91037978e+00  2.58027022e+00  2.58166839e+00 -3.25914354e-05 
 5.28464000e-02  2.49917790e+00  3.90878394e+00  2.57866795e+00  2.58014110e+00 -3.26028716e-05 
 5.28514000e-02  2.49919618e+00  3.90711028e+00  2.57698812e+00  2.57853480e+00 -3.26148683e-05 
 5.28564000e-02  2.49921527e+00  3.90536042e+00  2.57523233e+00  2.57685107e+00 -3.26274140e-05 
 5.28614000e-02  2.49923512e+00  3.90353606e+00  2.57340230e+00  2.57509152e+00 -3.26404967e-05 
 5.28664000e-02  2.49925574e+00  3.90163896e+00  2.57149978e+00  2.57325785e+00 -3.26541038e-05 
 5.28714000e-02  2.49927708e+00  3.89967095e+00  2.56952663e+00  2.57135185e+00 -3.26682221e-05 
 5.28764000e-02  2.49929914e+00  3.89763394e+00  2.56748475e+00  2.56937535e+00 -3.26828380e-05 
 5.28814000e-02  2.49932189e+00  3.89552991e+00  2.56537613e+00  2.56733027e+00 -3.26979376e-05 
 5.28864000e-02  2.49934531e+00  3.89336090e+00  2.56320280e+00  2.56521860e+00 -3.27135061e-05 
 5.28914000e-02  2.49936938e+00  3.89112902e+00  2.56096688e+00  2.56304238e+00 -3.27295285e-05 
 5.28964000e-02  2.49939407e+00  3.88883642e+00  2.55867054e+00  2.56080372e+00 -3.27459893e-05 
 5.29014000e-02  2.49941935e+00  3.88648535e+00  2.55631602e+00  2.55850481e+00 -3.27628726e-05 
 5.29064000e-02  2.49944521e+00  3.88407809e+00  2.55390561e+00  2.55614787e+00 -3.27801621e-05 
 5.29114000e-02  2.49947162e+00  3.88161698e+00  2.55144164e+00  2.55373520e+00 -3.27978408e-05 
 5.29164000e-02  2.49949855e+00  3.87910443e+00  2.54892653e+00  2.55126915e+00 -3.28158918e-05 
 5.29214000e-02  2.49952597e+00  3.87654287e+00  2.54636273e+00  2.54875212e+00 -3.28342974e-05 
 5.29264000e-02  2.49955386e+00  3.87393482e+00  2.54375274e+00  2.54618657e+00 -3.28530397e-05 
 5.29314000e-02  2.49958220e+00  3.87128281e+00  2.54109910e+00  2.54357501e+00 -3.28721005e-05 
 5.29364000e-02  2.49961094e+00  3.86858945e+00  2.53840442e+00  2.54091998e+00 -3.28914612e-05 
 5.29414000e-02  2.49964007e+00  3.86585736e+00  2.53567133e+00  2.53822407e+00 -3.29111028e-05 
 5.29464000e-02  2.49966955e+00  3.86308923e+00  2.53290250e+00  2.53548993e+00 -3.29310063e-05 
 5.29514000e-02  2.49969936e+00  3.86028776e+00  2.53010065e+00  2.53272024e+00 -3.29511521e-05 
 5.29564000e-02  2.49972947e+00  3.85745570e+00  2.52726852e+00  2.52991770e+00 -3.29715206e-05 
 5.29614000e-02  2.49975984e+00  3.85459583e+00  2.52440890e+00  2.52708507e+00 -3.29920917e-05 
 5.29664000e-02  2.49979045e+00  3.85171096e+00  2.52152459e+00  2.52422512e+00 -3.30128453e-05 
 5.29714000e-02  2.49982127e+00  3.84880392e+00  2.51861843e+00  2.52134067e+00 -3.30337611e-05 
 5.29764000e-02  2.49985226e+00  3.84587757e+00  2.51569327e+00  2.51843454e+00 -3.30548184e-05 
 5.29814000e-02  2.49988340e+00  3.84293479e+00  2.51275200e+00  2.51550960e+00 -3.30759966e-05 
 5.29864000e-02  2.49991465e+00  3.83997849e+00  2.50979751e+00  2.51256873e+00 -3.30972748e-05 
 5.29914000e-02  2.49994599e+00  3.83701157e+00  2.50683271e+00  2.50961483e+00 -3.31186321e-05 
 5.29964000e-02  2.49997738e+00  3.83403696e+00  2.50386053e+00  2.50665079e+00 -3.31400474e-05 
 5.30014000e-02  2.50000880e+00  3.83105760e+00  2.50088391e+00  2.50367956e+00 -3.31614995e-05 
 5.30064000e-02  2.50004020e+00  3.82807644e+00  2.49790577e+00  2.50070406e+00 -3.31829673e-05 
 5.30114000e-02  2.50007157e+00  3.82509640e+00  2.49492908e+00  2.49772723e+00 -3.32044296e-05 
 5.30164000e-02  2.50010286e+00  3.82212046e+00  2.49195676e+00  2.49475202e+00 -3.32258650e-05 
 5.30214000e-02  2.50013406e+00  3.81915154e+00  2.48899177e+00  2.49178136e+00 -3.32472525e-05 
 5.30264000e-02  2.50016512e+00  3.81619260e+00  2.48603704e+00  2.48881819e+00 -3.32685707e-05 
 5.30314000e-02  2.50019601e+00  3.81324656e+00  2.48309549e+00  2.48586547e+00 -3.32897985e-05 
 5.30364000e-02  2.50022672e+00  3.81031634e+00  2.48017005e+00  2.48292609e+00 -3.33109148e-05 
 5.30414000e-02  2.50025720e+00  3.80740485e+00  2.47726362e+00  2.48000300e+00 -3.33318988e-05 
 5.30464000e-02  2.50028743e+00  3.80451499e+00  2.47437908e+00  2.47709907e+00 -3.33527294e-05 
 5.30514000e-02  2.50031737e+00  3.80164962e+00  2.47151929e+00  2.47421721e+00 -3.33733860e-05 
 5.30564000e-02  2.50034700e+00  3.79881159e+00  2.46868711e+00  2.47136026e+00 -3.33938480e-05 
 5.30614000e-02  2.50037629e+00  3.79600373e+00  2.46588534e+00  2.46853107e+00 -3.34140951e-05 
 5.30664000e-02  2.50040521e+00  3.79322882e+00  2.46311678e+00  2.46573246e+00 -3.34341069e-05 
 5.30714000e-02  2.50043372e+00  3.79048963e+00  2.46038419e+00  2.46296720e+00 -3.34538636e-05 
 5.30764000e-02  2.50046181e+00  3.78778889e+00  2.45769027e+00  2.46023805e+00 -3.34733455e-05 
 5.30814000e-02  2.50048944e+00  3.78512928e+00  2.45503772e+00  2.45754773e+00 -3.34925330e-05 
 5.30864000e-02  2.50051659e+00  3.78251347e+00  2.45242918e+00  2.45489893e+00 -3.35114070e-05 
 5.30914000e-02  2.50054323e+00  3.77994406e+00  2.44986726e+00  2.45229427e+00 -3.35299486e-05 
 5.30964000e-02  2.50056934e+00  3.77742361e+00  2.44735451e+00  2.44973636e+00 -3.35481393e-05 
 5.31014000e-02  2.50059488e+00  3.77495464e+00  2.44489343e+00  2.44722776e+00 -3.35659608e-05 
 5.31064000e-02  2.50061983e+00  3.77253961e+00  2.44248649e+00  2.44477095e+00 -3.35833953e-05 
 5.31114000e-02  2.50064418e+00  3.77018094e+00  2.44013609e+00  2.44236841e+00 -3.36004253e-05 
 5.31164000e-02  2.50066788e+00  3.76788098e+00  2.43784458e+00  2.44002253e+00 -3.36170337e-05 
 5.31214000e-02  2.50069093e+00  3.76564204e+00  2.43561426e+00  2.43773565e+00 -3.36332039e-05 
 5.31264000e-02  2.50071330e+00  3.76346635e+00  2.43344734e+00  2.43551006e+00 -3.36489196e-05 
 5.31314000e-02  2.50073496e+00  3.76135609e+00  2.43134600e+00  2.43334798e+00 -3.36641651e-05 
 5.31364000e-02  2.50075590e+00  3.75931337e+00  2.42931234e+00  2.43125159e+00 -3.36789251e-05 
 5.31414000e-02  2.50077609e+00  3.75734024e+00  2.42734841e+00  2.42922297e+00 -3.36931846e-05 
 5.31464000e-02  2.50079552e+00  3.75543866e+00  2.42545615e+00  2.42726416e+00 -3.37069295e-05 
 5.31514000e-02  2.50081416e+00  3.75361056e+00  2.42363748e+00  2.42537711e+00 -3.37201457e-05 
 5.31564000e-02  2.50083199e+00  3.75185775e+00  2.42189421e+00  2.42356373e+00 -3.37328202e-05 
 5.31614000e-02  2.50084901e+00  3.75018199e+00  2.42022808e+00  2.42182582e+00 -3.37449400e-05 
 5.31664000e-02  2.50086519e+00  3.74858497e+00  2.41864078e+00  2.42016513e+00 -3.37564930e-05 
 5.31714000e-02  2.50088051e+00  3.74706828e+00  2.41713388e+00  2.41858333e+00 -3.37674676e-05 
 5.31764000e-02  2.50089497e+00  3.74563345e+00  2.41570891e+00  2.41708199e+00 -3.37778528e-05 
 5.31814000e-02  2.50090854e+00  3.74428191e+00  2.41436729e+00  2.41566262e+00 -3.37876379e-05 
 5.31864000e-02  2.50092121e+00  3.74301503e+00  2.41311036e+00  2.41432665e+00 -3.37968133e-05 
 5.31914000e-02  2.50093298e+00  3.74183406e+00  2.41193939e+00  2.41307542e+00 -3.38053696e-05 
 5.31964000e-02  2.50094382e+00  3.74074020e+00  2.41085556e+00  2.41191018e+00 -3.38132982e-05 
 5.32014000e-02  2.50095374e+00  3.73973454e+00  2.40985994e+00  2.41083210e+00 -3.38205912e-05 
 5.32064000e-02  2.50096271e+00  3.73881809e+00  2.40895354e+00  2.40984227e+00 -3.38272412e-05 
 5.32114000e-02  2.50097073e+00  3.73799178e+00  2.40813727e+00  2.40894167e+00 -3.38332414e-05 
 5.32164000e-02  2.50097780e+00  3.73725642e+00  2.40741196e+00  2.40813122e+00 -3.38385858e-05 
 5.32214000e-02  2.50098390e+00  3.73661277e+00  2.40677831e+00  2.40741171e+00 -3.38432691e-05 
 5.32264000e-02  2.50098903e+00  3.73606147e+00  2.40623698e+00  2.40678389e+00 -3.38472864e-05 
 5.32314000e-02  2.50099318e+00  3.73560306e+00  2.40578851e+00  2.40624838e+00 -3.38506339e-05 
 5.32364000e-02  2.50099635e+00  3.73523801e+00  2.40543335e+00  2.40580570e+00 -3.38533080e-05 
 5.32414000e-02  2.50099854e+00  3.73496669e+00  2.40517185e+00  2.40545632e+00 -3.38553061e-05 
 5.32464000e-02  2.50099974e+00  3.73478937e+00  2.40500427e+00  2.40520058e+00 -3.38566261e-05 
 5.32514000e-02  2.50099996e+00  3.73470623e+00  2.40493079e+00  2.40503874e+00 -3.38572668e-05 
 5.32564000e-02  2.50099919e+00  3.73471734e+00  2.40495148e+00  2.40497096e+00 -3.38572275e-05 
 5.32614000e-02  2.50099744e+00  3.73482270e+00  2.40506632e+00  2.40499731e+00 -3.38565083e-05 
 5.32664000e-02  2.50099470e+00  3.73502221e+00  2.40527518e+00  2.40511775e+00 -3.38551098e-05 
 5.32714000e-02  2.50099097e+00  3.73531566e+00  2.40557787e+00  2.40533218e+00 -3.38530334e-05 
 5.32764000e-02  2.50098627e+00  3.73570275e+00  2.40597408e+00  2.40564037e+00 -3.38502814e-05 
 5.32814000e-02  2.50098060e+00  3.73618310e+00  2.40646341e+00  2.40604202e+00 -3.38468564e-05 
 5.32864000e-02  2.50097396e+00  3.73675623e+00  2.40704537e+00  2.40653672e+00 -3.38427620e-05 
 5.32914000e-02  2.50096636e+00  3.73742156e+00  2.40771937e+00  2.40712398e+00 -3.38380022e-05 
 5.32964000e-02  2.50095780e+00  3.73817842e+00  2.40848474e+00  2.40780320e+00 -3.38325819e-05 
 5.33014000e-02  2.50094830e+00  3.73902605e+00  2.40934071e+00  2.40857370e+00 -3.38265065e-05 
 5.33064000e-02  2.50093786e+00  3.73996360e+00  2.41028642e+00  2.40943472e+00 -3.38197822e-05 
 5.33114000e-02  2.50092650e+00  3.74099013e+00  2.41132092e+00  2.41038538e+00 -3.38124157e-05 
 5.33164000e-02  2.50091423e+00  3.74210461e+00  2.41244317e+00  2.41142473e+00 -3.38044145e-05 
 5.33214000e-02  2.50090105e+00  3.74330592e+00  2.41365204e+00  2.41255173e+00 -3.37957867e-05 
 5.33264000e-02  2.50088698e+00  3.74459285e+00  2.41494633e+00  2.41376524e+00 -3.37865409e-05 
 5.33314000e-02  2.50087204e+00  3.74596412e+00  2.41632474e+00  2.41506406e+00 -3.37766865e-05 
 5.33364000e-02  2.50085623e+00  3.74741834e+00  2.41778587e+00  2.41644687e+00 -3.37662335e-05 
 5.33414000e-02  2.50083958e+00  3.74895406e+00  2.41932827e+00  2.41791229e+00 -3.37551922e-05 
 5.33464000e-02  2.50082210e+00  3.75056974e+00  2.42095039e+00  2.41945885e+00 -3.37435740e-05 
 5.33514000e-02  2.50080382e+00  3.75226376e+00  2.42265061e+00  2.42108499e+00 -3.37313904e-05 
 5.33564000e-02  2.50078473e+00  3.75403442e+00  2.42442721e+00  2.42278910e+00 -3.37186538e-05 
 5.33614000e-02  2.50076488e+00  3.75587995e+00  2.42627842e+00  2.42456946e+00 -3.37053769e-05 
 5.33664000e-02  2.50074426e+00  3.75779850e+00  2.42820239e+00  2.42642428e+00 -3.36915731e-05 
 5.33714000e-02  2.50072292e+00  3.75978814e+00  2.43019719e+00  2.42835172e+00 -3.36772563e-05 
 5.33764000e-02  2.50070086e+00  3.76184689e+00  2.43226081e+00  2.43034983e+00 -3.36624409e-05 
 5.33814000e-02  2.50067811e+00  3.76397268e+00  2.43439120e+00  2.43241662e+00 -3.36471418e-05 
 5.33864000e-02  2.50065469e+00  3.76616338e+00  2.43658623e+00  2.43455002e+00 -3.36313743e-05 
 5.33914000e-02  2.50063062e+00  3.76841682e+00  2.43884369e+00  2.43674789e+00 -3.36151543e-05 
 5.33964000e-02  2.50060593e+00  3.77073072e+00  2.44116133e+00  2.43900804e+00 -3.35984981e-05 
 5.34014000e-02  2.50058065e+00  3.77310278e+00  2.44353684e+00  2.44132821e+00 -3.35814223e-05 
 5.34064000e-02  2.50055479e+00  3.77553063e+00  2.44596784e+00  2.44370608e+00 -3.35639442e-05 
 5.34114000e-02  2.50052838e+00  3.77801185e+00  2.44845190e+00  2.44613926e+00 -3.35460811e-05 
 5.34164000e-02  2.50050145e+00  3.78054395e+00  2.45098654e+00  2.44862534e+00 -3.35278510e-05 
 5.34214000e-02  2.50047403e+00  3.78312440e+00  2.45356923e+00  2.45116183e+00 -3.35092722e-05 
 5.34264000e-02  2.50044614e+00  3.78575064e+00  2.45619740e+00  2.45374620e+00 -3.34903632e-05 
 5.34314000e-02  2.50041780e+00  3.78842005e+00  2.45886842e+00  2.45637586e+00 -3.34711430e-05 
 5.34364000e-02  2.50038906e+00  3.79112996e+00  2.46157964e+00  2.45904820e+00 -3.34516307e-05 
 5.34414000e-02  2.50035993e+00  3.79387768e+00  2.46432835e+00  2.46176056e+00 -3.34318459e-05 
 5.34464000e-02  2.50033045e+00  3.79666046e+00  2.46711181e+00  2.46451023e+00 -3.34118083e-05 
 5.34514000e-02  2.50030064e+00  3.79947555e+00  2.46992726e+00  2.46729447e+00 -3.33915379e-05 
 5.34564000e-02  2.50027053e+00  3.80232013e+00  2.47277189e+00  2.47011052e+00 -3.33710548e-05 
 5.34614000e-02  2.50024016e+00  3.80519138e+00  2.47564288e+00  2.47295556e+00 -3.33503796e-05 
 5.34664000e-02  2.50020955e+00  3.80808645e+00  2.47853737e+00  2.47582679e+00 -3.33295327e-05 
 5.34714000e-02  2.50017873e+00  3.81100247e+00  2.48145249e+00  2.47872133e+00 -3.33085349e-05 
 5.34764000e-02  2.50014774e+00  3.81393653e+00  2.48438534e+00  2.48163632e+00 -3.32874071e-05 
 5.34814000e-02  2.50011660e+00  3.81688572e+00  2.48733302e+00  2.48456886e+00 -3.32661703e-05 
 5.34864000e-02  2.50008535e+00  3.81984713e+00  2.49029260e+00  2.48751605e+00 -3.32448455e-05 
 5.34914000e-02  2.50005401e+00  3.82281782e+00  2.49326115e+00  2.49047496e+00 -3.32234539e-05 
 5.34964000e-02  2.50002262e+00  3.82579485e+00  2.49623574e+00  2.49344266e+00 -3.32020167e-05 
 5.35014000e-02  2.49999120e+00  3.82877527e+00  2.49921342e+00  2.49641621e+00 -3.31805551e-05 
 5.35064000e-02  2.49995980e+00  3.83175614e+00  2.50219124e+00  2.49939268e+00 -3.31590903e-05 
 5.35114000e-02  2.49992843e+00  3.83473451e+00  2.50516626e+00  2.50236912e+00 -3.31376436e-05 
 5.35164000e-02  2.49989714e+00  3.83770743e+00  2.50813554e+00  2.50534258e+00 -3.31162362e-05 
 5.35214000e-02  2.49986594e+00  3.84067198e+00  2.51109617e+00  2.50831013e+00 -3.30948890e-05 
 5.35264000e-02  2.49983488e+00  3.84362523e+00  2.51404520e+00  2.51126885e+00 -3.30736233e-05 
 5.35314000e-02  2.49980399e+00  3.84656428e+00  2.51697975e+00  2.51421581e+00 -3.30524599e-05 
 5.35364000e-02  2.49977328e+00  3.84948622e+00  2.51989691e+00  2.51714812e+00 -3.30314197e-05 
 5.35414000e-02  2.49974280e+00  3.85238818e+00  2.52279383e+00  2.52006287e+00 -3.30105234e-05 
 5.35464000e-02  2.49971257e+00  3.85526731e+00  2.52566764e+00  2.52295722e+00 -3.29897913e-05 
 5.35514000e-02  2.49968263e+00  3.85812079e+00  2.52851553e+00  2.52582831e+00 -3.29692441e-05 
 5.35564000e-02  2.49965300e+00  3.86094580e+00  2.53133471e+00  2.52867332e+00 -3.29489016e-05 
 5.35614000e-02  2.49962371e+00  3.86373958e+00  2.53412240e+00  2.53148945e+00 -3.29287840e-05 
 5.35664000e-02  2.49959479e+00  3.86649939e+00  2.53687587e+00  2.53427396e+00 -3.29089107e-05 
 5.35714000e-02  2.49956628e+00  3.86922252e+00  2.53959244e+00  2.53702409e+00 -3.28893014e-05 
 5.35764000e-02  2.49953819e+00  3.87190632e+00  2.54226943e+00  2.53973718e+00 -3.28699751e-05 
 5.35814000e-02  2.49951056e+00  3.87454815e+00  2.54490423e+00  2.54241054e+00 -3.28509507e-05 
 5.35864000e-02  2.49948341e+00  3.87714544e+00  2.54749426e+00  2.54504158e+00 -3.28322467e-05 
 5.35914000e-02  2.49945677e+00  3.87969564e+00  2.55003700e+00  2.54762773e+00 -3.28138813e-05 
 5.35964000e-02  2.49943066e+00  3.88219627e+00  2.55252997e+00  2.55016645e+00 -3.27958724e-05 
 5.36014000e-02  2.49940512e+00  3.88464490e+00  2.55497073e+00  2.55265527e+00 -3.27782375e-05 
 5.36064000e-02  2.49938017e+00  3.88703913e+00  2.55735691e+00  2.55509176e+00 -3.27609937e-05 
 5.36114000e-02  2.49935582e+00  3.88937664e+00  2.55968618e+00  2.55747355e+00 -3.27441578e-05 
 5.36164000e-02  2.49933212e+00  3.89165514e+00  2.56195628e+00  2.55979833e+00 -3.27277460e-05 
 5.36214000e-02  2.49930907e+00  3.89387244e+00  2.56416500e+00  2.56206382e+00 -3.27117743e-05 
 5.36264000e-02  2.49928670e+00  3.89602636e+00  2.56631020e+00  2.56426783e+00 -3.26962580e-05 
 5.36314000e-02  2.49926504e+00  3.89811483e+00  2.56838979e+00  2.56640822e+00 -3.26812123e-05 
 5.36364000e-02  2.49924410e+00  3.90013581e+00  2.57040176e+00  2.56848291e+00 -3.26666515e-05 
 5.36414000e-02  2.49922391e+00  3.90208735e+00  2.57234416e+00  2.57048989e+00 -3.26525898e-05 
 5.36464000e-02  2.49920448e+00  3.90396756e+00  2.57421510e+00  2.57242721e+00 -3.26390407e-05 
 5.36514000e-02  2.49918584e+00  3.90577461e+00  2.57601277e+00  2.57429299e+00 -3.26260173e-05 
 5.36564000e-02  2.49916801e+00  3.90750677e+00  2.57773545e+00  2.57608543e+00 -3.26135321e-05 
 5.36614000e-02  2.49915099e+00  3.90916234e+00  2.57938145e+00  2.57780280e+00 -3.26015971e-05 
 5.36664000e-02  2.49913481e+00  3.91073974e+00  2.58094919e+00  2.57944344e+00 -3.25902237e-05 
 5.36714000e-02  2.49911949e+00  3.91223744e+00  2.58243716e+00  2.58100575e+00 -3.25794229e-05 
 5.36764000e-02  2.49910503e+00  3.91365399e+00  2.58384391e+00  2.58248824e+00 -3.25692051e-05 
 5.36814000e-02  2.49909146e+00  3.91498804e+00  2.58516811e+00  2.58388947e+00 -3.25595800e-05 
 5.36864000e-02  2.49907879e+00  3.91623828e+00  2.58640845e+00  2.58520809e+00 -3.25505570e-05 
 5.36914000e-02  2.49906702e+00  3.91740352e+00  2.58756376e+00  2.58644282e+00 -3.25421445e-05 
 5.36964000e-02  2.49905618e+00  3.91848264e+00  2.58863292e+00  2.58759249e+00 -3.25343507e-05 
 5.37014000e-02  2.49904626e+00  3.91947459e+00  2.58961490e+00  2.58865597e+00 -3.25271830e-05 
 5.37064000e-02  2.49903729e+00  3.92037842e+00  2.59050875e+00  2.58963226e+00 -3.25206484e-05 
 5.37114000e-02  2.49902927e+00  3.92119327e+00  2.59131361e+00  2.59052040e+00 -3.25147529e-05 
 5.37164000e-02  2.49902220e+00  3.92191834e+00  2.59202871e+00  2.59131954e+00 -3.25095024e-05 
 5.37214000e-02  2.49901610e+00  3.92255294e+00  2.59265337e+00  2.59202892e+00 -3.25049017e-05 
 5.37264000e-02  2.49901097e+00  3.92309646e+00  2.59318698e+00  2.59264785e+00 -3.25009553e-05 
 5.37314000e-02  2.49900682e+00  3.92354838e+00  2.59362903e+00  2.59317573e+00 -3.24976669e-05 
 5.37364000e-02  2.49900365e+00  3.92390826e+00  2.59397909e+00  2.59361207e+00 -3.24950398e-05 
 5.37414000e-02  2.49900146e+00  3.92417575e+00  2.59423683e+00  2.59395644e+00 -3.24930763e-05 
 5.37464000e-02  2.49900026e+00  3.92435061e+00  2.59440201e+00  2.59420851e+00 -3.24917784e-05 
 5.37514000e-02  2.49900004e+00  3.92443266e+00  2.59447445e+00  2.59436804e+00 -3.24911474e-05 
 5.37564000e-02  2.49900081e+00  3.92442182e+00  2.59445410e+00  2.59443487e+00 -3.24911837e-05 
 5.37614000e-02  2.49900256e+00  3.92431810e+00  2.59434096e+00  2.59440894e+00 -3.24918875e-05 
 5.37664000e-02  2.49900530e+00  3.92412160e+00  2.59413516e+00  2.59429028e+00 -3.24932580e-05 
 5.37714000e-02  2.49900903e+00  3.92383252e+00  2.59383689e+00  2.59407899e+00 -3.24952939e-05 
 5.37764000e-02  2.49901373e+00  3.92345112e+00  2.59344643e+00  2.59377529e+00 -3.24979933e-05 
 5.37814000e-02  2.49901940e+00  3.92297778e+00  2.59296416e+00  2.59337946e+00 -3.25013536e-05 
 5.37864000e-02  2.49902604e+00  3.92241294e+00  2.59239055e+00  2.59289189e+00 -3.25053716e-05 
 5.37914000e-02  2.49903364e+00  3.92175716e+00  2.59172614e+00  2.59231304e+00 -3.25100435e-05 
 5.37964000e-02  2.49904220e+00  3.92101106e+00  2.59097157e+00  2.59164347e+00 -3.25153649e-05 
 5.38014000e-02  2.49905170e+00  3.92017536e+00  2.59012758e+00  2.59088382e+00 -3.25213305e-05 
 5.38064000e-02  2.49906214e+00  3.91925086e+00  2.58919496e+00  2.59003483e+00 -3.25279349e-05 
 5.38114000e-02  2.49907350e+00  3.91823845e+00  2.58817462e+00  2.58909730e+00 -3.25351715e-05 
 5.38164000e-02  2.49908577e+00  3.91713911e+00  2.58706754e+00  2.58807215e+00 -3.25430336e-05 
 5.38214000e-02  2.49909895e+00  3.91595389e+00  2.58587479e+00  2.58696036e+00 -3.25515136e-05 
 5.38264000e-02  2.49911302e+00  3.91468394e+00  2.58459751e+00  2.58576299e+00 -3.25606034e-05 
 5.38314000e-02  2.49912796e+00  3.91333048e+00  2.58323694e+00  2.58448121e+00 -3.25702943e-05 
 5.38364000e-02  2.49914377e+00  3.91189481e+00  2.58179439e+00  2.58311625e+00 -3.25805770e-05 
 5.38414000e-02  2.49916042e+00  3.91037833e+00  2.58027125e+00  2.58166942e+00 -3.25914416e-05 
 5.38464000e-02  2.49917790e+00  3.90878249e+00  2.57866899e+00  2.58014213e+00 -3.26028778e-05 
 5.38514000e-02  2.49919618e+00  3.90710883e+00  2.57698915e+00  2.57853584e+00 -3.26148745e-05 
 5.38564000e-02  2.49921527e+00  3.90535897e+00  2.57523337e+00  2.57685210e+00 -3.26274202e-05 
 5.38614000e-02  2.49923512e+00  3.90353461e+00  2.57340334e+00  2.57509255e+00 -3.26405029e-05 
 5.38664000e-02  2.49925574e+00  3.90163751e+00  2.57150082e+00  2.57325889e+00 -3.26541099e-05 
 5.38714000e-02  2.49927708e+00  3.89966950e+00  2.56952767e+00  2.57135289e+00 -3.26682282e-05 
 5.38764000e-02  2.49929914e+00  3.89763250e+00  2.56748579e+00  2.56937639e+00 -3.26828442e-05 
 5.38814000e-02  2.49932189e+00  3.89552847e+00  2.56537717e+00  2.56733131e+00 -3.26979437e-05 
 5.38864000e-02  2.49934531e+00  3.89335946e+00  2.56320384e+00  2.56521964e+00 -3.27135122e-05 
 5.38914000e-02  2.49936938e+00  3.89112758e+00  2.56096792e+00  2.56304342e+00 -3.27295346e-05 
 5.38964000e-02  2.49939407e+00  3.88883498e+00  2.55867159e+00  2.56080476e+00 -3.27459954e-05 
 5.39014000e-02  2.49941935e+00  3.88648391e+00  2.55631707e+00  2.55850585e+00 -3.27628787e-05 
 5.39064000e-02  2.49944521e+00  3.88407665e+00  2.55390665e+00  2.55614891e+00 -3.27801682e-05 
 5.39114000e-02  2.49947162e+00  3.88161554e+00  2.55144269e+00  2.55373624e+00 -3.27978470e-05 
 5.39164000e-02  2.49949855e+00  3.87910299e+00  2.54892758e+00  2.55127019e+00 -3.28158979e-05 
 5.39214000e-02  2.49952597e+00  3.87654143e+00  2.54636378e+00  2.54875317e+00 -3.28343035e-05 
 5.39264000e-02  2.49955386e+00  3.87393338e+00  2.54375378e+00  2.54618762e+00 -3.28530458e-05 
 5.39314000e-02  2.49958220e+00  3.87128138e+00  2.54110015e+00  2.54357606e+00 -3.28721066e-05 
 5.39364000e-02  2.49961094e+00  3.86858802e+00  2.53840547e+00  2.54092102e+00 -3.28914673e-05 
 5.39414000e-02  2.49964007e+00  3.86585593e+00  2.53567238e+00  2.53822512e+00 -3.29111089e-05 
 5.39464000e-02  2.49966955e+00  3.86308780e+00  2.53290355e+00  2.53549098e+00 -3.29310124e-05 
 5.39514000e-02  2.49969936e+00  3.86028633e+00  2.53010170e+00  2.53272129e+00 -3.29511582e-05 
 5.39564000e-02  2.49972947e+00  3.85745427e+00  2.52726957e+00  2.52991875e+00 -3.29715266e-05 
 5.39614000e-02  2.49975984e+00  3.85459440e+00  2.52440995e+00  2.52708612e+00 -3.29920977e-05 
 5.39664000e-02  2.49979045e+00  3.85170953e+00  2.52152564e+00  2.52422617e+00 -3.30128514e-05 
 5.39714000e-02  2.49982127e+00  3.84880249e+00  2.51861948e+00  2.52134172e+00 -3.30337671e-05 
 5.39764000e-02  2.49985226e+00  3.84587614e+00  2.51569433e+00  2.51843560e+00 -3.30548244e-05 
 5.39814000e-02  2.49988340e+00  3.84293337e+00  2.51275305e+00  2.51551066e+00 -3.30760026e-05 
 5.39864000e-02  2.49991465e+00  3.83997707e+00  2.50979856e+00  2.51256979e+00 -3.30972808e-05 
 5.39914000e-02  2.49994599e+00  3.83701015e+00  2.50683377e+00  2.50961589e+00 -3.31186381e-05 
 5.39964000e-02  2.49997738e+00  3.83403554e+00  2.50386159e+00  2.50665185e+00 -3.31400534e-05 
 5.40014000e-02  2.50000880e+00  3.83105619e+00  2.50088497e+00  2.50368062e+00 -3.31615055e-05 
 5.40064000e-02  2.50004020e+00  3.82807502e+00  2.49790684e+00  2.50070512e+00 -3.31829733e-05 
 5.40114000e-02  2.50007157e+00  3.82509499e+00  2.49493014e+00  2.49772829e+00 -3.32044356e-05 
 5.40164000e-02  2.50010286e+00  3.82211904e+00  2.49195783e+00  2.49475308e+00 -3.32258710e-05 
 5.40214000e-02  2.50013406e+00  3.81915013e+00  2.48899284e+00  2.49178242e+00 -3.32472584e-05 
 5.40264000e-02  2.50016512e+00  3.81619118e+00  2.48603810e+00  2.48881926e+00 -3.32685766e-05 
 5.40314000e-02  2.50019601e+00  3.81324514e+00  2.48309656e+00  2.48586653e+00 -3.32898044e-05 
 5.40364000e-02  2.50022672e+00  3.81031493e+00  2.48017112e+00  2.48292716e+00 -3.33109208e-05 
 5.40414000e-02  2.50025720e+00  3.80740344e+00  2.47726469e+00  2.48000406e+00 -3.33319047e-05 
 5.40464000e-02  2.50028743e+00  3.80451358e+00  2.47438015e+00  2.47710014e+00 -3.33527353e-05 
 5.40514000e-02  2.50031737e+00  3.80164821e+00  2.47152036e+00  2.47421828e+00 -3.33733919e-05 
 5.40564000e-02  2.50034700e+00  3.79881018e+00  2.46868818e+00  2.47136133e+00 -3.33938539e-05 
 5.40614000e-02  2.50037629e+00  3.79600232e+00  2.46588642e+00  2.46853214e+00 -3.34141010e-05 
 5.40664000e-02  2.50040521e+00  3.79322741e+00  2.46311786e+00  2.46573353e+00 -3.34341128e-05 
 5.40714000e-02  2.50043372e+00  3.79048822e+00  2.46038526e+00  2.46296827e+00 -3.34538695e-05 
 5.40764000e-02  2.50046181e+00  3.78778748e+00  2.45769135e+00  2.46023913e+00 -3.34733513e-05 
 5.40814000e-02  2.50048944e+00  3.78512788e+00  2.45503880e+00  2.45754881e+00 -3.34925389e-05 
 5.40864000e-02  2.50051659e+00  3.78251207e+00  2.45243026e+00  2.45490000e+00 -3.35114128e-05 
 5.40914000e-02  2.50054323e+00  3.77994266e+00  2.44986834e+00  2.45229535e+00 -3.35299545e-05 
 5.40964000e-02  2.50056934e+00  3.77742221e+00  2.44735559e+00  2.44973744e+00 -3.35481451e-05 
 5.41014000e-02  2.50059488e+00  3.77495324e+00  2.44489451e+00  2.44722884e+00 -3.35659666e-05 
 5.41064000e-02  2.50061983e+00  3.77253821e+00  2.44248757e+00  2.44477204e+00 -3.35834011e-05 
 5.41114000e-02  2.50064418e+00  3.77017954e+00  2.44013718e+00  2.44236949e+00 -3.36004311e-05 
 5.41164000e-02  2.50066788e+00  3.76787959e+00  2.43784567e+00  2.44002361e+00 -3.36170395e-05 
 5.41214000e-02  2.50069093e+00  3.76564065e+00  2.43561534e+00  2.43773673e+00 -3.36332097e-05 
 5.41264000e-02  2.50071330e+00  3.76346496e+00  2.43344842e+00  2.43551114e+00 -3.36489254e-05 
 5.41314000e-02  2.50073496e+00  3.76135470e+00  2.43134709e+00  2.43334907e+00 -3.36641709e-05 
 5.41364000e-02  2.50075590e+00  3.75931198e+00  2.42931343e+00  2.43125267e+00 -3.36789309e-05 
 5.41414000e-02  2.50077609e+00  3.75733885e+00  2.42734950e+00  2.42922406e+00 -3.36931904e-05 
 5.41464000e-02  2.50079552e+00  3.75543728e+00  2.42545724e+00  2.42726525e+00 -3.37069352e-05 
 5.41514000e-02  2.50081416e+00  3.75360917e+00  2.42363857e+00  2.42537820e+00 -3.37201515e-05 
 5.41564000e-02  2.50083199e+00  3.75185636e+00  2.42189530e+00  2.42356482e+00 -3.37328259e-05 
 5.41614000e-02  2.50084901e+00  3.75018061e+00  2.42022918e+00  2.42182692e+00 -3.37449458e-05 
 5.41664000e-02  2.50086519e+00  3.74858359e+00  2.41864187e+00  2.42016623e+00 -3.37564988e-05 
 5.41714000e-02  2.50088051e+00  3.74706690e+00  2.41713498e+00  2.41858442e+00 -3.37674734e-05 
 5.41764000e-02  2.50089497e+00  3.74563207e+00  2.41571001e+00  2.41708308e+00 -3.37778585e-05 
 5.41814000e-02  2.50090854e+00  3.74428053e+00  2.41436839e+00  2.41566372e+00 -3.37876436e-05 
 5.41864000e-02  2.50092121e+00  3.74301365e+00  2.41311146e+00  2.41432775e+00 -3.37968190e-05 
 5.41914000e-02  2.50093298e+00  3.74183268e+00  2.41194049e+00  2.41307652e+00 -3.38053753e-05 
 5.41964000e-02  2.50094382e+00  3.74073882e+00  2.41085666e+00  2.41191128e+00 -3.38133039e-05 
 5.42014000e-02  2.50095374e+00  3.73973316e+00  2.40986104e+00  2.41083320e+00 -3.38205969e-05 
 5.42064000e-02  2.50096271e+00  3.73881672e+00  2.40895465e+00  2.40984337e+00 -3.38272468e-05 
 5.42114000e-02  2.50097073e+00  3.73799040e+00  2.40813838e+00  2.40894277e+00 -3.38332470e-05 
 5.42164000e-02  2.50097780e+00  3.73725505e+00  2.40741306e+00  2.40813232e+00 -3.38385915e-05 
 5.42214000e-02  2.50098390e+00  3.73661140e+00  2.40677942e+00  2.40741282e+00 -3.38432747e-05 
 5.42264000e-02  2.50098903e+00  3.73606010e+00  2.40623809e+00  2.40678500e+00 -3.38472921e-05 
 5.42314000e-02  2.50099318e+00  3.73560169e+00  2.40578962e+00  2.40624948e+00 -3.38506395e-05 
 5.42364000e-02  2.50099635e+00  3.73523665e+00  2.40543446e+00  2.40580681e+00 -3.38533136e-05 
 5.42414000e-02  2.50099854e+00  3.73496533e+00  2.40517296e+00  2.40545743e+00 -3.38553117e-05 
 5.42464000e-02  2.50099974e+00  3.73478801e+00  2.40500538e+00  2.40520170e+00 -3.38566317e-05 
 5.42514000e-02  2.50099996e+00  3.73470486e+00  2.40493190e+00  2.40503985e+00 -3.38572724e-05 
 5.42564000e-02  2.50099919e+00  3.73471598e+00  2.40495259e+00  2.40497207e+00 -3.38572331e-05 
 5.42614000e-02  2.50099744e+00  3.73482134e+00  2.40506743e+00  2.40499842e+00 -3.38565138e-05 
 5.42664000e-02  2.50099470e+00  3.73502085e+00  2.40527630e+00  2.40511887e+00 -3.38551153e-05 
 5.42714000e-02  2.50099097e+00  3.73531430e+00  2.40557899e+00  2.40533330e+00 -3.38530390e-05 
 5.42764000e-02  2.50098627e+00  3.73570140e+00  2.40597520e+00  2.40564149e+00 -3.38502870e-05 
 5.42814000e-02  2.50098060e+00  3.73618175e+00  2.40646453e+00  2.40604314e+00 -3.38468620e-05 
 5.42864000e-02  2.50097396e+00  3.73675488e+00  2.40704649e+00  2.40653784e+00 -3.38427675e-05 
 5.42914000e-02  2.50096636e+00  3.73742021e+00  2.40772049e+00  2.40712510e+00 -3.38380077e-05 
 5.42964000e-02  2.50095780e+00  3.73817707e+00  2.40848586e+00  2.40780432e+00 -3.38325874e-05 
 5.43014000e-02  2.50094830e+00  3.73902470e+00  2.40934183e+00  2.40857483e+00 -3.38265120e-05 
 5.43064000e-02  2.50093786e+00  3.73996225e+00  2.41028754e+00  2.40943584e+00 -3.38197877e-05 
 5.43114000e-02  2.50092650e+00  3.74098878e+00  2.41132204e+00  2.41038650e+00 -3.38124212e-05 
 5.43164000e-02  2.50091423e+00  3.74210326e+00  2.41244430e+00  2.41142585e+00 -3.38044200e-05 
 5.43214000e-02  2.50090105e+00  3.74330457e+00  2.41365317e+00  2.41255285e+00 -3.37957922e-05 
 5.43264000e-02  2.50088698e+00  3.74459151e+00  2.41494746e+00  2.41376637e+00 -3.37865464e-05 
 5.43314000e-02  2.50087204e+00  3.74596277e+00  2.41632587e+00  2.41506519e+00 -3.37766920e-05 
 5.43364000e-02  2.50085623e+00  3.74741700e+00  2.41778700e+00  2.41644800e+00 -3.37662389e-05 
 5.43414000e-02  2.50083958e+00  3.74895272e+00  2.41932941e+00  2.41791342e+00 -3.37551977e-05 
 5.43464000e-02  2.50082210e+00  3.75056840e+00  2.42095153e+00  2.41945998e+00 -3.37435794e-05 
 5.43514000e-02  2.50080382e+00  3.75226242e+00  2.42265174e+00  2.42108613e+00 -3.37313958e-05 
 5.43564000e-02  2.50078473e+00  3.75403309e+00  2.42442835e+00  2.42279024e+00 -3.37186592e-05 
 5.43614000e-02  2.50076488e+00  3.75587862e+00  2.42627956e+00  2.42457060e+00 -3.37053822e-05 
 5.43664000e-02  2.50074426e+00  3.75779716e+00  2.42820353e+00  2.42642542e+00 -3.36915785e-05 
 5.43714000e-02  2.50072292e+00  3.75978681e+00  2.43019833e+00  2.42835286e+00 -3.36772617e-05 
 5.43764000e-02  2.50070086e+00  3.76184556e+00  2.43226195e+00  2.43035097e+00 -3.36624463e-05 
 5.43814000e-02  2.50067811e+00  3.76397135e+00  2.43439235e+00  2.43241776e+00 -3.36471471e-05 
 5.43864000e-02  2.50065469e+00  3.76616206e+00  2.43658737e+00  2.43455116e+00 -3.36313796e-05 
 5.43914000e-02  2.50063062e+00  3.76841549e+00  2.43884484e+00  2.43674904e+00 -3.36151596e-05 
 5.43964000e-02  2.50060593e+00  3.77072939e+00  2.44116248e+00  2.43900919e+00 -3.35985034e-05 
 5.44014000e-02  2.50058065e+00  3.77310146e+00  2.44353799e+00  2.44132936e+00 -3.35814276e-05 
 5.44064000e-02  2.50055479e+00  3.77552931e+00  2.44596899e+00  2.44370723e+00 -3.35639495e-05 
 5.44114000e-02  2.50052838e+00  3.77801052e+00  2.44845305e+00  2.44614041e+00 -3.35460864e-05 
 5.44164000e-02  2.50050145e+00  3.78054262e+00  2.45098769e+00  2.44862649e+00 -3.35278563e-05 
 5.44214000e-02  2.50047403e+00  3.78312308e+00  2.45357038e+00  2.45116298e+00 -3.35092775e-05 
 5.44264000e-02  2.50044614e+00  3.78574933e+00  2.45619855e+00  2.45374735e+00 -3.34903685e-05 
 5.44314000e-02  2.50041780e+00  3.78841874e+00  2.45886958e+00  2.45637701e+00 -3.34711483e-05 
 5.44364000e-02  2.50038906e+00  3.79112865e+00  2.46158080e+00  2.45904936e+00 -3.34516360e-05 
 5.44414000e-02  2.50035993e+00  3.79387637e+00  2.46432951e+00  2.46176171e+00 -3.34318512e-05 
 5.44464000e-02  2.50033045e+00  3.79665915e+00  2.46711297e+00  2.46451138e+00 -3.34118135e-05 
 5.44514000e-02  2.50030064e+00  3.79947424e+00  2.46992842e+00  2.46729563e+00 -3.33915431e-05 
 5.44564000e-02  2.50027053e+00  3.80231882e+00  2.47277305e+00  2.47011168e+00 -3.33710600e-05 
 5.44614000e-02  2.50024016e+00  3.80519007e+00  2.47564404e+00  2.47295673e+00 -3.33503847e-05 
 5.44664000e-02  2.50020955e+00  3.80808515e+00  2.47853853e+00  2.47582795e+00 -3.33295378e-05 
 5.44714000e-02  2.50017873e+00  3.81100116e+00  2.48145365e+00  2.47872249e+00 -3.33085401e-05 
 5.44764000e-02  2.50014774e+00  3.81393522e+00  2.48438651e+00  2.48163748e+00 -3.32874123e-05 
 5.44814000e-02  2.50011660e+00  3.81688442e+00  2.48733419e+00  2.48457003e+00 -3.32661754e-05 
 5.44864000e-02  2.50008535e+00  3.81984583e+00  2.49029377e+00  2.48751721e+00 -3.32448506e-05 
 5.44914000e-02  2.50005401e+00  3.82281652e+00  2.49326232e+00  2.49047613e+00 -3.32234590e-05 
 5.44964000e-02  2.50002262e+00  3.82579355e+00  2.49623691e+00  2.49344383e+00 -3.32020218e-05 
 5.45014000e-02  2.49999120e+00  3.82877398e+00  2.49921459e+00  2.49641738e+00 -3.31805602e-05 
 5.45064000e-02  2.49995980e+00  3.83175484e+00  2.50219241e+00  2.49939385e+00 -3.31590954e-05 
 5.45114000e-02  2.49992843e+00  3.83473321e+00  2.50516743e+00  2.50237029e+00 -3.31376487e-05 
 5.45164000e-02  2.49989714e+00  3.83770614e+00  2.50813672e+00  2.50534375e+00 -3.31162412e-05 
 5.45214000e-02  2.49986594e+00  3.84067069e+00  2.51109734e+00  2.50831131e+00 -3.30948941e-05 
 5.45264000e-02  2.49983488e+00  3.84362394e+00  2.51404638e+00  2.51127003e+00 -3.30736284e-05 
 5.45314000e-02  2.49980399e+00  3.84656299e+00  2.51698093e+00  2.51421699e+00 -3.30524650e-05 
 5.45364000e-02  2.49977328e+00  3.84948493e+00  2.51989809e+00  2.51714929e+00 -3.30314248e-05 
 5.45414000e-02  2.49974280e+00  3.85238690e+00  2.52279501e+00  2.52006406e+00 -3.30105284e-05 
 5.45464000e-02  2.49971257e+00  3.85526603e+00  2.52566882e+00  2.52295840e+00 -3.29897964e-05 
 5.45514000e-02  2.49968263e+00  3.85811950e+00  2.52851672e+00  2.52582949e+00 -3.29692491e-05 
 5.45564000e-02  2.49965300e+00  3.86094452e+00  2.53133589e+00  2.52867450e+00 -3.29489066e-05 
 5.45614000e-02  2.49962371e+00  3.86373830e+00  2.53412359e+00  2.53149064e+00 -3.29287889e-05 
 5.45664000e-02  2.49959479e+00  3.86649811e+00  2.53687706e+00  2.53427514e+00 -3.29089157e-05 
 5.45714000e-02  2.49956628e+00  3.86922125e+00  2.53959363e+00  2.53702528e+00 -3.28893064e-05 
 5.45764000e-02  2.49953819e+00  3.87190504e+00  2.54227062e+00  2.53973837e+00 -3.28699801e-05 
 5.45814000e-02  2.49951056e+00  3.87454688e+00  2.54490542e+00  2.54241173e+00 -3.28509556e-05 
 5.45864000e-02  2.49948341e+00  3.87714416e+00  2.54749545e+00  2.54504278e+00 -3.28322516e-05 
 5.45914000e-02  2.49945677e+00  3.87969437e+00  2.55003820e+00  2.54762892e+00 -3.28138862e-05 
 5.45964000e-02  2.49943066e+00  3.88219500e+00  2.55253116e+00  2.55016764e+00 -3.27958773e-05 
 5.46014000e-02  2.49940512e+00  3.88464363e+00  2.55497192e+00  2.55265646e+00 -3.27782424e-05 
 5.46064000e-02  2.49938017e+00  3.88703786e+00  2.55735810e+00  2.55509296e+00 -3.27609986e-05 
 5.46114000e-02  2.49935582e+00  3.88937537e+00  2.55968738e+00  2.55747475e+00 -3.27441627e-05 
 5.46164000e-02  2.49933212e+00  3.89165388e+00  2.56195748e+00  2.55979953e+00 -3.27277509e-05 
 5.46214000e-02  2.49930907e+00  3.89387117e+00  2.56416620e+00  2.56206502e+00 -3.27117791e-05 
 5.46264000e-02  2.49928670e+00  3.89602510e+00  2.56631140e+00  2.56426903e+00 -3.26962629e-05 
 5.46314000e-02  2.49926504e+00  3.89811357e+00  2.56839099e+00  2.56640943e+00 -3.26812171e-05 
 5.46364000e-02  2.49924410e+00  3.90013455e+00  2.57040296e+00  2.56848412e+00 -3.26666563e-05 
 5.46414000e-02  2.49922391e+00  3.90208609e+00  2.57234536e+00  2.57049109e+00 -3.26525946e-05 
 5.46464000e-02  2.49920448e+00  3.90396630e+00  2.57421630e+00  2.57242841e+00 -3.26390455e-05 
 5.46514000e-02  2.49918584e+00  3.90577336e+00  2.57601398e+00  2.57429420e+00 -3.26260221e-05 
 5.46564000e-02  2.49916801e+00  3.90750551e+00  2.57773666e+00  2.57608664e+00 -3.26135369e-05 
 5.46614000e-02  2.49915099e+00  3.90916109e+00  2.57938266e+00  2.57780401e+00 -3.26016018e-05 
 5.46664000e-02  2.49913481e+00  3.91073849e+00  2.58095040e+00  2.57944465e+00 -3.25902285e-05 
 5.46714000e-02  2.49911949e+00  3.91223619e+00  2.58243837e+00  2.58100697e+00 -3.25794277e-05 
 5.46764000e-02  2.49910503e+00  3.91365274e+00  2.58384513e+00  2.58248945e+00 -3.25692099e-05 
 5.46814000e-02  2.49909146e+00  3.91498679e+00  2.58516932e+00  2.58389068e+00 -3.25595848e-05 
 5.46864000e-02  2.49907879e+00  3.91623703e+00  2.58640967e+00  2.58520930e+00 -3.25505617e-05 
 5.46914000e-02  2.49906702e+00  3.91740228e+00  2.58756498e+00  2.58644404e+00 -3.25421492e-05 
 5.46964000e-02  2.49905618e+00  3.91848139e+00  2.58863414e+00  2.58759371e+00 -3.25343554e-05 
 5.47014000e-02  2.49904626e+00  3.91947335e+00  2.58961612e+00  2.58865719e+00 -3.25271877e-05 
 5.47064000e-02  2.49903729e+00  3.92037718e+00  2.59050997e+00  2.58963348e+00 -3.25206531e-05 
 5.47114000e-02  2.49902927e+00  3.92119203e+00  2.59131483e+00  2.59052162e+00 -3.25147576e-05 
 5.47164000e-02  2.49902220e+00  3.92191710e+00  2.59202994e+00  2.59132076e+00 -3.25095070e-05 
 5.47214000e-02  2.49901610e+00  3.92255170e+00  2.59265460e+00  2.59203014e+00 -3.25049064e-05 
 5.47264000e-02  2.49901097e+00  3.92309522e+00  2.59318821e+00  2.59264907e+00 -3.25009599e-05 
 5.47314000e-02  2.49900682e+00  3.92354714e+00  2.59363026e+00  2.59317696e+00 -3.24976716e-05 
 5.47364000e-02  2.49900365e+00  3.92390702e+00  2.59398032e+00  2.59361330e+00 -3.24950444e-05 
 5.47414000e-02  2.49900146e+00  3.92417452e+00  2.59423806e+00  2.59395767e+00 -3.24930810e-05 
 5.47464000e-02  2.49900026e+00  3.92434938e+00  2.59440324e+00  2.59420974e+00 -3.24917831e-05 
 5.47514000e-02  2.49900004e+00  3.92443142e+00  2.59447568e+00  2.59436927e+00 -3.24911520e-05 
 5.47564000e-02  2.49900081e+00  3.92442058e+00  2.59445533e+00  2.59443610e+00 -3.24911884e-05 
 5.47614000e-02  2.49900256e+00  3.92431687e+00  2.59434220e+00  2.59441017e+00 -3.24918921e-05 
 5.47664000e-02  2.49900530e+00  3.92412037e+00  2.59413640e+00  2.59429151e+00 -3.24932626e-05 
 5.47714000e-02  2.49900903e+00  3.92383129e+00  2.59383813e+00  2.59408023e+00 -3.24952985e-05 
 5.47764000e-02  2.49901373e+00  3.92344989e+00  2.59344767e+00  2.59377653e+00 -3.24979979e-05 
 5.47814000e-02  2.49901940e+00  3.92297655e+00  2.59296540e+00  2.59338070e+00 -3.25013582e-05 
 5.47864000e-02  2.49902604e+00  3.92241172e+00  2.59239179e+00  2.59289313e+00 -3.25053762e-05 
 5.47914000e-02  2.49903364e+00  3.92175594e+00  2.59172738e+00  2.59231428e+00 -3.25100481e-05 
 5.47964000e-02  2.49904220e+00  3.92100984e+00  2.59097281e+00  2.59164471e+00 -3.25153694e-05 
 5.48014000e-02  2.49905170e+00  3.92017413e+00  2.59012882e+00  2.59088506e+00 -3.25213351e-05 
 5.48064000e-02  2.49906214e+00  3.91924964e+00  2.58919620e+00  2.59003607e+00 -3.25279394e-05 
 5.48114000e-02  2.49907350e+00  3.91823723e+00  2.58817586e+00  2.58909854e+00 -3.25351760e-05 
 5.48164000e-02  2.49908577e+00  3.91713789e+00  2.58706879e+00  2.58807339e+00 -3.25430381e-05 
 5.48214000e-02  2.49909895e+00  3.91595267e+00  2.58587604e+00  2.58696160e+00 -3.25515181e-05 
 5.48264000e-02  2.49911302e+00  3.91468272e+00  2.58459876e+00  2.58576424e+00 -3.25606079e-05 
 5.48314000e-02  2.49912796e+00  3.91332926e+00  2.58323819e+00  2.58448246e+00 -3.25702988e-05 
 5.48364000e-02  2.49914377e+00  3.91189360e+00  2.58179564e+00  2.58311750e+00 -3.25805815e-05 
 5.48414000e-02  2.49916042e+00  3.91037711e+00  2.58027250e+00  2.58167067e+00 -3.25914461e-05 
 5.48464000e-02  2.49917790e+00  3.90878127e+00  2.57867024e+00  2.58014338e+00 -3.26028822e-05 
 5.48514000e-02  2.49919618e+00  3.90710762e+00  2.57699040e+00  2.57853709e+00 -3.26148789e-05 
 5.48564000e-02  2.49921527e+00  3.90535776e+00  2.57523462e+00  2.57685335e+00 -3.26274247e-05 
 5.48614000e-02  2.49923512e+00  3.90353340e+00  2.57340459e+00  2.57509381e+00 -3.26405073e-05 
 5.48664000e-02  2.49925574e+00  3.90163630e+00  2.57150207e+00  2.57326014e+00 -3.26541144e-05 
 5.48714000e-02  2.49927708e+00  3.89966829e+00  2.56952892e+00  2.57135414e+00 -3.26682327e-05 
 5.48764000e-02  2.49929914e+00  3.89763129e+00  2.56748705e+00  2.56937764e+00 -3.26828486e-05 
 5.48814000e-02  2.49932189e+00  3.89552727e+00  2.56537842e+00  2.56733257e+00 -3.26979481e-05 
 5.48864000e-02  2.49934531e+00  3.89335826e+00  2.56320510e+00  2.56522089e+00 -3.27135166e-05 
 5.48914000e-02  2.49936938e+00  3.89112637e+00  2.56096918e+00  2.56304467e+00 -3.27295390e-05 
 5.48964000e-02  2.49939407e+00  3.88883378e+00  2.55867285e+00  2.56080602e+00 -3.27459998e-05 
 5.49014000e-02  2.49941935e+00  3.88648271e+00  2.55631833e+00  2.55850711e+00 -3.27628831e-05 
 5.49064000e-02  2.49944521e+00  3.88407545e+00  2.55390791e+00  2.55615017e+00 -3.27801726e-05 
 5.49114000e-02  2.49947162e+00  3.88161435e+00  2.55144395e+00  2.55373750e+00 -3.27978513e-05 
 5.49164000e-02  2.49949855e+00  3.87910179e+00  2.54892884e+00  2.55127146e+00 -3.28159023e-05 
 5.49214000e-02  2.49952597e+00  3.87654024e+00  2.54636504e+00  2.54875443e+00 -3.28343079e-05 
 5.49264000e-02  2.49955386e+00  3.87393219e+00  2.54375505e+00  2.54618889e+00 -3.28530502e-05 
 5.49314000e-02  2.49958220e+00  3.87128018e+00  2.54110142e+00  2.54357732e+00 -3.28721109e-05 
 5.49364000e-02  2.49961094e+00  3.86858682e+00  2.53840673e+00  2.54092229e+00 -3.28914716e-05 
 5.49414000e-02  2.49964007e+00  3.86585474e+00  2.53567364e+00  2.53822639e+00 -3.29111133e-05 
 5.49464000e-02  2.49966955e+00  3.86308661e+00  2.53290482e+00  2.53549225e+00 -3.29310167e-05 
 5.49514000e-02  2.49969936e+00  3.86028514e+00  2.53010297e+00  2.53272256e+00 -3.29511625e-05 
 5.49564000e-02  2.49972947e+00  3.85745308e+00  2.52727084e+00  2.52992002e+00 -3.29715310e-05 
 5.49614000e-02  2.49975984e+00  3.85459321e+00  2.52441122e+00  2.52708739e+00 -3.29921021e-05 
 5.49664000e-02  2.49979045e+00  3.85170834e+00  2.52152691e+00  2.52422744e+00 -3.30128557e-05 
 5.49714000e-02  2.49982127e+00  3.84880130e+00  2.51862075e+00  2.52134299e+00 -3.30337714e-05 
 5.49764000e-02  2.49985226e+00  3.84587496e+00  2.51569560e+00  2.51843687e+00 -3.30548287e-05 
 5.49814000e-02  2.49988340e+00  3.84293219e+00  2.51275433e+00  2.51551193e+00 -3.30760069e-05 
 5.49864000e-02  2.49991465e+00  3.83997588e+00  2.50979984e+00  2.51257107e+00 -3.30972851e-05 
 5.49914000e-02  2.49994599e+00  3.83700897e+00  2.50683504e+00  2.50961716e+00 -3.31186424e-05 
 5.49964000e-02  2.49997738e+00  3.83403436e+00  2.50386287e+00  2.50665313e+00 -3.31400576e-05 
 5.50014000e-02  2.50000880e+00  3.83105501e+00  2.50088625e+00  2.50368190e+00 -3.31615098e-05 
 5.50064000e-02  2.50004020e+00  3.82807384e+00  2.49790811e+00  2.50070640e+00 -3.31829776e-05 
 5.50114000e-02  2.50007157e+00  3.82509381e+00  2.49493142e+00  2.49772957e+00 -3.32044398e-05 
 5.50164000e-02  2.50010286e+00  3.82211787e+00  2.49195911e+00  2.49475436e+00 -3.32258752e-05 
 5.50214000e-02  2.50013406e+00  3.81914895e+00  2.48899412e+00  2.49178370e+00 -3.32472627e-05 
 5.50264000e-02  2.50016512e+00  3.81619001e+00  2.48603939e+00  2.48882054e+00 -3.32685808e-05 
 5.50314000e-02  2.50019601e+00  3.81324397e+00  2.48309784e+00  2.48586781e+00 -3.32898086e-05 
 5.50364000e-02  2.50022672e+00  3.81031375e+00  2.48017240e+00  2.48292844e+00 -3.33109250e-05 
 5.50414000e-02  2.50025720e+00  3.80740227e+00  2.47726597e+00  2.48000535e+00 -3.33319089e-05 
 5.50464000e-02  2.50028743e+00  3.80451241e+00  2.47438143e+00  2.47710143e+00 -3.33527395e-05 
 5.50514000e-02  2.50031737e+00  3.80164704e+00  2.47152165e+00  2.47421956e+00 -3.33733961e-05 
 5.50564000e-02  2.50034700e+00  3.79880902e+00  2.46868947e+00  2.47136262e+00 -3.33938581e-05 
 5.50614000e-02  2.50037629e+00  3.79600115e+00  2.46588771e+00  2.46853343e+00 -3.34141051e-05 
 5.50664000e-02  2.50040521e+00  3.79322625e+00  2.46311915e+00  2.46573482e+00 -3.34341170e-05 
 5.50714000e-02  2.50043372e+00  3.79048706e+00  2.46038655e+00  2.46296956e+00 -3.34538737e-05 
 5.50764000e-02  2.50046181e+00  3.78778632e+00  2.45769264e+00  2.46024042e+00 -3.34733555e-05 
 5.50814000e-02  2.50048944e+00  3.78512672e+00  2.45504009e+00  2.45755010e+00 -3.34925430e-05 
 5.50864000e-02  2.50051659e+00  3.78251091e+00  2.45243155e+00  2.45490130e+00 -3.35114170e-05 
 5.50914000e-02  2.50054323e+00  3.77994150e+00  2.44986963e+00  2.45229664e+00 -3.35299586e-05 
 5.50964000e-02  2.50056934e+00  3.77742105e+00  2.44735688e+00  2.44973874e+00 -3.35481492e-05 
 5.51014000e-02  2.50059488e+00  3.77495208e+00  2.44489581e+00  2.44723013e+00 -3.35659707e-05 
 5.51064000e-02  2.50061983e+00  3.77253705e+00  2.44248887e+00  2.44477333e+00 -3.35834052e-05 
 5.51114000e-02  2.50064418e+00  3.77017839e+00  2.44013847e+00  2.44237079e+00 -3.36004352e-05 
 5.51164000e-02  2.50066788e+00  3.76787843e+00  2.43784697e+00  2.44002491e+00 -3.36170436e-05 
 5.51214000e-02  2.50069093e+00  3.76563949e+00  2.43561664e+00  2.43773803e+00 -3.36332138e-05 
 5.51264000e-02  2.50071330e+00  3.76346381e+00  2.43344972e+00  2.43551244e+00 -3.36489295e-05 
 5.51314000e-02  2.50073496e+00  3.76135355e+00  2.43134839e+00  2.43335037e+00 -3.36641750e-05 
 5.51364000e-02  2.50075590e+00  3.75931083e+00  2.42931473e+00  2.43125397e+00 -3.36789349e-05 
 5.51414000e-02  2.50077609e+00  3.75733770e+00  2.42735080e+00  2.42922536e+00 -3.36931945e-05 
 5.51464000e-02  2.50079552e+00  3.75543613e+00  2.42545855e+00  2.42726655e+00 -3.37069393e-05 
 5.51514000e-02  2.50081416e+00  3.75360802e+00  2.42363987e+00  2.42537951e+00 -3.37201555e-05 
 5.51564000e-02  2.50083199e+00  3.75185522e+00  2.42189660e+00  2.42356613e+00 -3.37328300e-05 
 5.51614000e-02  2.50084901e+00  3.75017946e+00  2.42023048e+00  2.42182822e+00 -3.37449498e-05 
 5.51664000e-02  2.50086519e+00  3.74858244e+00  2.41864318e+00  2.42016753e+00 -3.37565028e-05 
 5.51714000e-02  2.50088051e+00  3.74706576e+00  2.41713629e+00  2.41858573e+00 -3.37674774e-05 
 5.51764000e-02  2.50089497e+00  3.74563093e+00  2.41571132e+00  2.41708439e+00 -3.37778625e-05 
 5.51814000e-02  2.50090854e+00  3.74427939e+00  2.41436970e+00  2.41566503e+00 -3.37876476e-05 
 5.51864000e-02  2.50092121e+00  3.74301251e+00  2.41311277e+00  2.41432906e+00 -3.37968230e-05 
 5.51914000e-02  2.50093298e+00  3.74183154e+00  2.41194180e+00  2.41307783e+00 -3.38053793e-05 
 5.51964000e-02  2.50094382e+00  3.74073768e+00  2.41085797e+00  2.41191259e+00 -3.38133079e-05 
 5.52014000e-02  2.50095374e+00  3.73973203e+00  2.40986236e+00  2.41083452e+00 -3.38206009e-05 
 5.52064000e-02  2.50096271e+00  3.73881558e+00  2.40895596e+00  2.40984468e+00 -3.38272508e-05 
 5.52114000e-02  2.50097073e+00  3.73798927e+00  2.40813970e+00  2.40894409e+00 -3.38332510e-05 
 5.52164000e-02  2.50097780e+00  3.73725392e+00  2.40741438e+00  2.40813364e+00 -3.38385954e-05 
 5.52214000e-02  2.50098390e+00  3.73661027e+00  2.40678074e+00  2.40741414e+00 -3.38432787e-05 
 5.52264000e-02  2.50098903e+00  3.73605897e+00  2.40623941e+00  2.40678632e+00 -3.38472960e-05 
 5.52314000e-02  2.50099318e+00  3.73560056e+00  2.40579094e+00  2.40625080e+00 -3.38506434e-05 
 5.52364000e-02  2.50099635e+00  3.73523552e+00  2.40543578e+00  2.40580813e+00 -3.38533175e-05 
 5.52414000e-02  2.50099854e+00  3.73496420e+00  2.40517428e+00  2.40545876e+00 -3.38553156e-05 
 5.52464000e-02  2.50099974e+00  3.73478688e+00  2.40500671e+00  2.40520302e+00 -3.38566356e-05 
 5.52514000e-02  2.50099996e+00  3.73470374e+00  2.40493323e+00  2.40504118e+00 -3.38572763e-05 
 5.52564000e-02  2.50099919e+00  3.73471486e+00  2.40495392e+00  2.40497340e+00 -3.38572370e-05 
 5.52614000e-02  2.50099744e+00  3.73482022e+00  2.40506876e+00  2.40499975e+00 -3.38565177e-05 
 5.52664000e-02  2.50099470e+00  3.73501973e+00  2.40527763e+00  2.40512019e+00 -3.38551192e-05 
 5.52714000e-02  2.50099097e+00  3.73531318e+00  2.40558032e+00  2.40533462e+00 -3.38530429e-05 
 5.52764000e-02  2.50098627e+00  3.73570028e+00  2.40597653e+00  2.40564282e+00 -3.38502908e-05 
 5.52814000e-02  2.50098060e+00  3.73618063e+00  2.40646586e+00  2.40604447e+00 -3.38468658e-05 
 5.52864000e-02  2.50097396e+00  3.73675376e+00  2.40704782e+00  2.40653917e+00 -3.38427714e-05 
 5.52914000e-02  2.50096636e+00  3.73741909e+00  2.40772183e+00  2.40712643e+00 -3.38380115e-05 
 5.52964000e-02  2.50095780e+00  3.73817595e+00  2.40848720e+00  2.40780565e+00 -3.38325912e-05 
 5.53014000e-02  2.50094830e+00  3.73902359e+00  2.40934317e+00  2.40857616e+00 -3.38265158e-05 
 5.53064000e-02  2.50093786e+00  3.73996114e+00  2.41028888e+00  2.40943718e+00 -3.38197915e-05 
 5.53114000e-02  2.50092650e+00  3.74098767e+00  2.41132338e+00  2.41038784e+00 -3.38124250e-05 
 5.53164000e-02  2.50091423e+00  3.74210215e+00  2.41244563e+00  2.41142719e+00 -3.38044238e-05 
 5.53214000e-02  2.50090105e+00  3.74330346e+00  2.41365451e+00  2.41255419e+00 -3.37957959e-05 
 5.53264000e-02  2.50088698e+00  3.74459040e+00  2.41494880e+00  2.41376771e+00 -3.37865501e-05 
 5.53314000e-02  2.50087204e+00  3.74596167e+00  2.41632721e+00  2.41506653e+00 -3.37766957e-05 
 5.53364000e-02  2.50085623e+00  3.74741589e+00  2.41778835e+00  2.41644934e+00 -3.37662427e-05 
 5.53414000e-02  2.50083958e+00  3.74895162e+00  2.41933075e+00  2.41791476e+00 -3.37552014e-05 
 5.53464000e-02  2.50082210e+00  3.75056730e+00  2.42095287e+00  2.41946132e+00 -3.37435831e-05 
 5.53514000e-02  2.50080382e+00  3.75226132e+00  2.42265309e+00  2.42108747e+00 -3.37313995e-05 
 5.53564000e-02  2.50078473e+00  3.75403198e+00  2.42442969e+00  2.42279158e+00 -3.37186629e-05 
 5.53614000e-02  2.50076488e+00  3.75587752e+00  2.42628091e+00  2.42457194e+00 -3.37053859e-05 
 5.53664000e-02  2.50074426e+00  3.75779606e+00  2.42820488e+00  2.42642677e+00 -3.36915821e-05 
 5.53714000e-02  2.50072292e+00  3.75978571e+00  2.43019968e+00  2.42835420e+00 -3.36772653e-05 
 5.53764000e-02  2.50070086e+00  3.76184446e+00  2.43226330e+00  2.43035232e+00 -3.36624499e-05 
 5.53814000e-02  2.50067811e+00  3.76397025e+00  2.43439370e+00  2.43241911e+00 -3.36471508e-05 
 5.53864000e-02  2.50065469e+00  3.76616096e+00  2.43658872e+00  2.43455251e+00 -3.36313833e-05 
 5.53914000e-02  2.50063062e+00  3.76841440e+00  2.43884619e+00  2.43675039e+00 -3.36151633e-05 
 5.53964000e-02  2.50060593e+00  3.77072830e+00  2.44116383e+00  2.43901054e+00 -3.35985070e-05 
 5.54014000e-02  2.50058065e+00  3.77310037e+00  2.44353934e+00  2.44133071e+00 -3.35814313e-05 
 5.54064000e-02  2.50055479e+00  3.77552822e+00  2.44597034e+00  2.44370858e+00 -3.35639531e-05 
 5.54114000e-02  2.50052838e+00  3.77800944e+00  2.44845440e+00  2.44614177e+00 -3.35460900e-05 
 5.54164000e-02  2.50050145e+00  3.78054154e+00  2.45098905e+00  2.44862785e+00 -3.35278599e-05 
 5.54214000e-02  2.50047403e+00  3.78312200e+00  2.45357174e+00  2.45116434e+00 -3.35092811e-05 
 5.54264000e-02  2.50044614e+00  3.78574824e+00  2.45619992e+00  2.45374871e+00 -3.34903721e-05 
 5.54314000e-02  2.50041780e+00  3.78841765e+00  2.45887094e+00  2.45637837e+00 -3.34711518e-05 
 5.54364000e-02  2.50038906e+00  3.79112757e+00  2.46158216e+00  2.45905072e+00 -3.34516396e-05 
 5.54414000e-02  2.50035993e+00  3.79387528e+00  2.46433087e+00  2.46176308e+00 -3.34318547e-05 
 5.54464000e-02  2.50033045e+00  3.79665807e+00  2.46711434e+00  2.46451275e+00 -3.34118171e-05 
 5.54514000e-02  2.50030064e+00  3.79947316e+00  2.46992979e+00  2.46729699e+00 -3.33915466e-05 
 5.54564000e-02  2.50027053e+00  3.80231774e+00  2.47277442e+00  2.47011304e+00 -3.33710635e-05 
 5.54614000e-02  2.50024016e+00  3.80518900e+00  2.47564541e+00  2.47295809e+00 -3.33503883e-05 
 5.54664000e-02  2.50020955e+00  3.80808407e+00  2.47853990e+00  2.47582932e+00 -3.33295414e-05 
 5.54714000e-02  2.50017873e+00  3.81100009e+00  2.48145502e+00  2.47872386e+00 -3.33085436e-05 
 5.54764000e-02  2.50014774e+00  3.81393415e+00  2.48438788e+00  2.48163885e+00 -3.32874157e-05 
 5.54814000e-02  2.50011660e+00  3.81688335e+00  2.48733556e+00  2.48457140e+00 -3.32661789e-05 
 5.54864000e-02  2.50008535e+00  3.81984476e+00  2.49029514e+00  2.48751859e+00 -3.32448541e-05 
 5.54914000e-02  2.50005401e+00  3.82281545e+00  2.49326370e+00  2.49047750e+00 -3.32234625e-05 
 5.54964000e-02  2.50002262e+00  3.82579249e+00  2.49623829e+00  2.49344520e+00 -3.32020253e-05 
 5.55014000e-02  2.49999120e+00  3.82877291e+00  2.49921596e+00  2.49641876e+00 -3.31805636e-05 
 5.55064000e-02  2.49995980e+00  3.83175378e+00  2.50219379e+00  2.49939523e+00 -3.31590989e-05 
 5.55114000e-02  2.49992843e+00  3.83473215e+00  2.50516881e+00  2.50237167e+00 -3.31376521e-05 
 5.55164000e-02  2.49989714e+00  3.83770507e+00  2.50813810e+00  2.50534513e+00 -3.31162446e-05 
 5.55214000e-02  2.49986594e+00  3.84066963e+00  2.51109872e+00  2.50831269e+00 -3.30948975e-05 
 5.55264000e-02  2.49983488e+00  3.84362288e+00  2.51404776e+00  2.51127141e+00 -3.30736318e-05 
 5.55314000e-02  2.49980399e+00  3.84656193e+00  2.51698231e+00  2.51421837e+00 -3.30524684e-05 
 5.55364000e-02  2.49977328e+00  3.84948387e+00  2.51989948e+00  2.51715068e+00 -3.30314281e-05 
 5.55414000e-02  2.49974280e+00  3.85238584e+00  2.52279639e+00  2.52006544e+00 -3.30105317e-05 
 5.55464000e-02  2.49971257e+00  3.85526497e+00  2.52567021e+00  2.52295979e+00 -3.29897997e-05 
 5.55514000e-02  2.49968263e+00  3.85811845e+00  2.52851811e+00  2.52583088e+00 -3.29692524e-05 
 5.55564000e-02  2.49965300e+00  3.86094346e+00  2.53133728e+00  2.52867589e+00 -3.29489100e-05 
 5.55614000e-02  2.49962371e+00  3.86373725e+00  2.53412498e+00  2.53149203e+00 -3.29287923e-05 
 5.55664000e-02  2.49959479e+00  3.86649706e+00  2.53687845e+00  2.53427653e+00 -3.29089190e-05 
 5.55714000e-02  2.49956628e+00  3.86922020e+00  2.53959502e+00  2.53702667e+00 -3.28893097e-05 
 5.55764000e-02  2.49953819e+00  3.87190399e+00  2.54227201e+00  2.53973976e+00 -3.28699834e-05 
 5.55814000e-02  2.49951056e+00  3.87454583e+00  2.54490681e+00  2.54241313e+00 -3.28509589e-05 
 5.55864000e-02  2.49948341e+00  3.87714312e+00  2.54749685e+00  2.54504417e+00 -3.28322549e-05 
 5.55914000e-02  2.49945677e+00  3.87969332e+00  2.55003959e+00  2.54763032e+00 -3.28138895e-05 
 5.55964000e-02  2.49943066e+00  3.88219396e+00  2.55253256e+00  2.55016904e+00 -3.27958806e-05 
 5.56014000e-02  2.49940512e+00  3.88464259e+00  2.55497332e+00  2.55265786e+00 -3.27782457e-05 
 5.56064000e-02  2.49938017e+00  3.88703682e+00  2.55735950e+00  2.55509436e+00 -3.27610019e-05 
 5.56114000e-02  2.49935582e+00  3.88937433e+00  2.55968878e+00  2.55747615e+00 -3.27441659e-05 
 5.56164000e-02  2.49933212e+00  3.89165284e+00  2.56195888e+00  2.55980093e+00 -3.27277541e-05 
 5.56214000e-02  2.49930907e+00  3.89387013e+00  2.56416760e+00  2.56206642e+00 -3.27117824e-05 
 5.56264000e-02  2.49928670e+00  3.89602406e+00  2.56631280e+00  2.56427044e+00 -3.26962661e-05 
 5.56314000e-02  2.49926504e+00  3.89811253e+00  2.56839240e+00  2.56641083e+00 -3.26812203e-05 
 5.56364000e-02  2.49924410e+00  3.90013352e+00  2.57040437e+00  2.56848552e+00 -3.26666595e-05 
 5.56414000e-02  2.49922391e+00  3.90208506e+00  2.57234677e+00  2.57049250e+00 -3.26525978e-05 
 5.56464000e-02  2.49920448e+00  3.90396527e+00  2.57421771e+00  2.57242982e+00 -3.26390487e-05 
 5.56514000e-02  2.49918584e+00  3.90577233e+00  2.57601539e+00  2.57429561e+00 -3.26260253e-05 
 5.56564000e-02  2.49916801e+00  3.90750448e+00  2.57773807e+00  2.57608805e+00 -3.26135400e-05 
 5.56614000e-02  2.49915099e+00  3.90916006e+00  2.57938407e+00  2.57780542e+00 -3.26016050e-05 
 5.56664000e-02  2.49913481e+00  3.91073746e+00  2.58095181e+00  2.57944606e+00 -3.25902316e-05 
 5.56714000e-02  2.49911949e+00  3.91223516e+00  2.58243978e+00  2.58100838e+00 -3.25794308e-05 
 5.56764000e-02  2.49910503e+00  3.91365172e+00  2.58384654e+00  2.58249087e+00 -3.25692130e-05 
 5.56814000e-02  2.49909146e+00  3.91498576e+00  2.58517074e+00  2.58389210e+00 -3.25595879e-05 
 5.56864000e-02  2.49907879e+00  3.91623601e+00  2.58641109e+00  2.58521072e+00 -3.25505648e-05 
 5.56914000e-02  2.49906702e+00  3.91740125e+00  2.58756640e+00  2.58644546e+00 -3.25421523e-05 
 5.56964000e-02  2.49905618e+00  3.91848037e+00  2.58863556e+00  2.58759512e+00 -3.25343585e-05 
 5.57014000e-02  2.49904626e+00  3.91947233e+00  2.58961753e+00  2.58865861e+00 -3.25271908e-05 
 5.57064000e-02  2.49903729e+00  3.92037616e+00  2.59051139e+00  2.58963490e+00 -3.25206561e-05 
 5.57114000e-02  2.49902927e+00  3.92119101e+00  2.59131625e+00  2.59052304e+00 -3.25147607e-05 
 5.57164000e-02  2.49902220e+00  3.92191608e+00  2.59203136e+00  2.59132218e+00 -3.25095101e-05 
 5.57214000e-02  2.49901610e+00  3.92255069e+00  2.59265602e+00  2.59203156e+00 -3.25049094e-05 
 5.57264000e-02  2.49901097e+00  3.92309421e+00  2.59318963e+00  2.59265050e+00 -3.25009630e-05 
 5.57314000e-02  2.49900682e+00  3.92354613e+00  2.59363168e+00  2.59317838e+00 -3.24976746e-05 
 5.57364000e-02  2.49900365e+00  3.92390601e+00  2.59398175e+00  2.59361472e+00 -3.24950474e-05 
 5.57414000e-02  2.49900146e+00  3.92417351e+00  2.59423949e+00  2.59395909e+00 -3.24930840e-05 
 5.57464000e-02  2.49900026e+00  3.92434837e+00  2.59440466e+00  2.59421117e+00 -3.24917861e-05 
 5.57514000e-02  2.49900004e+00  3.92443042e+00  2.59447711e+00  2.59437069e+00 -3.24911550e-05 
 5.57564000e-02  2.49900081e+00  3.92441958e+00  2.59445676e+00  2.59443753e+00 -3.24911913e-05 
 5.57614000e-02  2.49900256e+00  3.92431586e+00  2.59434363e+00  2.59441160e+00 -3.24918951e-05 
 5.57664000e-02  2.49900530e+00  3.92411937e+00  2.59413783e+00  2.59429294e+00 -3.24932656e-05 
 5.57714000e-02  2.49900903e+00  3.92383029e+00  2.59383956e+00  2.59408166e+00 -3.24953015e-05 
 5.57764000e-02  2.49901373e+00  3.92344889e+00  2.59344910e+00  2.59377796e+00 -3.24980008e-05 
 5.57814000e-02  2.49901940e+00  3.92297555e+00  2.59296684e+00  2.59338213e+00 -3.25013611e-05 
 5.57864000e-02  2.49902604e+00  3.92241072e+00  2.59239322e+00  2.59289456e+00 -3.25053791e-05 
 5.57914000e-02  2.49903364e+00  3.92175494e+00  2.59172882e+00  2.59231571e+00 -3.25100510e-05 
 5.57964000e-02  2.49904220e+00  3.92100884e+00  2.59097425e+00  2.59164614e+00 -3.25153723e-05 
 5.58014000e-02  2.49905170e+00  3.92017314e+00  2.59013026e+00  2.59088650e+00 -3.25213380e-05 
 5.58064000e-02  2.49906214e+00  3.91924864e+00  2.58919764e+00  2.59003751e+00 -3.25279423e-05 
 5.58114000e-02  2.49907350e+00  3.91823623e+00  2.58817730e+00  2.58909998e+00 -3.25351790e-05 
 5.58164000e-02  2.49908577e+00  3.91713689e+00  2.58707023e+00  2.58807483e+00 -3.25430410e-05 
 5.58214000e-02  2.49909895e+00  3.91595168e+00  2.58587748e+00  2.58696304e+00 -3.25515210e-05 
 5.58264000e-02  2.49911302e+00  3.91468173e+00  2.58460020e+00  2.58576568e+00 -3.25606108e-05 
 5.58314000e-02  2.49912796e+00  3.91332827e+00  2.58323963e+00  2.58448390e+00 -3.25703017e-05 
 5.58364000e-02  2.49914377e+00  3.91189261e+00  2.58179708e+00  2.58311894e+00 -3.25805843e-05 
 5.58414000e-02  2.49916042e+00  3.91037613e+00  2.58027394e+00  2.58167212e+00 -3.25914489e-05 
 5.58464000e-02  2.49917790e+00  3.90878029e+00  2.57867168e+00  2.58014482e+00 -3.26028851e-05 
 5.58514000e-02  2.49919618e+00  3.90710663e+00  2.57699185e+00  2.57853853e+00 -3.26148818e-05 
 5.58564000e-02  2.49921527e+00  3.90535678e+00  2.57523607e+00  2.57685480e+00 -3.26274275e-05 
 5.58614000e-02  2.49923512e+00  3.90353242e+00  2.57340604e+00  2.57509525e+00 -3.26405102e-05 
 5.58664000e-02  2.49925574e+00  3.90163532e+00  2.57150352e+00  2.57326159e+00 -3.26541172e-05 
 5.58714000e-02  2.49927708e+00  3.89966731e+00  2.56953037e+00  2.57135559e+00 -3.26682355e-05 
 5.58764000e-02  2.49929914e+00  3.89763031e+00  2.56748850e+00  2.56937909e+00 -3.26828514e-05 
 5.58814000e-02  2.49932189e+00  3.89552628e+00  2.56537987e+00  2.56733402e+00 -3.26979509e-05 
 5.58864000e-02  2.49934531e+00  3.89335728e+00  2.56320655e+00  2.56522235e+00 -3.27135194e-05 
 5.58914000e-02  2.49936938e+00  3.89112540e+00  2.56097063e+00  2.56304613e+00 -3.27295418e-05 
 5.58964000e-02  2.49939407e+00  3.88883281e+00  2.55867430e+00  2.56080747e+00 -3.27460026e-05 
 5.59014000e-02  2.49941935e+00  3.88648174e+00  2.55631978e+00  2.55850856e+00 -3.27628859e-05 
 5.59064000e-02  2.49944521e+00  3.88407448e+00  2.55390937e+00  2.55615163e+00 -3.27801753e-05 
 5.59114000e-02  2.49947162e+00  3.88161337e+00  2.55144541e+00  2.55373896e+00 -3.27978541e-05 
 5.59164000e-02  2.49949855e+00  3.87910082e+00  2.54893030e+00  2.55127291e+00 -3.28159051e-05 
 5.59214000e-02  2.49952597e+00  3.87653927e+00  2.54636650e+00  2.54875589e+00 -3.28343106e-05 
 5.59264000e-02  2.49955386e+00  3.87393121e+00  2.54375651e+00  2.54619034e+00 -3.28530529e-05 
 5.59314000e-02  2.49958220e+00  3.87127921e+00  2.54110288e+00  2.54357878e+00 -3.28721137e-05 
 5.59364000e-02  2.49961094e+00  3.86858585e+00  2.53840820e+00  2.54092375e+00 -3.28914743e-05 
 5.59414000e-02  2.49964007e+00  3.86585377e+00  2.53567511e+00  2.53822785e+00 -3.29111160e-05 
 5.59464000e-02  2.49966955e+00  3.86308564e+00  2.53290628e+00  2.53549371e+00 -3.29310194e-05 
 5.59514000e-02  2.49969936e+00  3.86028417e+00  2.53010443e+00  2.53272402e+00 -3.29511652e-05 
 5.59564000e-02  2.49972947e+00  3.85745212e+00  2.52727231e+00  2.52992148e+00 -3.29715337e-05 
 5.59614000e-02  2.49975984e+00  3.85459225e+00  2.52441269e+00  2.52708885e+00 -3.29921048e-05 
 5.59664000e-02  2.49979045e+00  3.85170738e+00  2.52152838e+00  2.52422891e+00 -3.30128584e-05 
 5.59714000e-02  2.49982127e+00  3.84880034e+00  2.51862222e+00  2.52134446e+00 -3.30337741e-05 
 5.59764000e-02  2.49985226e+00  3.84587400e+00  2.51569707e+00  2.51843834e+00 -3.30548314e-05 
 5.59814000e-02  2.49988340e+00  3.84293122e+00  2.51275580e+00  2.51551340e+00 -3.30760096e-05 
 5.59864000e-02  2.49991465e+00  3.83997492e+00  2.50980131e+00  2.51257253e+00 -3.30972878e-05 
 5.59914000e-02  2.49994599e+00  3.83700801e+00  2.50683652e+00  2.50961863e+00 -3.31186450e-05 
 5.59964000e-02  2.49997738e+00  3.83403340e+00  2.50386434e+00  2.50665460e+00 -3.31400603e-05 
 5.60014000e-02  2.50000880e+00  3.83105405e+00  2.50088772e+00  2.50368337e+00 -3.31615124e-05 
 5.60064000e-02  2.50004020e+00  3.82807288e+00  2.49790959e+00  2.50070787e+00 -3.31829802e-05 
 5.60114000e-02  2.50007157e+00  3.82509285e+00  2.49493289e+00  2.49773105e+00 -3.32044424e-05 
 5.60164000e-02  2.50010286e+00  3.82211691e+00  2.49196058e+00  2.49475583e+00 -3.32258779e-05 
 5.60214000e-02  2.50013406e+00  3.81914800e+00  2.48899559e+00  2.49178518e+00 -3.32472653e-05 
 5.60264000e-02  2.50016512e+00  3.81618906e+00  2.48604086e+00  2.48882202e+00 -3.32685835e-05 
 5.60314000e-02  2.50019601e+00  3.81324302e+00  2.48309932e+00  2.48586929e+00 -3.32898113e-05 
 5.60364000e-02  2.50022672e+00  3.81031280e+00  2.48017388e+00  2.48292992e+00 -3.33109276e-05 
 5.60414000e-02  2.50025720e+00  3.80740132e+00  2.47726745e+00  2.48000683e+00 -3.33319115e-05 
 5.60464000e-02  2.50028743e+00  3.80451146e+00  2.47438291e+00  2.47710291e+00 -3.33527421e-05 
 5.60514000e-02  2.50031737e+00  3.80164610e+00  2.47152313e+00  2.47422104e+00 -3.33733987e-05 
 5.60564000e-02  2.50034700e+00  3.79880807e+00  2.46869095e+00  2.47136410e+00 -3.33938607e-05 
 5.60614000e-02  2.50037629e+00  3.79600021e+00  2.46588919e+00  2.46853491e+00 -3.34141077e-05 
 5.60664000e-02  2.50040521e+00  3.79322530e+00  2.46312063e+00  2.46573630e+00 -3.34341195e-05 
 5.60714000e-02  2.50043372e+00  3.79048612e+00  2.46038803e+00  2.46297104e+00 -3.34538762e-05 
 5.60764000e-02  2.50046181e+00  3.78778538e+00  2.45769412e+00  2.46024190e+00 -3.34733581e-05 
 5.60814000e-02  2.50048944e+00  3.78512578e+00  2.45504158e+00  2.45755159e+00 -3.34925455e-05 
 5.60864000e-02  2.50051659e+00  3.78250997e+00  2.45243304e+00  2.45490278e+00 -3.35114195e-05 
 5.60914000e-02  2.50054323e+00  3.77994056e+00  2.44987112e+00  2.45229813e+00 -3.35299611e-05 
 5.60964000e-02  2.50056934e+00  3.77742011e+00  2.44735837e+00  2.44974022e+00 -3.35481518e-05 
 5.61014000e-02  2.50059488e+00  3.77495114e+00  2.44489730e+00  2.44723162e+00 -3.35659732e-05 
 5.61064000e-02  2.50061983e+00  3.77253612e+00  2.44249036e+00  2.44477482e+00 -3.35834077e-05 
 5.61114000e-02  2.50064418e+00  3.77017745e+00  2.44013996e+00  2.44237228e+00 -3.36004377e-05 
 5.61164000e-02  2.50066788e+00  3.76787750e+00  2.43784846e+00  2.44002640e+00 -3.36170461e-05 
 5.61214000e-02  2.50069093e+00  3.76563856e+00  2.43561813e+00  2.43773952e+00 -3.36332163e-05 
 5.61264000e-02  2.50071330e+00  3.76346287e+00  2.43345122e+00  2.43551393e+00 -3.36489320e-05 
 5.61314000e-02  2.50073496e+00  3.76135262e+00  2.43134988e+00  2.43335186e+00 -3.36641775e-05 
 5.61364000e-02  2.50075590e+00  3.75930990e+00  2.42931623e+00  2.43125547e+00 -3.36789374e-05 
 5.61414000e-02  2.50077609e+00  3.75733677e+00  2.42735229e+00  2.42922685e+00 -3.36931969e-05 
 5.61464000e-02  2.50079552e+00  3.75543520e+00  2.42546004e+00  2.42726805e+00 -3.37069417e-05 
 5.61514000e-02  2.50081416e+00  3.75360710e+00  2.42364137e+00  2.42538101e+00 -3.37201580e-05 
 5.61564000e-02  2.50083199e+00  3.75185429e+00  2.42189810e+00  2.42356763e+00 -3.37328324e-05 
 5.61614000e-02  2.50084901e+00  3.75017854e+00  2.42023198e+00  2.42182972e+00 -3.37449522e-05 
 5.61664000e-02  2.50086519e+00  3.74858152e+00  2.41864468e+00  2.42016903e+00 -3.37565052e-05 
 5.61714000e-02  2.50088051e+00  3.74706484e+00  2.41713779e+00  2.41858723e+00 -3.37674798e-05 
 5.61764000e-02  2.50089497e+00  3.74563001e+00  2.41571282e+00  2.41708589e+00 -3.37778649e-05 
 5.61814000e-02  2.50090854e+00  3.74427847e+00  2.41437120e+00  2.41566653e+00 -3.37876500e-05 
 5.61864000e-02  2.50092121e+00  3.74301159e+00  2.41311428e+00  2.41433056e+00 -3.37968254e-05 
 5.61914000e-02  2.50093298e+00  3.74183062e+00  2.41194331e+00  2.41307933e+00 -3.38053817e-05 
 5.61964000e-02  2.50094382e+00  3.74073676e+00  2.41085948e+00  2.41191410e+00 -3.38133103e-05 
 5.62014000e-02  2.50095374e+00  3.73973111e+00  2.40986386e+00  2.41083602e+00 -3.38206032e-05 
 5.62064000e-02  2.50096271e+00  3.73881467e+00  2.40895747e+00  2.40984619e+00 -3.38272532e-05 
 5.62114000e-02  2.50097073e+00  3.73798836e+00  2.40814120e+00  2.40894560e+00 -3.38332533e-05 
 5.62164000e-02  2.50097780e+00  3.73725301e+00  2.40741589e+00  2.40813515e+00 -3.38385978e-05 
 5.62214000e-02  2.50098390e+00  3.73660936e+00  2.40678225e+00  2.40741565e+00 -3.38432810e-05 
 5.62264000e-02  2.50098903e+00  3.73605806e+00  2.40624092e+00  2.40678783e+00 -3.38472983e-05 
 5.62314000e-02  2.50099318e+00  3.73559965e+00  2.40579245e+00  2.40625231e+00 -3.38506458e-05 
 5.62364000e-02  2.50099635e+00  3.73523461e+00  2.40543729e+00  2.40580965e+00 -3.38533198e-05 
 5.62414000e-02  2.50099854e+00  3.73496329e+00  2.40517579e+00  2.40546027e+00 -3.38553179e-05 
 5.62464000e-02  2.50099974e+00  3.73478597e+00  2.40500822e+00  2.40520453e+00 -3.38566379e-05 
 5.62514000e-02  2.50099996e+00  3.73470283e+00  2.40493475e+00  2.40504269e+00 -3.38572786e-05 
 5.62564000e-02  2.50099919e+00  3.73471395e+00  2.40495544e+00  2.40497491e+00 -3.38572393e-05 
 5.62614000e-02  2.50099744e+00  3.73481932e+00  2.40507028e+00  2.40500126e+00 -3.38565200e-05 
 5.62664000e-02  2.50099470e+00  3.73501883e+00  2.40527915e+00  2.40512171e+00 -3.38551215e-05 
 5.62714000e-02  2.50099097e+00  3.73531228e+00  2.40558184e+00  2.40533614e+00 -3.38530451e-05 
 5.62764000e-02  2.50098627e+00  3.73569938e+00  2.40597805e+00  2.40564434e+00 -3.38502931e-05 
 5.62814000e-02  2.50098060e+00  3.73617973e+00  2.40646738e+00  2.40604599e+00 -3.38468681e-05 
 5.62864000e-02  2.50097396e+00  3.73675286e+00  2.40704934e+00  2.40654069e+00 -3.38427736e-05 
 5.62914000e-02  2.50096636e+00  3.73741819e+00  2.40772335e+00  2.40712795e+00 -3.38380138e-05 
 5.62964000e-02  2.50095780e+00  3.73817506e+00  2.40848872e+00  2.40780718e+00 -3.38325934e-05 
 5.63014000e-02  2.50094830e+00  3.73902269e+00  2.40934469e+00  2.40857769e+00 -3.38265180e-05 
 5.63064000e-02  2.50093786e+00  3.73996024e+00  2.41029041e+00  2.40943870e+00 -3.38197937e-05 
 5.63114000e-02  2.50092650e+00  3.74098678e+00  2.41132491e+00  2.41038937e+00 -3.38124272e-05 
 5.63164000e-02  2.50091423e+00  3.74210126e+00  2.41244716e+00  2.41142872e+00 -3.38044260e-05 
 5.63214000e-02  2.50090105e+00  3.74330257e+00  2.41365604e+00  2.41255572e+00 -3.37957981e-05 
 5.63264000e-02  2.50088698e+00  3.74458951e+00  2.41495033e+00  2.41376924e+00 -3.37865523e-05 
 5.63314000e-02  2.50087204e+00  3.74596078e+00  2.41632874e+00  2.41506806e+00 -3.37766979e-05 
 5.63364000e-02  2.50085623e+00  3.74741500e+00  2.41778988e+00  2.41645087e+00 -3.37662448e-05 
 5.63414000e-02  2.50083958e+00  3.74895073e+00  2.41933228e+00  2.41791629e+00 -3.37552036e-05 
 5.63464000e-02  2.50082210e+00  3.75056641e+00  2.42095441e+00  2.41946286e+00 -3.37435853e-05 
 5.63514000e-02  2.50080382e+00  3.75226044e+00  2.42265462e+00  2.42108901e+00 -3.37314017e-05 
 5.63564000e-02  2.50078473e+00  3.75403110e+00  2.42443123e+00  2.42279312e+00 -3.37186650e-05 
 5.63614000e-02  2.50076488e+00  3.75587663e+00  2.42628244e+00  2.42457348e+00 -3.37053881e-05 
 5.63664000e-02  2.50074426e+00  3.75779518e+00  2.42820642e+00  2.42642831e+00 -3.36915843e-05 
 5.63714000e-02  2.50072292e+00  3.75978483e+00  2.43020121e+00  2.42835574e+00 -3.36772674e-05 
 5.63764000e-02  2.50070086e+00  3.76184358e+00  2.43226484e+00  2.43035386e+00 -3.36624520e-05 
 5.63814000e-02  2.50067811e+00  3.76396937e+00  2.43439524e+00  2.43242065e+00 -3.36471529e-05 
 5.63864000e-02  2.50065469e+00  3.76616008e+00  2.43659026e+00  2.43455405e+00 -3.36313854e-05 
 5.63914000e-02  2.50063062e+00  3.76841352e+00  2.43884773e+00  2.43675193e+00 -3.36151654e-05 
 5.63964000e-02  2.50060593e+00  3.77072743e+00  2.44116538e+00  2.43901209e+00 -3.35985091e-05 
 5.64014000e-02  2.50058065e+00  3.77309949e+00  2.44354089e+00  2.44133226e+00 -3.35814333e-05 
 5.64064000e-02  2.50055479e+00  3.77552735e+00  2.44597189e+00  2.44371013e+00 -3.35639551e-05 
 5.64114000e-02  2.50052838e+00  3.77800856e+00  2.44845595e+00  2.44614332e+00 -3.35460920e-05 
 5.64164000e-02  2.50050145e+00  3.78054067e+00  2.45099059e+00  2.44862940e+00 -3.35278619e-05 
 5.64214000e-02  2.50047403e+00  3.78312113e+00  2.45357329e+00  2.45116589e+00 -3.35092831e-05 
 5.64264000e-02  2.50044614e+00  3.78574737e+00  2.45620146e+00  2.45375026e+00 -3.34903741e-05 
 5.64314000e-02  2.50041780e+00  3.78841678e+00  2.45887249e+00  2.45637992e+00 -3.34711538e-05 
 5.64364000e-02  2.50038906e+00  3.79112670e+00  2.46158371e+00  2.45905227e+00 -3.34516416e-05 
 5.64414000e-02  2.50035993e+00  3.79387442e+00  2.46433242e+00  2.46176463e+00 -3.34318567e-05 
 5.64464000e-02  2.50033045e+00  3.79665721e+00  2.46711589e+00  2.46451430e+00 -3.34118191e-05 
 5.64514000e-02  2.50030064e+00  3.79947230e+00  2.46993134e+00  2.46729855e+00 -3.33915486e-05 
 5.64564000e-02  2.50027053e+00  3.80231688e+00  2.47277597e+00  2.47011460e+00 -3.33710655e-05 
 5.64614000e-02  2.50024016e+00  3.80518814e+00  2.47564696e+00  2.47295965e+00 -3.33503902e-05 
 5.64664000e-02  2.50020955e+00  3.80808321e+00  2.47854146e+00  2.47583087e+00 -3.33295433e-05 
 5.64714000e-02  2.50017873e+00  3.81099923e+00  2.48145658e+00  2.47872542e+00 -3.33085455e-05 
 5.64764000e-02  2.50014774e+00  3.81393329e+00  2.48438943e+00  2.48164041e+00 -3.32874177e-05 
 5.64814000e-02  2.50011660e+00  3.81688249e+00  2.48733712e+00  2.48457296e+00 -3.32661808e-05 
 5.64864000e-02  2.50008535e+00  3.81984391e+00  2.49029670e+00  2.48752015e+00 -3.32448560e-05 
 5.64914000e-02  2.50005401e+00  3.82281460e+00  2.49326526e+00  2.49047906e+00 -3.32234644e-05 
 5.64964000e-02  2.50002262e+00  3.82579163e+00  2.49623985e+00  2.49344676e+00 -3.32020272e-05 
 5.65014000e-02  2.49999120e+00  3.82877206e+00  2.49921753e+00  2.49642032e+00 -3.31805655e-05 
 5.65064000e-02  2.49995980e+00  3.83175293e+00  2.50219535e+00  2.49939679e+00 -3.31591007e-05 
 5.65114000e-02  2.49992843e+00  3.83473130e+00  2.50517038e+00  2.50237323e+00 -3.31376540e-05 
 5.65164000e-02  2.49989714e+00  3.83770423e+00  2.50813967e+00  2.50534670e+00 -3.31162465e-05 
 5.65214000e-02  2.49986594e+00  3.84066878e+00  2.51110029e+00  2.50831425e+00 -3.30948994e-05 
 5.65264000e-02  2.49983488e+00  3.84362204e+00  2.51404933e+00  2.51127297e+00 -3.30736336e-05 
 5.65314000e-02  2.49980399e+00  3.84656108e+00  2.51698388e+00  2.51421994e+00 -3.30524702e-05 
 5.65364000e-02  2.49977328e+00  3.84948303e+00  2.51990105e+00  2.51715225e+00 -3.30314300e-05 
 5.65414000e-02  2.49974280e+00  3.85238500e+00  2.52279796e+00  2.52006701e+00 -3.30105336e-05 
 5.65464000e-02  2.49971257e+00  3.85526413e+00  2.52567178e+00  2.52296136e+00 -3.29898015e-05 
 5.65514000e-02  2.49968263e+00  3.85811761e+00  2.52851968e+00  2.52583245e+00 -3.29692542e-05 
 5.65564000e-02  2.49965300e+00  3.86094262e+00  2.53133886e+00  2.52867746e+00 -3.29489118e-05 
 5.65614000e-02  2.49962371e+00  3.86373641e+00  2.53412655e+00  2.53149360e+00 -3.29287941e-05 
 5.65664000e-02  2.49959479e+00  3.86649622e+00  2.53688003e+00  2.53427811e+00 -3.29089208e-05 
 5.65714000e-02  2.49956628e+00  3.86921936e+00  2.53959659e+00  2.53702825e+00 -3.28893115e-05 
 5.65764000e-02  2.49953819e+00  3.87190316e+00  2.54227359e+00  2.53974133e+00 -3.28699851e-05 
 5.65814000e-02  2.49951056e+00  3.87454499e+00  2.54490839e+00  2.54241470e+00 -3.28509607e-05 
 5.65864000e-02  2.49948341e+00  3.87714228e+00  2.54749843e+00  2.54504575e+00 -3.28322566e-05 
 5.65914000e-02  2.49945677e+00  3.87969249e+00  2.55004117e+00  2.54763189e+00 -3.28138912e-05 
 5.65964000e-02  2.49943066e+00  3.88219313e+00  2.55253414e+00  2.55017062e+00 -3.27958823e-05 
 5.66014000e-02  2.49940512e+00  3.88464176e+00  2.55497490e+00  2.55265944e+00 -3.27782474e-05 
 5.66064000e-02  2.49938017e+00  3.88703599e+00  2.55736109e+00  2.55509594e+00 -3.27610036e-05 
 5.66114000e-02  2.49935582e+00  3.88937350e+00  2.55969036e+00  2.55747773e+00 -3.27441676e-05 
 5.66164000e-02  2.49933212e+00  3.89165201e+00  2.56196046e+00  2.55980251e+00 -3.27277558e-05 
 5.66214000e-02  2.49930907e+00  3.89386931e+00  2.56416919e+00  2.56206801e+00 -3.27117841e-05 
 5.66264000e-02  2.49928670e+00  3.89602324e+00  2.56631439e+00  2.56427202e+00 -3.26962678e-05 
 5.66314000e-02  2.49926504e+00  3.89811171e+00  2.56839399e+00  2.56641242e+00 -3.26812220e-05 
 5.66364000e-02  2.49924410e+00  3.90013270e+00  2.57040596e+00  2.56848711e+00 -3.26666612e-05 
 5.66414000e-02  2.49922391e+00  3.90208424e+00  2.57234836e+00  2.57049409e+00 -3.26525995e-05 
 5.66464000e-02  2.49920448e+00  3.90396445e+00  2.57421930e+00  2.57243141e+00 -3.26390504e-05 
 5.66514000e-02  2.49918584e+00  3.90577151e+00  2.57601698e+00  2.57429720e+00 -3.26260269e-05 
 5.66564000e-02  2.49916801e+00  3.90750366e+00  2.57773966e+00  2.57608964e+00 -3.26135417e-05 
 5.66614000e-02  2.49915099e+00  3.90915924e+00  2.57938566e+00  2.57780702e+00 -3.26016066e-05 
 5.66664000e-02  2.49913481e+00  3.91073664e+00  2.58095341e+00  2.57944765e+00 -3.25902332e-05 
 5.66714000e-02  2.49911949e+00  3.91223435e+00  2.58244138e+00  2.58100997e+00 -3.25794324e-05 
 5.66764000e-02  2.49910503e+00  3.91365090e+00  2.58384814e+00  2.58249246e+00 -3.25692146e-05 
 5.66814000e-02  2.49909146e+00  3.91498495e+00  2.58517233e+00  2.58389369e+00 -3.25595895e-05 
 5.66864000e-02  2.49907879e+00  3.91623520e+00  2.58641268e+00  2.58521232e+00 -3.25505664e-05 
 5.66914000e-02  2.49906702e+00  3.91740044e+00  2.58756800e+00  2.58644705e+00 -3.25421539e-05 
 5.66964000e-02  2.49905618e+00  3.91847956e+00  2.58863716e+00  2.58759672e+00 -3.25343601e-05 
 5.67014000e-02  2.49904626e+00  3.91947152e+00  2.58961913e+00  2.58866021e+00 -3.25271924e-05 
 5.67064000e-02  2.49903729e+00  3.92037536e+00  2.59051299e+00  2.58963650e+00 -3.25206577e-05 
 5.67114000e-02  2.49902927e+00  3.92119020e+00  2.59131786e+00  2.59052464e+00 -3.25147622e-05 
 5.67164000e-02  2.49902220e+00  3.92191528e+00  2.59203296e+00  2.59132379e+00 -3.25095116e-05 
 5.67214000e-02  2.49901610e+00  3.92254988e+00  2.59265762e+00  2.59203317e+00 -3.25049109e-05 
 5.67264000e-02  2.49901097e+00  3.92309341e+00  2.59319124e+00  2.59265210e+00 -3.25009645e-05 
 5.67314000e-02  2.49900682e+00  3.92354533e+00  2.59363329e+00  2.59317999e+00 -3.24976761e-05 
 5.67364000e-02  2.49900365e+00  3.92390521e+00  2.59398335e+00  2.59361633e+00 -3.24950490e-05 
 5.67414000e-02  2.49900146e+00  3.92417271e+00  2.59424110e+00  2.59396070e+00 -3.24930855e-05 
 5.67464000e-02  2.49900026e+00  3.92434757e+00  2.59440627e+00  2.59421277e+00 -3.24917876e-05 
 5.67514000e-02  2.49900004e+00  3.92442962e+00  2.59447872e+00  2.59437230e+00 -3.24911565e-05 
 5.67564000e-02  2.49900081e+00  3.92441878e+00  2.59445837e+00  2.59443914e+00 -3.24911928e-05 
 5.67614000e-02  2.49900256e+00  3.92431507e+00  2.59434524e+00  2.59441321e+00 -3.24918966e-05 
 5.67664000e-02  2.49900530e+00  3.92411857e+00  2.59413944e+00  2.59429455e+00 -3.24932670e-05 
 5.67714000e-02  2.49900903e+00  3.92382949e+00  2.59384117e+00  2.59408327e+00 -3.24953029e-05 
 5.67764000e-02  2.49901373e+00  3.92344810e+00  2.59345072e+00  2.59377957e+00 -3.24980023e-05 
 5.67814000e-02  2.49901940e+00  3.92297476e+00  2.59296845e+00  2.59338375e+00 -3.25013626e-05 
 5.67864000e-02  2.49902604e+00  3.92240993e+00  2.59239484e+00  2.59289618e+00 -3.25053806e-05 
 5.67914000e-02  2.49903364e+00  3.92175415e+00  2.59173043e+00  2.59231733e+00 -3.25100525e-05 
 5.67964000e-02  2.49904220e+00  3.92100805e+00  2.59097587e+00  2.59164776e+00 -3.25153738e-05 
 5.68014000e-02  2.49905170e+00  3.92017235e+00  2.59013187e+00  2.59088811e+00 -3.25213394e-05 
 5.68064000e-02  2.49906214e+00  3.91924785e+00  2.58919926e+00  2.59003912e+00 -3.25279437e-05 
 5.68114000e-02  2.49907350e+00  3.91823545e+00  2.58817892e+00  2.58910160e+00 -3.25351804e-05 
 5.68164000e-02  2.49908577e+00  3.91713611e+00  2.58707185e+00  2.58807645e+00 -3.25430424e-05 
 5.68214000e-02  2.49909895e+00  3.91595090e+00  2.58587910e+00  2.58696466e+00 -3.25515224e-05 
 5.68264000e-02  2.49911302e+00  3.91468095e+00  2.58460182e+00  2.58576730e+00 -3.25606122e-05 
 5.68314000e-02  2.49912796e+00  3.91332749e+00  2.58324125e+00  2.58448552e+00 -3.25703030e-05 
 5.68364000e-02  2.49914377e+00  3.91189183e+00  2.58179871e+00  2.58312056e+00 -3.25805857e-05 
 5.68414000e-02  2.49916042e+00  3.91037535e+00  2.58027557e+00  2.58167374e+00 -3.25914503e-05 
 5.68464000e-02  2.49917790e+00  3.90877951e+00  2.57867331e+00  2.58014644e+00 -3.26028865e-05 
 5.68514000e-02  2.49919618e+00  3.90710585e+00  2.57699347e+00  2.57854016e+00 -3.26148831e-05 
 5.68564000e-02  2.49921527e+00  3.90535600e+00  2.57523769e+00  2.57685643e+00 -3.26274288e-05 
 5.68614000e-02  2.49923512e+00  3.90353164e+00  2.57340766e+00  2.57509688e+00 -3.26405115e-05 
 5.68664000e-02  2.49925574e+00  3.90163454e+00  2.57150515e+00  2.57326322e+00 -3.26541185e-05 
 5.68714000e-02  2.49927708e+00  3.89966654e+00  2.56953200e+00  2.57135722e+00 -3.26682368e-05 
 5.68764000e-02  2.49929914e+00  3.89762954e+00  2.56749013e+00  2.56938072e+00 -3.26828528e-05 
 5.68814000e-02  2.49932189e+00  3.89552551e+00  2.56538150e+00  2.56733565e+00 -3.26979523e-05 
 5.68864000e-02  2.49934531e+00  3.89335651e+00  2.56320818e+00  2.56522398e+00 -3.27135207e-05 
 5.68914000e-02  2.49936938e+00  3.89112462e+00  2.56097227e+00  2.56304776e+00 -3.27295431e-05 
 5.68964000e-02  2.49939407e+00  3.88883204e+00  2.55867593e+00  2.56080911e+00 -3.27460039e-05 
 5.69014000e-02  2.49941935e+00  3.88648097e+00  2.55632141e+00  2.55851019e+00 -3.27628872e-05 
 5.69064000e-02  2.49944521e+00  3.88407371e+00  2.55391100e+00  2.55615326e+00 -3.27801766e-05 
 5.69114000e-02  2.49947162e+00  3.88161261e+00  2.55144704e+00  2.55374059e+00 -3.27978554e-05 
 5.69164000e-02  2.49949855e+00  3.87910005e+00  2.54893193e+00  2.55127455e+00 -3.28159063e-05 
 5.69214000e-02  2.49952597e+00  3.87653850e+00  2.54636814e+00  2.54875753e+00 -3.28343119e-05 
 5.69264000e-02  2.49955386e+00  3.87393045e+00  2.54375815e+00  2.54619198e+00 -3.28530542e-05 
 5.69314000e-02  2.49958220e+00  3.87127845e+00  2.54110451e+00  2.54358042e+00 -3.28721149e-05 
 5.69364000e-02  2.49961094e+00  3.86858509e+00  2.53840983e+00  2.54092539e+00 -3.28914756e-05 
 5.69414000e-02  2.49964007e+00  3.86585301e+00  2.53567674e+00  2.53822949e+00 -3.29111172e-05 
 5.69464000e-02  2.49966955e+00  3.86308488e+00  2.53290792e+00  2.53549535e+00 -3.29310207e-05 
 5.69514000e-02  2.49969936e+00  3.86028341e+00  2.53010607e+00  2.53272566e+00 -3.29511665e-05 
 5.69564000e-02  2.49972947e+00  3.85745136e+00  2.52727395e+00  2.52992312e+00 -3.29715349e-05 
 5.69614000e-02  2.49975984e+00  3.85459149e+00  2.52441433e+00  2.52709050e+00 -3.29921060e-05 
 5.69664000e-02  2.49979045e+00  3.85170662e+00  2.52153002e+00  2.52423055e+00 -3.30128596e-05 
 5.69714000e-02  2.49982127e+00  3.84879959e+00  2.51862386e+00  2.52134610e+00 -3.30337753e-05 
 5.69764000e-02  2.49985226e+00  3.84587324e+00  2.51569871e+00  2.51843998e+00 -3.30548326e-05 
 5.69814000e-02  2.49988340e+00  3.84293047e+00  2.51275744e+00  2.51551505e+00 -3.30760108e-05 
 5.69864000e-02  2.49991465e+00  3.83997417e+00  2.50980296e+00  2.51257418e+00 -3.30972890e-05 
 5.69914000e-02  2.49994599e+00  3.83700726e+00  2.50683816e+00  2.50962028e+00 -3.31186462e-05 
 5.69964000e-02  2.49997738e+00  3.83403265e+00  2.50386599e+00  2.50665625e+00 -3.31400615e-05 
 5.70014000e-02  2.50000880e+00  3.83105330e+00  2.50088937e+00  2.50368502e+00 -3.31615136e-05 
 5.70064000e-02  2.50004020e+00  3.82807213e+00  2.49791124e+00  2.50070952e+00 -3.31829814e-05 
 5.70114000e-02  2.50007157e+00  3.82509211e+00  2.49493454e+00  2.49773269e+00 -3.32044436e-05 
 5.70164000e-02  2.50010286e+00  3.82211617e+00  2.49196223e+00  2.49475748e+00 -3.32258790e-05 
 5.70214000e-02  2.50013406e+00  3.81914725e+00  2.48899724e+00  2.49178683e+00 -3.32472664e-05 
 5.70264000e-02  2.50016512e+00  3.81618831e+00  2.48604251e+00  2.48882367e+00 -3.32685846e-05 
 5.70314000e-02  2.50019601e+00  3.81324227e+00  2.48310097e+00  2.48587094e+00 -3.32898124e-05 
 5.70364000e-02  2.50022672e+00  3.81031206e+00  2.48017553e+00  2.48293158e+00 -3.33109287e-05 
 5.70414000e-02  2.50025720e+00  3.80740058e+00  2.47726910e+00  2.48000848e+00 -3.33319126e-05 
 5.70464000e-02  2.50028743e+00  3.80451072e+00  2.47438457e+00  2.47710456e+00 -3.33527432e-05 
 5.70514000e-02  2.50031737e+00  3.80164536e+00  2.47152479e+00  2.47422270e+00 -3.33733998e-05 
 5.70564000e-02  2.50034700e+00  3.79880733e+00  2.46869261e+00  2.47136575e+00 -3.33938618e-05 
 5.70614000e-02  2.50037629e+00  3.79599947e+00  2.46589085e+00  2.46853657e+00 -3.34141088e-05 
 5.70664000e-02  2.50040521e+00  3.79322456e+00  2.46312229e+00  2.46573796e+00 -3.34341206e-05 
 5.70714000e-02  2.50043372e+00  3.79048538e+00  2.46038969e+00  2.46297270e+00 -3.34538773e-05 
 5.70764000e-02  2.50046181e+00  3.78778464e+00  2.45769578e+00  2.46024356e+00 -3.34733591e-05 
 5.70814000e-02  2.50048944e+00  3.78512504e+00  2.45504324e+00  2.45755325e+00 -3.34925466e-05 
 5.70864000e-02  2.50051659e+00  3.78250924e+00  2.45243470e+00  2.45490444e+00 -3.35114206e-05 
 5.70914000e-02  2.50054323e+00  3.77993983e+00  2.44987278e+00  2.45229979e+00 -3.35299622e-05 
 5.70964000e-02  2.50056934e+00  3.77741938e+00  2.44736003e+00  2.44974189e+00 -3.35481528e-05 
 5.71014000e-02  2.50059488e+00  3.77495041e+00  2.44489896e+00  2.44723328e+00 -3.35659743e-05 
 5.71064000e-02  2.50061983e+00  3.77253539e+00  2.44249203e+00  2.44477649e+00 -3.35834087e-05 
 5.71114000e-02  2.50064418e+00  3.77017672e+00  2.44014163e+00  2.44237395e+00 -3.36004387e-05 
 5.71164000e-02  2.50066788e+00  3.76787677e+00  2.43785013e+00  2.44002807e+00 -3.36170471e-05 
 5.71214000e-02  2.50069093e+00  3.76563783e+00  2.43561980e+00  2.43774119e+00 -3.36332173e-05 
 5.71264000e-02  2.50071330e+00  3.76346215e+00  2.43345289e+00  2.43551560e+00 -3.36489330e-05 
 5.71314000e-02  2.50073496e+00  3.76135189e+00  2.43135155e+00  2.43335353e+00 -3.36641785e-05 
 5.71364000e-02  2.50075590e+00  3.75930918e+00  2.42931790e+00  2.43125714e+00 -3.36789384e-05 
 5.71414000e-02  2.50077609e+00  3.75733605e+00  2.42735397e+00  2.42922852e+00 -3.36931979e-05 
 5.71464000e-02  2.50079552e+00  3.75543448e+00  2.42546172e+00  2.42726972e+00 -3.37069427e-05 
 5.71514000e-02  2.50081416e+00  3.75360638e+00  2.42364305e+00  2.42538268e+00 -3.37201590e-05 
 5.71564000e-02  2.50083199e+00  3.75185357e+00  2.42189978e+00  2.42356930e+00 -3.37328334e-05 
 5.71614000e-02  2.50084901e+00  3.75017782e+00  2.42023366e+00  2.42183140e+00 -3.37449532e-05 
 5.71664000e-02  2.50086519e+00  3.74858080e+00  2.41864636e+00  2.42017071e+00 -3.37565062e-05 
 5.71714000e-02  2.50088051e+00  3.74706412e+00  2.41713947e+00  2.41858891e+00 -3.37674807e-05 
 5.71764000e-02  2.50089497e+00  3.74562929e+00  2.41571450e+00  2.41708757e+00 -3.37778658e-05 
 5.71814000e-02  2.50090854e+00  3.74427776e+00  2.41437288e+00  2.41566821e+00 -3.37876510e-05 
 5.71864000e-02  2.50092121e+00  3.74301087e+00  2.41311596e+00  2.41433224e+00 -3.37968263e-05 
 5.71914000e-02  2.50093298e+00  3.74182991e+00  2.41194499e+00  2.41308101e+00 -3.38053826e-05 
 5.71964000e-02  2.50094382e+00  3.74073605e+00  2.41086116e+00  2.41191578e+00 -3.38133112e-05 
 5.72014000e-02  2.50095374e+00  3.73973040e+00  2.40986554e+00  2.41083770e+00 -3.38206041e-05 
 5.72064000e-02  2.50096271e+00  3.73881396e+00  2.40895915e+00  2.40984787e+00 -3.38272540e-05 
 5.72114000e-02  2.50097073e+00  3.73798765e+00  2.40814289e+00  2.40894728e+00 -3.38332542e-05 
 5.72164000e-02  2.50097780e+00  3.73725230e+00  2.40741757e+00  2.40813683e+00 -3.38385986e-05 
 5.72214000e-02  2.50098390e+00  3.73660865e+00  2.40678393e+00  2.40741733e+00 -3.38432819e-05 
 5.72264000e-02  2.50098903e+00  3.73605735e+00  2.40624261e+00  2.40678951e+00 -3.38472992e-05 
 5.72314000e-02  2.50099318e+00  3.73559895e+00  2.40579414e+00  2.40625400e+00 -3.38506466e-05 
 5.72364000e-02  2.50099635e+00  3.73523391e+00  2.40543898e+00  2.40581133e+00 -3.38533207e-05 
 5.72414000e-02  2.50099854e+00  3.73496259e+00  2.40517748e+00  2.40546196e+00 -3.38553187e-05 
 5.72464000e-02  2.50099974e+00  3.73478527e+00  2.40500991e+00  2.40520622e+00 -3.38566388e-05 
 5.72514000e-02  2.50099996e+00  3.73470213e+00  2.40493644e+00  2.40504438e+00 -3.38572794e-05 
 5.72564000e-02  2.50099919e+00  3.73471325e+00  2.40495713e+00  2.40497660e+00 -3.38572401e-05 
 5.72614000e-02  2.50099744e+00  3.73481862e+00  2.40507197e+00  2.40500295e+00 -3.38565208e-05 
 5.72664000e-02  2.50099470e+00  3.73501813e+00  2.40528084e+00  2.40512340e+00 -3.38551223e-05 
 5.72714000e-02  2.50099097e+00  3.73531158e+00  2.40558353e+00  2.40533784e+00 -3.38530459e-05 
 5.72764000e-02  2.50098627e+00  3.73569868e+00  2.40597975e+00  2.40564603e+00 -3.38502938e-05 
 5.72814000e-02  2.50098060e+00  3.73617904e+00  2.40646908e+00  2.40604769e+00 -3.38468688e-05 
 5.72864000e-02  2.50097396e+00  3.73675217e+00  2.40705104e+00  2.40654239e+00 -3.38427744e-05 
 5.72914000e-02  2.50096636e+00  3.73741750e+00  2.40772505e+00  2.40712965e+00 -3.38380145e-05 
 5.72964000e-02  2.50095780e+00  3.73817437e+00  2.40849042e+00  2.40780887e+00 -3.38325942e-05 
 5.73014000e-02  2.50094830e+00  3.73902200e+00  2.40934639e+00  2.40857938e+00 -3.38265188e-05 
 5.73064000e-02  2.50093786e+00  3.73995956e+00  2.41029210e+00  2.40944040e+00 -3.38197944e-05 
 5.73114000e-02  2.50092650e+00  3.74098609e+00  2.41132661e+00  2.41039106e+00 -3.38124279e-05 
 5.73164000e-02  2.50091423e+00  3.74210057e+00  2.41244886e+00  2.41143042e+00 -3.38044267e-05 
 5.73214000e-02  2.50090105e+00  3.74330189e+00  2.41365774e+00  2.41255742e+00 -3.37957988e-05 
 5.73264000e-02  2.50088698e+00  3.74458882e+00  2.41495204e+00  2.41377094e+00 -3.37865530e-05 
 5.73314000e-02  2.50087204e+00  3.74596009e+00  2.41633044e+00  2.41506976e+00 -3.37766986e-05 
 5.73364000e-02  2.50085623e+00  3.74741432e+00  2.41779158e+00  2.41645257e+00 -3.37662455e-05 
 5.73414000e-02  2.50083958e+00  3.74895005e+00  2.41933399e+00  2.41791800e+00 -3.37552043e-05 
 5.73464000e-02  2.50082210e+00  3.75056573e+00  2.42095611e+00  2.41946456e+00 -3.37435860e-05 
 5.73514000e-02  2.50080382e+00  3.75225976e+00  2.42265633e+00  2.42109071e+00 -3.37314023e-05 
 5.73564000e-02  2.50078473e+00  3.75403042e+00  2.42443294e+00  2.42279482e+00 -3.37186657e-05 
 5.73614000e-02  2.50076488e+00  3.75587596e+00  2.42628415e+00  2.42457518e+00 -3.37053887e-05 
 5.73664000e-02  2.50074426e+00  3.75779451e+00  2.42820812e+00  2.42643001e+00 -3.36915849e-05 
 5.73714000e-02  2.50072292e+00  3.75978415e+00  2.43020292e+00  2.42835745e+00 -3.36772681e-05 
 5.73764000e-02  2.50070086e+00  3.76184290e+00  2.43226655e+00  2.43035557e+00 -3.36624527e-05 
 5.73814000e-02  2.50067811e+00  3.76396870e+00  2.43439695e+00  2.43242236e+00 -3.36471535e-05 
 5.73864000e-02  2.50065469e+00  3.76615941e+00  2.43659198e+00  2.43455576e+00 -3.36313860e-05 
 5.73914000e-02  2.50063062e+00  3.76841285e+00  2.43884944e+00  2.43675364e+00 -3.36151660e-05 
 5.73964000e-02  2.50060593e+00  3.77072676e+00  2.44116709e+00  2.43901380e+00 -3.35985097e-05 
 5.74014000e-02  2.50058065e+00  3.77309882e+00  2.44354260e+00  2.44133397e+00 -3.35814339e-05 
 5.74064000e-02  2.50055479e+00  3.77552668e+00  2.44597360e+00  2.44371184e+00 -3.35639557e-05 
 5.74114000e-02  2.50052838e+00  3.77800790e+00  2.44845767e+00  2.44614503e+00 -3.35460926e-05 
 5.74164000e-02  2.50050145e+00  3.78054000e+00  2.45099231e+00  2.44863111e+00 -3.35278625e-05 
 5.74214000e-02  2.50047403e+00  3.78312046e+00  2.45357501e+00  2.45116760e+00 -3.35092837e-05 
 5.74264000e-02  2.50044614e+00  3.78574671e+00  2.45620318e+00  2.45375197e+00 -3.34903747e-05 
 5.74314000e-02  2.50041780e+00  3.78841612e+00  2.45887421e+00  2.45638164e+00 -3.34711544e-05 
 5.74364000e-02  2.50038906e+00  3.79112604e+00  2.46158543e+00  2.45905399e+00 -3.34516421e-05 
 5.74414000e-02  2.50035993e+00  3.79387376e+00  2.46433414e+00  2.46176635e+00 -3.34318573e-05 
 5.74464000e-02  2.50033045e+00  3.79665655e+00  2.46711761e+00  2.46451602e+00 -3.34118196e-05 
 5.74514000e-02  2.50030064e+00  3.79947163e+00  2.46993306e+00  2.46730027e+00 -3.33915491e-05 
 5.74564000e-02  2.50027053e+00  3.80231622e+00  2.47277770e+00  2.47011632e+00 -3.33710660e-05 
 5.74614000e-02  2.50024016e+00  3.80518748e+00  2.47564869e+00  2.47296137e+00 -3.33503907e-05 
 5.74664000e-02  2.50020955e+00  3.80808255e+00  2.47854318e+00  2.47583260e+00 -3.33295438e-05 
 5.74714000e-02  2.50017873e+00  3.81099857e+00  2.48145830e+00  2.47872714e+00 -3.33085460e-05 
 5.74764000e-02  2.50014774e+00  3.81393263e+00  2.48439116e+00  2.48164214e+00 -3.32874182e-05 
 5.74814000e-02  2.50011660e+00  3.81688184e+00  2.48733884e+00  2.48457468e+00 -3.32661813e-05 
 5.74864000e-02  2.50008535e+00  3.81984325e+00  2.49029843e+00  2.48752187e+00 -3.32448565e-05 
 5.74914000e-02  2.50005401e+00  3.82281395e+00  2.49326699e+00  2.49048079e+00 -3.32234649e-05 
 5.74964000e-02  2.50002262e+00  3.82579098e+00  2.49624158e+00  2.49344849e+00 -3.32020276e-05 
 5.75014000e-02  2.49999120e+00  3.82877141e+00  2.49921926e+00  2.49642205e+00 -3.31805660e-05 
 5.75064000e-02  2.49995980e+00  3.83175228e+00  2.50219708e+00  2.49939852e+00 -3.31591012e-05 
 5.75114000e-02  2.49992843e+00  3.83473065e+00  2.50517211e+00  2.50237496e+00 -3.31376545e-05 
 5.75164000e-02  2.49989714e+00  3.83770358e+00  2.50814140e+00  2.50534843e+00 -3.31162470e-05 
 5.75214000e-02  2.49986594e+00  3.84066813e+00  2.51110202e+00  2.50831599e+00 -3.30948998e-05 
 5.75264000e-02  2.49983488e+00  3.84362139e+00  2.51405106e+00  2.51127471e+00 -3.30736340e-05 
 5.75314000e-02  2.49980399e+00  3.84656044e+00  2.51698561e+00  2.51422167e+00 -3.30524706e-05 
 5.75364000e-02  2.49977328e+00  3.84948238e+00  2.51990278e+00  2.51715398e+00 -3.30314304e-05 
 5.75414000e-02  2.49974280e+00  3.85238435e+00  2.52279970e+00  2.52006875e+00 -3.30105340e-05 
 5.75464000e-02  2.49971257e+00  3.85526349e+00  2.52567352e+00  2.52296310e+00 -3.29898019e-05 
 5.75514000e-02  2.49968263e+00  3.85811697e+00  2.52852142e+00  2.52583419e+00 -3.29692546e-05 
 5.75564000e-02  2.49965300e+00  3.86094198e+00  2.53134060e+00  2.52867920e+00 -3.29489121e-05 
 5.75614000e-02  2.49962371e+00  3.86373577e+00  2.53412829e+00  2.53149534e+00 -3.29287944e-05 
 5.75664000e-02  2.49959479e+00  3.86649558e+00  2.53688177e+00  2.53427985e+00 -3.29089212e-05 
 5.75714000e-02  2.49956628e+00  3.86921872e+00  2.53959834e+00  2.53702999e+00 -3.28893118e-05 
 5.75764000e-02  2.49953819e+00  3.87190252e+00  2.54227533e+00  2.53974307e+00 -3.28699855e-05 
 5.75814000e-02  2.49951056e+00  3.87454436e+00  2.54491013e+00  2.54241645e+00 -3.28509610e-05 
 5.75864000e-02  2.49948341e+00  3.87714165e+00  2.54750017e+00  2.54504749e+00 -3.28322570e-05 
 5.75914000e-02  2.49945677e+00  3.87969186e+00  2.55004292e+00  2.54763364e+00 -3.28138916e-05 
 5.75964000e-02  2.49943066e+00  3.88219250e+00  2.55253589e+00  2.55017236e+00 -3.27958826e-05 
 5.76014000e-02  2.49940512e+00  3.88464112e+00  2.55497665e+00  2.55266119e+00 -3.27782477e-05 
 5.76064000e-02  2.49938017e+00  3.88703536e+00  2.55736283e+00  2.55509768e+00 -3.27610039e-05 
 5.76114000e-02  2.49935582e+00  3.88937287e+00  2.55969211e+00  2.55747948e+00 -3.27441679e-05 
 5.76164000e-02  2.49933212e+00  3.89165138e+00  2.56196221e+00  2.55980426e+00 -3.27277561e-05 
 5.76214000e-02  2.49930907e+00  3.89386868e+00  2.56417094e+00  2.56206976e+00 -3.27117843e-05 
 5.76264000e-02  2.49928670e+00  3.89602261e+00  2.56631614e+00  2.56427377e+00 -3.26962681e-05 
 5.76314000e-02  2.49926504e+00  3.89811108e+00  2.56839574e+00  2.56641417e+00 -3.26812223e-05 
 5.76364000e-02  2.49924410e+00  3.90013207e+00  2.57040771e+00  2.56848886e+00 -3.26666615e-05 
 5.76414000e-02  2.49922391e+00  3.90208362e+00  2.57235011e+00  2.57049584e+00 -3.26525997e-05 
 5.76464000e-02  2.49920448e+00  3.90396383e+00  2.57422106e+00  2.57243316e+00 -3.26390506e-05 
 5.76514000e-02  2.49918584e+00  3.90577089e+00  2.57601874e+00  2.57429895e+00 -3.26260272e-05 
 5.76564000e-02  2.49916801e+00  3.90750304e+00  2.57774141e+00  2.57609140e+00 -3.26135419e-05 
 5.76614000e-02  2.49915099e+00  3.90915862e+00  2.57938742e+00  2.57780877e+00 -3.26016068e-05 
 5.76664000e-02  2.49913481e+00  3.91073603e+00  2.58095516e+00  2.57944941e+00 -3.25902335e-05 
 5.76714000e-02  2.49911949e+00  3.91223373e+00  2.58244314e+00  2.58101173e+00 -3.25794326e-05 
 5.76764000e-02  2.49910503e+00  3.91365029e+00  2.58384990e+00  2.58249422e+00 -3.25692148e-05 
 5.76814000e-02  2.49909146e+00  3.91498434e+00  2.58517409e+00  2.58389545e+00 -3.25595897e-05 
 5.76864000e-02  2.49907879e+00  3.91623458e+00  2.58641444e+00  2.58521407e+00 -3.25505666e-05 
 5.76914000e-02  2.49906702e+00  3.91739983e+00  2.58756976e+00  2.58644881e+00 -3.25421541e-05 
 5.76964000e-02  2.49905618e+00  3.91847895e+00  2.58863892e+00  2.58759848e+00 -3.25343603e-05 
 5.77014000e-02  2.49904626e+00  3.91947091e+00  2.58962090e+00  2.58866197e+00 -3.25271926e-05 
 5.77064000e-02  2.49903729e+00  3.92037475e+00  2.59051475e+00  2.58963826e+00 -3.25206579e-05 
 5.77114000e-02  2.49902927e+00  3.92118959e+00  2.59131962e+00  2.59052640e+00 -3.25147624e-05 
 5.77164000e-02  2.49902220e+00  3.92191467e+00  2.59203473e+00  2.59132555e+00 -3.25095118e-05 
 5.77214000e-02  2.49901610e+00  3.92254927e+00  2.59265939e+00  2.59203493e+00 -3.25049111e-05 
 5.77264000e-02  2.49901097e+00  3.92309280e+00  2.59319300e+00  2.59265386e+00 -3.25009646e-05 
 5.77314000e-02  2.49900682e+00  3.92354472e+00  2.59363505e+00  2.59318176e+00 -3.24976763e-05 
 5.77364000e-02  2.49900365e+00  3.92390460e+00  2.59398512e+00  2.59361810e+00 -3.24950491e-05 
 5.77414000e-02  2.49900146e+00  3.92417210e+00  2.59424286e+00  2.59396247e+00 -3.24930856e-05 
 5.77464000e-02  2.49900026e+00  3.92434696e+00  2.59440804e+00  2.59421454e+00 -3.24917877e-05 
 5.77514000e-02  2.49900004e+00  3.92442902e+00  2.59448049e+00  2.59437407e+00 -3.24911566e-05 
 5.77564000e-02  2.49900081e+00  3.92441818e+00  2.59446014e+00  2.59444091e+00 -3.24911929e-05 
 5.77614000e-02  2.49900256e+00  3.92431447e+00  2.59434701e+00  2.59441498e+00 -3.24918967e-05 
 5.77664000e-02  2.49900530e+00  3.92411797e+00  2.59414121e+00  2.59429632e+00 -3.24932671e-05 
 5.77714000e-02  2.49900903e+00  3.92382889e+00  2.59384294e+00  2.59408504e+00 -3.24953030e-05 
 5.77764000e-02  2.49901373e+00  3.92344750e+00  2.59345249e+00  2.59378134e+00 -3.24980024e-05 
 5.77814000e-02  2.49901940e+00  3.92297416e+00  2.59297022e+00  2.59338552e+00 -3.25013626e-05 
 5.77864000e-02  2.49902604e+00  3.92240933e+00  2.59239661e+00  2.59289795e+00 -3.25053806e-05 
 5.77914000e-02  2.49903364e+00  3.92175355e+00  2.59173221e+00  2.59231910e+00 -3.25100525e-05 
 5.77964000e-02  2.49904220e+00  3.92100746e+00  2.59097764e+00  2.59164954e+00 -3.25153738e-05 
 5.78014000e-02  2.49905170e+00  3.92017176e+00  2.59013365e+00  2.59088989e+00 -3.25213395e-05 
 5.78064000e-02  2.49906214e+00  3.91924726e+00  2.58920104e+00  2.59004090e+00 -3.25279438e-05 
 5.78114000e-02  2.49907350e+00  3.91823486e+00  2.58818070e+00  2.58910338e+00 -3.25351804e-05 
 5.78164000e-02  2.49908577e+00  3.91713552e+00  2.58707363e+00  2.58807823e+00 -3.25430425e-05 
 5.78214000e-02  2.49909895e+00  3.91595031e+00  2.58588088e+00  2.58696644e+00 -3.25515224e-05 
 5.78264000e-02  2.49911302e+00  3.91468036e+00  2.58460360e+00  2.58576908e+00 -3.25606122e-05 
 5.78314000e-02  2.49912796e+00  3.91332690e+00  2.58324304e+00  2.58448730e+00 -3.25703030e-05 
 5.78364000e-02  2.49914377e+00  3.91189124e+00  2.58180049e+00  2.58312234e+00 -3.25805857e-05 
 5.78414000e-02  2.49916042e+00  3.91037476e+00  2.58027735e+00  2.58167552e+00 -3.25914503e-05 
 5.78464000e-02  2.49917790e+00  3.90877892e+00  2.57867509e+00  2.58014823e+00 -3.26028864e-05 
 5.78514000e-02  2.49919618e+00  3.90710527e+00  2.57699526e+00  2.57854194e+00 -3.26148831e-05 
 5.78564000e-02  2.49921527e+00  3.90535542e+00  2.57523948e+00  2.57685821e+00 -3.26274288e-05 
 5.78614000e-02  2.49923512e+00  3.90353106e+00  2.57340945e+00  2.57509867e+00 -3.26405115e-05 
 5.78664000e-02  2.49925574e+00  3.90163396e+00  2.57150694e+00  2.57326501e+00 -3.26541185e-05 
 5.78714000e-02  2.49927708e+00  3.89966596e+00  2.56953379e+00  2.57135900e+00 -3.26682368e-05 
 5.78764000e-02  2.49929914e+00  3.89762896e+00  2.56749191e+00  2.56938251e+00 -3.26828527e-05 
 5.78814000e-02  2.49932189e+00  3.89552493e+00  2.56538329e+00  2.56733744e+00 -3.26979522e-05 
 5.78864000e-02  2.49934531e+00  3.89335593e+00  2.56320997e+00  2.56522577e+00 -3.27135207e-05 
 5.78914000e-02  2.49936938e+00  3.89112405e+00  2.56097406e+00  2.56304955e+00 -3.27295430e-05 
 5.78964000e-02  2.49939407e+00  3.88883146e+00  2.55867772e+00  2.56081090e+00 -3.27460038e-05 
 5.79014000e-02  2.49941935e+00  3.88648039e+00  2.55632321e+00  2.55851199e+00 -3.27628871e-05 
 5.79064000e-02  2.49944521e+00  3.88407314e+00  2.55391279e+00  2.55615505e+00 -3.27801765e-05 
 5.79114000e-02  2.49947162e+00  3.88161203e+00  2.55144883e+00  2.55374239e+00 -3.27978553e-05 
 5.79164000e-02  2.49949855e+00  3.87909948e+00  2.54893373e+00  2.55127634e+00 -3.28159062e-05 
 5.79214000e-02  2.49952597e+00  3.87653793e+00  2.54636993e+00  2.54875932e+00 -3.28343118e-05 
 5.79264000e-02  2.49955386e+00  3.87392988e+00  2.54375994e+00  2.54619378e+00 -3.28530541e-05 
 5.79314000e-02  2.49958220e+00  3.87127788e+00  2.54110631e+00  2.54358221e+00 -3.28721148e-05 
 5.79364000e-02  2.49961094e+00  3.86858452e+00  2.53841163e+00  2.54092718e+00 -3.28914755e-05 
 5.79414000e-02  2.49964007e+00  3.86585244e+00  2.53567854e+00  2.53823128e+00 -3.29111171e-05 
 5.79464000e-02  2.49966955e+00  3.86308431e+00  2.53290972e+00  2.53549715e+00 -3.29310205e-05 
 5.79514000e-02  2.49969936e+00  3.86028285e+00  2.53010787e+00  2.53272746e+00 -3.29511663e-05 
 5.79564000e-02  2.49972947e+00  3.85745079e+00  2.52727575e+00  2.52992492e+00 -3.29715347e-05 
 5.79614000e-02  2.49975984e+00  3.85459093e+00  2.52441613e+00  2.52709230e+00 -3.29921058e-05 
 5.79664000e-02  2.49979045e+00  3.85170606e+00  2.52153183e+00  2.52423235e+00 -3.30128594e-05 
 5.79714000e-02  2.49982127e+00  3.84879902e+00  2.51862567e+00  2.52134790e+00 -3.30337751e-05 
 5.79764000e-02  2.49985226e+00  3.84587268e+00  2.51570051e+00  2.51844178e+00 -3.30548324e-05 
 5.79814000e-02  2.49988340e+00  3.84292991e+00  2.51275925e+00  2.51551685e+00 -3.30760106e-05 
 5.79864000e-02  2.49991465e+00  3.83997361e+00  2.50980476e+00  2.51257598e+00 -3.30972888e-05 
 5.79914000e-02  2.49994599e+00  3.83700670e+00  2.50683997e+00  2.50962208e+00 -3.31186460e-05 
 5.79964000e-02  2.49997738e+00  3.83403210e+00  2.50386779e+00  2.50665805e+00 -3.31400613e-05 
 5.80014000e-02  2.50000880e+00  3.83105274e+00  2.50089117e+00  2.50368682e+00 -3.31615134e-05 
 5.80064000e-02  2.50004020e+00  3.82807158e+00  2.49791305e+00  2.50071133e+00 -3.31829812e-05 
 5.80114000e-02  2.50007157e+00  3.82509155e+00  2.49493635e+00  2.49773450e+00 -3.32044434e-05 
 5.80164000e-02  2.50010286e+00  3.82211561e+00  2.49196404e+00  2.49475929e+00 -3.32258788e-05 
 5.80214000e-02  2.50013406e+00  3.81914670e+00  2.48899905e+00  2.49178864e+00 -3.32472662e-05 
 5.80264000e-02  2.50016512e+00  3.81618776e+00  2.48604433e+00  2.48882548e+00 -3.32685843e-05 
 5.80314000e-02  2.50019601e+00  3.81324172e+00  2.48310278e+00  2.48587275e+00 -3.32898121e-05 
 5.80364000e-02  2.50022672e+00  3.81031151e+00  2.48017735e+00  2.48293339e+00 -3.33109285e-05 
 5.80414000e-02  2.50025720e+00  3.80740003e+00  2.47727092e+00  2.48001029e+00 -3.33319124e-05 
 5.80464000e-02  2.50028743e+00  3.80451017e+00  2.47438638e+00  2.47710637e+00 -3.33527430e-05 
 5.80514000e-02  2.50031737e+00  3.80164481e+00  2.47152660e+00  2.47422451e+00 -3.33733995e-05 
 5.80564000e-02  2.50034700e+00  3.79880679e+00  2.46869442e+00  2.47136757e+00 -3.33938615e-05 
 5.80614000e-02  2.50037629e+00  3.79599892e+00  2.46589266e+00  2.46853838e+00 -3.34141085e-05 
 5.80664000e-02  2.50040521e+00  3.79322402e+00  2.46312411e+00  2.46573977e+00 -3.34341203e-05 
 5.80714000e-02  2.50043372e+00  3.79048484e+00  2.46039151e+00  2.46297452e+00 -3.34538770e-05 
 5.80764000e-02  2.50046181e+00  3.78778410e+00  2.45769760e+00  2.46024538e+00 -3.34733588e-05 
 5.80814000e-02  2.50048944e+00  3.78512450e+00  2.45504506e+00  2.45755507e+00 -3.34925463e-05 
 5.80864000e-02  2.50051659e+00  3.78250870e+00  2.45243652e+00  2.45490626e+00 -3.35114203e-05 
 5.80914000e-02  2.50054323e+00  3.77993929e+00  2.44987461e+00  2.45230161e+00 -3.35299618e-05 
 5.80964000e-02  2.50056934e+00  3.77741884e+00  2.44736186e+00  2.44974371e+00 -3.35481525e-05 
 5.81014000e-02  2.50059488e+00  3.77494988e+00  2.44490078e+00  2.44723511e+00 -3.35659739e-05 
 5.81064000e-02  2.50061983e+00  3.77253485e+00  2.44249385e+00  2.44477831e+00 -3.35834084e-05 
 5.81114000e-02  2.50064418e+00  3.77017619e+00  2.44014346e+00  2.44237577e+00 -3.36004384e-05 
 5.81164000e-02  2.50066788e+00  3.76787624e+00  2.43785195e+00  2.44002989e+00 -3.36170468e-05 
 5.81214000e-02  2.50069093e+00  3.76563730e+00  2.43562163e+00  2.43774301e+00 -3.36332169e-05 
 5.81264000e-02  2.50071330e+00  3.76346162e+00  2.43345471e+00  2.43551743e+00 -3.36489326e-05 
 5.81314000e-02  2.50073496e+00  3.76135136e+00  2.43135338e+00  2.43335536e+00 -3.36641781e-05 
 5.81364000e-02  2.50075590e+00  3.75930865e+00  2.42931973e+00  2.43125897e+00 -3.36789380e-05 
 5.81414000e-02  2.50077609e+00  3.75733552e+00  2.42735580e+00  2.42923035e+00 -3.36931975e-05 
 5.81464000e-02  2.50079552e+00  3.75543395e+00  2.42546355e+00  2.42727155e+00 -3.37069423e-05 
 5.81514000e-02  2.50081416e+00  3.75360585e+00  2.42364488e+00  2.42538451e+00 -3.37201585e-05 
 5.81564000e-02  2.50083199e+00  3.75185305e+00  2.42190161e+00  2.42357113e+00 -3.37328329e-05 
 5.81614000e-02  2.50084901e+00  3.75017730e+00  2.42023549e+00  2.42183323e+00 -3.37449527e-05 
 5.81664000e-02  2.50086519e+00  3.74858028e+00  2.41864819e+00  2.42017254e+00 -3.37565057e-05 
 5.81714000e-02  2.50088051e+00  3.74706360e+00  2.41714130e+00  2.41859074e+00 -3.37674803e-05 
 5.81764000e-02  2.50089497e+00  3.74562877e+00  2.41571633e+00  2.41708940e+00 -3.37778654e-05 
 5.81814000e-02  2.50090854e+00  3.74427724e+00  2.41437471e+00  2.41567004e+00 -3.37876505e-05 
 5.81864000e-02  2.50092121e+00  3.74301035e+00  2.41311779e+00  2.41433408e+00 -3.37968258e-05 
 5.81914000e-02  2.50093298e+00  3.74182939e+00  2.41194683e+00  2.41308285e+00 -3.38053821e-05 
 5.81964000e-02  2.50094382e+00  3.74073553e+00  2.41086299e+00  2.41191761e+00 -3.38133107e-05 
 5.82014000e-02  2.50095374e+00  3.73972988e+00  2.40986738e+00  2.41083954e+00 -3.38206037e-05 
 5.82064000e-02  2.50096271e+00  3.73881344e+00  2.40896099e+00  2.40984971e+00 -3.38272536e-05 
 5.82114000e-02  2.50097073e+00  3.73798713e+00  2.40814473e+00  2.40894912e+00 -3.38332537e-05 
 5.82164000e-02  2.50097780e+00  3.73725178e+00  2.40741941e+00  2.40813867e+00 -3.38385981e-05 
 5.82214000e-02  2.50098390e+00  3.73660814e+00  2.40678577e+00  2.40741917e+00 -3.38432814e-05 
 5.82264000e-02  2.50098903e+00  3.73605684e+00  2.40624445e+00  2.40679135e+00 -3.38472987e-05 
 5.82314000e-02  2.50099318e+00  3.73559844e+00  2.40579598e+00  2.40625584e+00 -3.38506461e-05 
 5.82364000e-02  2.50099635e+00  3.73523340e+00  2.40544082e+00  2.40581318e+00 -3.38533202e-05 
 5.82414000e-02  2.50099854e+00  3.73496208e+00  2.40517933e+00  2.40546380e+00 -3.38553182e-05 
 5.82464000e-02  2.50099974e+00  3.73478476e+00  2.40501176e+00  2.40520806e+00 -3.38566382e-05 
 5.82514000e-02  2.50099996e+00  3.73470162e+00  2.40493828e+00  2.40504623e+00 -3.38572789e-05 
 5.82564000e-02  2.50099919e+00  3.73471274e+00  2.40495897e+00  2.40497845e+00 -3.38572395e-05 
 5.82614000e-02  2.50099744e+00  3.73481811e+00  2.40507381e+00  2.40500480e+00 -3.38565202e-05 
 5.82664000e-02  2.50099470e+00  3.73501762e+00  2.40528269e+00  2.40512525e+00 -3.38551217e-05 
 5.82714000e-02  2.50099097e+00  3.73531108e+00  2.40558538e+00  2.40533968e+00 -3.38530453e-05 
 5.82764000e-02  2.50098627e+00  3.73569818e+00  2.40598159e+00  2.40564788e+00 -3.38502933e-05 
 5.82814000e-02  2.50098060e+00  3.73617853e+00  2.40647093e+00  2.40604953e+00 -3.38468683e-05 
 5.82864000e-02  2.50097396e+00  3.73675167e+00  2.40705289e+00  2.40654424e+00 -3.38427738e-05 
 5.82914000e-02  2.50096636e+00  3.73741700e+00  2.40772690e+00  2.40713150e+00 -3.38380139e-05 
 5.82964000e-02  2.50095780e+00  3.73817386e+00  2.40849227e+00  2.40781073e+00 -3.38325936e-05 
 5.83014000e-02  2.50094830e+00  3.73902150e+00  2.40934824e+00  2.40858123e+00 -3.38265182e-05 
 5.83064000e-02  2.50093786e+00  3.73995906e+00  2.41029396e+00  2.40944225e+00 -3.38197938e-05 
 5.83114000e-02  2.50092650e+00  3.74098559e+00  2.41132846e+00  2.41039292e+00 -3.38124273e-05 
 5.83164000e-02  2.50091423e+00  3.74210008e+00  2.41245072e+00  2.41143227e+00 -3.38044261e-05 
 5.83214000e-02  2.50090105e+00  3.74330139e+00  2.41365960e+00  2.41255928e+00 -3.37957982e-05 
 5.83264000e-02  2.50088698e+00  3.74458833e+00  2.41495389e+00  2.41377280e+00 -3.37865524e-05 
 5.83314000e-02  2.50087204e+00  3.74595960e+00  2.41633230e+00  2.41507162e+00 -3.37766980e-05 
 5.83364000e-02  2.50085623e+00  3.74741383e+00  2.41779344e+00  2.41645443e+00 -3.37662449e-05 
 5.83414000e-02  2.50083958e+00  3.74894955e+00  2.41933584e+00  2.41791985e+00 -3.37552036e-05 
 5.83464000e-02  2.50082210e+00  3.75056524e+00  2.42095797e+00  2.41946642e+00 -3.37435853e-05 
 5.83514000e-02  2.50080382e+00  3.75225927e+00  2.42265819e+00  2.42109257e+00 -3.37314017e-05 
 5.83564000e-02  2.50078473e+00  3.75402993e+00  2.42443480e+00  2.42279668e+00 -3.37186650e-05 
 5.83614000e-02  2.50076488e+00  3.75587547e+00  2.42628601e+00  2.42457705e+00 -3.37053881e-05 
 5.83664000e-02  2.50074426e+00  3.75779402e+00  2.42820999e+00  2.42643187e+00 -3.36915842e-05 
 5.83714000e-02  2.50072292e+00  3.75978367e+00  2.43020479e+00  2.42835931e+00 -3.36772674e-05 
 5.83764000e-02  2.50070086e+00  3.76184242e+00  2.43226842e+00  2.43035743e+00 -3.36624520e-05 
 5.83814000e-02  2.50067811e+00  3.76396821e+00  2.43439881e+00  2.43242422e+00 -3.36471528e-05 
 5.83864000e-02  2.50065469e+00  3.76615893e+00  2.43659384e+00  2.43455763e+00 -3.36313853e-05 
 5.83914000e-02  2.50063062e+00  3.76841236e+00  2.43885131e+00  2.43675551e+00 -3.36151653e-05 
 5.83964000e-02  2.50060593e+00  3.77072627e+00  2.44116896e+00  2.43901566e+00 -3.35985090e-05 
 5.84014000e-02  2.50058065e+00  3.77309834e+00  2.44354447e+00  2.44133584e+00 -3.35814332e-05 
 5.84064000e-02  2.50055479e+00  3.77552620e+00  2.44597547e+00  2.44371371e+00 -3.35639550e-05 
 5.84114000e-02  2.50052838e+00  3.77800742e+00  2.44845953e+00  2.44614690e+00 -3.35460919e-05 
 5.84164000e-02  2.50050145e+00  3.78053952e+00  2.45099418e+00  2.44863298e+00 -3.35278618e-05 
 5.84214000e-02  2.50047403e+00  3.78311998e+00  2.45357688e+00  2.45116947e+00 -3.35092829e-05 
 5.84264000e-02  2.50044614e+00  3.78574623e+00  2.45620505e+00  2.45375384e+00 -3.34903739e-05 
 5.84314000e-02  2.50041780e+00  3.78841564e+00  2.45887608e+00  2.45638351e+00 -3.34711536e-05 
 5.84364000e-02  2.50038906e+00  3.79112556e+00  2.46158730e+00  2.45905586e+00 -3.34516413e-05 
 5.84414000e-02  2.50035993e+00  3.79387328e+00  2.46433602e+00  2.46176822e+00 -3.34318565e-05 
 5.84464000e-02  2.50033045e+00  3.79665607e+00  2.46711948e+00  2.46451789e+00 -3.34118188e-05 
 5.84514000e-02  2.50030064e+00  3.79947116e+00  2.46993494e+00  2.46730214e+00 -3.33915483e-05 
 5.84564000e-02  2.50027053e+00  3.80231575e+00  2.47277957e+00  2.47011819e+00 -3.33710652e-05 
 5.84614000e-02  2.50024016e+00  3.80518701e+00  2.47565056e+00  2.47296324e+00 -3.33503899e-05 
 5.84664000e-02  2.50020955e+00  3.80808208e+00  2.47854506e+00  2.47583447e+00 -3.33295430e-05 
 5.84714000e-02  2.50017873e+00  3.81099810e+00  2.48146018e+00  2.47872902e+00 -3.33085452e-05 
 5.84764000e-02  2.50014774e+00  3.81393217e+00  2.48439304e+00  2.48164401e+00 -3.32874173e-05 
 5.84814000e-02  2.50011660e+00  3.81688137e+00  2.48734072e+00  2.48457656e+00 -3.32661805e-05 
 5.84864000e-02  2.50008535e+00  3.81984279e+00  2.49030031e+00  2.48752375e+00 -3.32448557e-05 
 5.84914000e-02  2.50005401e+00  3.82281348e+00  2.49326887e+00  2.49048267e+00 -3.32234640e-05 
 5.84964000e-02  2.50002262e+00  3.82579052e+00  2.49624346e+00  2.49345037e+00 -3.32020268e-05 
 5.85014000e-02  2.49999120e+00  3.82877094e+00  2.49922114e+00  2.49642393e+00 -3.31805651e-05 
 5.85064000e-02  2.49995980e+00  3.83175181e+00  2.50219896e+00  2.49940040e+00 -3.31591003e-05 
 5.85114000e-02  2.49992843e+00  3.83473019e+00  2.50517399e+00  2.50237684e+00 -3.31376536e-05 
 5.85164000e-02  2.49989714e+00  3.83770312e+00  2.50814328e+00  2.50535031e+00 -3.31162461e-05 
 5.85214000e-02  2.49986594e+00  3.84066767e+00  2.51110391e+00  2.50831787e+00 -3.30948989e-05 
 5.85264000e-02  2.49983488e+00  3.84362093e+00  2.51405295e+00  2.51127659e+00 -3.30736331e-05 
 5.85314000e-02  2.49980399e+00  3.84655998e+00  2.51698750e+00  2.51422356e+00 -3.30524697e-05 
 5.85364000e-02  2.49977328e+00  3.84948193e+00  2.51990467e+00  2.51715587e+00 -3.30314295e-05 
 5.85414000e-02  2.49974280e+00  3.85238390e+00  2.52280159e+00  2.52007063e+00 -3.30105331e-05 
 5.85464000e-02  2.49971257e+00  3.85526303e+00  2.52567541e+00  2.52296498e+00 -3.29898010e-05 
 5.85514000e-02  2.49968263e+00  3.85811651e+00  2.52852330e+00  2.52583607e+00 -3.29692537e-05 
 5.85564000e-02  2.49965300e+00  3.86094153e+00  2.53134248e+00  2.52868109e+00 -3.29489112e-05 
 5.85614000e-02  2.49962371e+00  3.86373532e+00  2.53413018e+00  2.53149723e+00 -3.29287935e-05 
 5.85664000e-02  2.49959479e+00  3.86649513e+00  2.53688366e+00  2.53428174e+00 -3.29089202e-05 
 5.85714000e-02  2.49956628e+00  3.86921827e+00  2.53960023e+00  2.53703188e+00 -3.28893109e-05 
 5.85764000e-02  2.49953819e+00  3.87190207e+00  2.54227722e+00  2.53974497e+00 -3.28699845e-05 
 5.85814000e-02  2.49951056e+00  3.87454391e+00  2.54491202e+00  2.54241834e+00 -3.28509600e-05 
 5.85864000e-02  2.49948341e+00  3.87714120e+00  2.54750206e+00  2.54504938e+00 -3.28322560e-05 
 5.85914000e-02  2.49945677e+00  3.87969141e+00  2.55004481e+00  2.54763553e+00 -3.28138906e-05 
 5.85964000e-02  2.49943066e+00  3.88219205e+00  2.55253778e+00  2.55017426e+00 -3.27958817e-05 
 5.86014000e-02  2.49940512e+00  3.88464068e+00  2.55497855e+00  2.55266308e+00 -3.27782467e-05 
 5.86064000e-02  2.49938017e+00  3.88703491e+00  2.55736473e+00  2.55509958e+00 -3.27610029e-05 
 5.86114000e-02  2.49935582e+00  3.88937243e+00  2.55969400e+00  2.55748138e+00 -3.27441669e-05 
 5.86164000e-02  2.49933212e+00  3.89165094e+00  2.56196411e+00  2.55980615e+00 -3.27277551e-05 
 5.86214000e-02  2.49930907e+00  3.89386824e+00  2.56417284e+00  2.56207165e+00 -3.27117833e-05 
 5.86264000e-02  2.49928670e+00  3.89602217e+00  2.56631804e+00  2.56427567e+00 -3.26962670e-05 
 5.86314000e-02  2.49926504e+00  3.89811064e+00  2.56839764e+00  2.56641606e+00 -3.26812212e-05 
 5.86364000e-02  2.49924410e+00  3.90013163e+00  2.57040961e+00  2.56849076e+00 -3.26666604e-05 
 5.86414000e-02  2.49922391e+00  3.90208318e+00  2.57235201e+00  2.57049774e+00 -3.26525987e-05 
 5.86464000e-02  2.49920448e+00  3.90396339e+00  2.57422296e+00  2.57243506e+00 -3.26390496e-05 
 5.86514000e-02  2.49918584e+00  3.90577045e+00  2.57602064e+00  2.57430085e+00 -3.26260261e-05 
 5.86564000e-02  2.49916801e+00  3.90750261e+00  2.57774331e+00  2.57609330e+00 -3.26135408e-05 
 5.86614000e-02  2.49915099e+00  3.90915819e+00  2.57938932e+00  2.57781067e+00 -3.26016058e-05 
 5.86664000e-02  2.49913481e+00  3.91073559e+00  2.58095707e+00  2.57945131e+00 -3.25902324e-05 
 5.86714000e-02  2.49911949e+00  3.91223329e+00  2.58244504e+00  2.58101363e+00 -3.25794316e-05 
 5.86764000e-02  2.49910503e+00  3.91364985e+00  2.58385180e+00  2.58249612e+00 -3.25692137e-05 
 5.86814000e-02  2.49909146e+00  3.91498390e+00  2.58517600e+00  2.58389736e+00 -3.25595886e-05 
 5.86864000e-02  2.49907879e+00  3.91623415e+00  2.58641635e+00  2.58521598e+00 -3.25505655e-05 
 5.86914000e-02  2.49906702e+00  3.91739940e+00  2.58757166e+00  2.58645072e+00 -3.25421530e-05 
 5.86964000e-02  2.49905618e+00  3.91847852e+00  2.58864082e+00  2.58760039e+00 -3.25343591e-05 
 5.87014000e-02  2.49904626e+00  3.91947048e+00  2.58962281e+00  2.58866388e+00 -3.25271914e-05 
 5.87064000e-02  2.49903729e+00  3.92037432e+00  2.59051666e+00  2.58964017e+00 -3.25206567e-05 
 5.87114000e-02  2.49902927e+00  3.92118917e+00  2.59132153e+00  2.59052831e+00 -3.25147613e-05 
 5.87164000e-02  2.49902220e+00  3.92191424e+00  2.59203664e+00  2.59132746e+00 -3.25095107e-05 
 5.87214000e-02  2.49901610e+00  3.92254885e+00  2.59266130e+00  2.59203684e+00 -3.25049099e-05 
 5.87264000e-02  2.49901097e+00  3.92309237e+00  2.59319491e+00  2.59265578e+00 -3.25009635e-05 
 5.87314000e-02  2.49900682e+00  3.92354430e+00  2.59363697e+00  2.59318367e+00 -3.24976751e-05 
 5.87364000e-02  2.49900365e+00  3.92390418e+00  2.59398703e+00  2.59362001e+00 -3.24950479e-05 
 5.87414000e-02  2.49900146e+00  3.92417168e+00  2.59424478e+00  2.59396438e+00 -3.24930844e-05 
 5.87464000e-02  2.49900026e+00  3.92434654e+00  2.59440995e+00  2.59421645e+00 -3.24917865e-05 
 5.87514000e-02  2.49900004e+00  3.92442860e+00  2.59448240e+00  2.59437599e+00 -3.24911554e-05 
 5.87564000e-02  2.49900081e+00  3.92441776e+00  2.59446205e+00  2.59444282e+00 -3.24911917e-05 
 5.87614000e-02  2.49900256e+00  3.92431405e+00  2.59434893e+00  2.59441690e+00 -3.24918955e-05 
 5.87664000e-02  2.49900530e+00  3.92411756e+00  2.59414313e+00  2.59429824e+00 -3.24932659e-05 
 5.87714000e-02  2.49900903e+00  3.92382848e+00  2.59384486e+00  2.59408696e+00 -3.24953018e-05 
 5.87764000e-02  2.49901373e+00  3.92344708e+00  2.59345441e+00  2.59378326e+00 -3.24980012e-05 
 5.87814000e-02  2.49901940e+00  3.92297375e+00  2.59297214e+00  2.59338744e+00 -3.25013614e-05 
 5.87864000e-02  2.49902604e+00  3.92240892e+00  2.59239853e+00  2.59289987e+00 -3.25053794e-05 
 5.87914000e-02  2.49903364e+00  3.92175314e+00  2.59173413e+00  2.59232102e+00 -3.25100513e-05 
 5.87964000e-02  2.49904220e+00  3.92100704e+00  2.59097957e+00  2.59165146e+00 -3.25153726e-05 
 5.88014000e-02  2.49905170e+00  3.92017135e+00  2.59013557e+00  2.59089181e+00 -3.25213382e-05 
 5.88064000e-02  2.49906214e+00  3.91924685e+00  2.58920296e+00  2.59004282e+00 -3.25279425e-05 
 5.88114000e-02  2.49907350e+00  3.91823445e+00  2.58818262e+00  2.58910530e+00 -3.25351791e-05 
 5.88164000e-02  2.49908577e+00  3.91713511e+00  2.58707555e+00  2.58808015e+00 -3.25430412e-05 
 5.88214000e-02  2.49909895e+00  3.91594990e+00  2.58588280e+00  2.58696836e+00 -3.25515212e-05 
 5.88264000e-02  2.49911302e+00  3.91467995e+00  2.58460553e+00  2.58577100e+00 -3.25606109e-05 
 5.88314000e-02  2.49912796e+00  3.91332650e+00  2.58324496e+00  2.58448923e+00 -3.25703018e-05 
 5.88364000e-02  2.49914377e+00  3.91189084e+00  2.58180241e+00  2.58312427e+00 -3.25805844e-05 
 5.88414000e-02  2.49916042e+00  3.91037436e+00  2.58027928e+00  2.58167745e+00 -3.25914490e-05 
 5.88464000e-02  2.49917790e+00  3.90877852e+00  2.57867702e+00  2.58015016e+00 -3.26028851e-05 
 5.88514000e-02  2.49919618e+00  3.90710487e+00  2.57699719e+00  2.57854387e+00 -3.26148818e-05 
 5.88564000e-02  2.49921527e+00  3.90535502e+00  2.57524141e+00  2.57686014e+00 -3.26274275e-05 
 5.88614000e-02  2.49923512e+00  3.90353066e+00  2.57341138e+00  2.57510059e+00 -3.26405102e-05 
 5.88664000e-02  2.49925574e+00  3.90163356e+00  2.57150887e+00  2.57326694e+00 -3.26541172e-05 
 5.88714000e-02  2.49927708e+00  3.89966556e+00  2.56953572e+00  2.57136094e+00 -3.26682354e-05 
 5.88764000e-02  2.49929914e+00  3.89762856e+00  2.56749385e+00  2.56938444e+00 -3.26828514e-05 
 5.88814000e-02  2.49932189e+00  3.89552454e+00  2.56538523e+00  2.56733937e+00 -3.26979509e-05 
 5.88864000e-02  2.49934531e+00  3.89335553e+00  2.56321190e+00  2.56522770e+00 -3.27135193e-05 
 5.88914000e-02  2.49936938e+00  3.89112365e+00  2.56097599e+00  2.56305148e+00 -3.27295417e-05 
 5.88964000e-02  2.49939407e+00  3.88883107e+00  2.55867966e+00  2.56081283e+00 -3.27460025e-05 
 5.89014000e-02  2.49941935e+00  3.88648000e+00  2.55632514e+00  2.55851392e+00 -3.27628858e-05 
 5.89064000e-02  2.49944521e+00  3.88407274e+00  2.55391473e+00  2.55615699e+00 -3.27801752e-05 
 5.89114000e-02  2.49947162e+00  3.88161164e+00  2.55145077e+00  2.55374432e+00 -3.27978539e-05 
 5.89164000e-02  2.49949855e+00  3.87909909e+00  2.54893567e+00  2.55127828e+00 -3.28159048e-05 
 5.89214000e-02  2.49952597e+00  3.87653754e+00  2.54637187e+00  2.54876126e+00 -3.28343104e-05 
 5.89264000e-02  2.49955386e+00  3.87392949e+00  2.54376188e+00  2.54619571e+00 -3.28530527e-05 
 5.89314000e-02  2.49958220e+00  3.87127749e+00  2.54110825e+00  2.54358415e+00 -3.28721134e-05 
 5.89364000e-02  2.49961094e+00  3.86858414e+00  2.53841357e+00  2.54092912e+00 -3.28914740e-05 
 5.89414000e-02  2.49964007e+00  3.86585206e+00  2.53568048e+00  2.53823322e+00 -3.29111157e-05 
 5.89464000e-02  2.49966955e+00  3.86308393e+00  2.53291166e+00  2.53549909e+00 -3.29310191e-05 
 5.89514000e-02  2.49969936e+00  3.86028246e+00  2.53010981e+00  2.53272940e+00 -3.29511649e-05 
 5.89564000e-02  2.49972947e+00  3.85745041e+00  2.52727769e+00  2.52992687e+00 -3.29715333e-05 
 5.89614000e-02  2.49975984e+00  3.85459054e+00  2.52441808e+00  2.52709424e+00 -3.29921044e-05 
 5.89664000e-02  2.49979045e+00  3.85170568e+00  2.52153377e+00  2.52423430e+00 -3.30128580e-05 
 5.89714000e-02  2.49982127e+00  3.84879864e+00  2.51862761e+00  2.52134985e+00 -3.30337737e-05 
 5.89764000e-02  2.49985226e+00  3.84587230e+00  2.51570246e+00  2.51844373e+00 -3.30548310e-05 
 5.89814000e-02  2.49988340e+00  3.84292953e+00  2.51276119e+00  2.51551880e+00 -3.30760091e-05 
 5.89864000e-02  2.49991465e+00  3.83997323e+00  2.50980671e+00  2.51257793e+00 -3.30972873e-05 
 5.89914000e-02  2.49994599e+00  3.83700632e+00  2.50684192e+00  2.50962403e+00 -3.31186445e-05 
 5.89964000e-02  2.49997738e+00  3.83403172e+00  2.50386974e+00  2.50666000e+00 -3.31400598e-05 
 5.90014000e-02  2.50000880e+00  3.83105237e+00  2.50089312e+00  2.50368877e+00 -3.31615119e-05 
 5.90064000e-02  2.50004020e+00  3.82807120e+00  2.49791500e+00  2.50071328e+00 -3.31829797e-05 
 5.90114000e-02  2.50007157e+00  3.82509118e+00  2.49493830e+00  2.49773645e+00 -3.32044419e-05 
 5.90164000e-02  2.50010286e+00  3.82211524e+00  2.49196599e+00  2.49476124e+00 -3.32258773e-05 
 5.90214000e-02  2.50013406e+00  3.81914633e+00  2.48900101e+00  2.49179059e+00 -3.32472647e-05 
 5.90264000e-02  2.50016512e+00  3.81618739e+00  2.48604628e+00  2.48882743e+00 -3.32685828e-05 
 5.90314000e-02  2.50019601e+00  3.81324135e+00  2.48310474e+00  2.48587471e+00 -3.32898106e-05 
 5.90364000e-02  2.50022672e+00  3.81031114e+00  2.48017930e+00  2.48293534e+00 -3.33109269e-05 
 5.90414000e-02  2.50025720e+00  3.80739966e+00  2.47727287e+00  2.48001225e+00 -3.33319108e-05 
 5.90464000e-02  2.50028743e+00  3.80450981e+00  2.47438834e+00  2.47710833e+00 -3.33527414e-05 
 5.90514000e-02  2.50031737e+00  3.80164444e+00  2.47152856e+00  2.47422647e+00 -3.33733980e-05 
 5.90564000e-02  2.50034700e+00  3.79880642e+00  2.46869638e+00  2.47136952e+00 -3.33938599e-05 
 5.90614000e-02  2.50037629e+00  3.79599856e+00  2.46589462e+00  2.46854034e+00 -3.34141069e-05 
 5.90664000e-02  2.50040521e+00  3.79322366e+00  2.46312607e+00  2.46574173e+00 -3.34341187e-05 
 5.90714000e-02  2.50043372e+00  3.79048447e+00  2.46039347e+00  2.46297648e+00 -3.34538754e-05 
 5.90764000e-02  2.50046181e+00  3.78778374e+00  2.45769956e+00  2.46024734e+00 -3.34733572e-05 
 5.90814000e-02  2.50048944e+00  3.78512414e+00  2.45504702e+00  2.45755703e+00 -3.34925447e-05 
 5.90864000e-02  2.50051659e+00  3.78250834e+00  2.45243849e+00  2.45490823e+00 -3.35114187e-05 
 5.90914000e-02  2.50054323e+00  3.77993893e+00  2.44987657e+00  2.45230357e+00 -3.35299602e-05 
 5.90964000e-02  2.50056934e+00  3.77741848e+00  2.44736382e+00  2.44974567e+00 -3.35481509e-05 
 5.91014000e-02  2.50059488e+00  3.77494952e+00  2.44490275e+00  2.44723707e+00 -3.35659723e-05 
 5.91064000e-02  2.50061983e+00  3.77253450e+00  2.44249581e+00  2.44478027e+00 -3.35834068e-05 
 5.91114000e-02  2.50064418e+00  3.77017583e+00  2.44014542e+00  2.44237773e+00 -3.36004367e-05 
 5.91164000e-02  2.50066788e+00  3.76787588e+00  2.43785392e+00  2.44003186e+00 -3.36170451e-05 
 5.91214000e-02  2.50069093e+00  3.76563695e+00  2.43562359e+00  2.43774498e+00 -3.36332153e-05 
 5.91264000e-02  2.50071330e+00  3.76346126e+00  2.43345668e+00  2.43551940e+00 -3.36489310e-05 
 5.91314000e-02  2.50073496e+00  3.76135101e+00  2.43135535e+00  2.43335733e+00 -3.36641764e-05 
 5.91364000e-02  2.50075590e+00  3.75930830e+00  2.42932170e+00  2.43126094e+00 -3.36789363e-05 
 5.91414000e-02  2.50077609e+00  3.75733517e+00  2.42735776e+00  2.42923232e+00 -3.36931959e-05 
 5.91464000e-02  2.50079552e+00  3.75543360e+00  2.42546552e+00  2.42727352e+00 -3.37069406e-05 
 5.91514000e-02  2.50081416e+00  3.75360550e+00  2.42364685e+00  2.42538648e+00 -3.37201569e-05 
 5.91564000e-02  2.50083199e+00  3.75185270e+00  2.42190358e+00  2.42357310e+00 -3.37328313e-05 
 5.91614000e-02  2.50084901e+00  3.75017695e+00  2.42023746e+00  2.42183520e+00 -3.37449510e-05 
 5.91664000e-02  2.50086519e+00  3.74857993e+00  2.41865016e+00  2.42017451e+00 -3.37565040e-05 
 5.91714000e-02  2.50088051e+00  3.74706325e+00  2.41714327e+00  2.41859271e+00 -3.37674786e-05 
 5.91764000e-02  2.50089497e+00  3.74562843e+00  2.41571831e+00  2.41709138e+00 -3.37778637e-05 
 5.91814000e-02  2.50090854e+00  3.74427689e+00  2.41437669e+00  2.41567202e+00 -3.37876488e-05 
 5.91864000e-02  2.50092121e+00  3.74301001e+00  2.41311977e+00  2.41433605e+00 -3.37968241e-05 
 5.91914000e-02  2.50093298e+00  3.74182905e+00  2.41194880e+00  2.41308483e+00 -3.38053804e-05 
 5.91964000e-02  2.50094382e+00  3.74073519e+00  2.41086497e+00  2.41191959e+00 -3.38133090e-05 
 5.92014000e-02  2.50095374e+00  3.73972954e+00  2.40986936e+00  2.41084152e+00 -3.38206019e-05 
 5.92064000e-02  2.50096271e+00  3.73881310e+00  2.40896297e+00  2.40985169e+00 -3.38272518e-05 
 5.92114000e-02  2.50097073e+00  3.73798679e+00  2.40814671e+00  2.40895110e+00 -3.38332520e-05 
 5.92164000e-02  2.50097780e+00  3.73725145e+00  2.40742139e+00  2.40814065e+00 -3.38385964e-05 
 5.92214000e-02  2.50098390e+00  3.73660780e+00  2.40678776e+00  2.40742115e+00 -3.38432796e-05 
 5.92264000e-02  2.50098903e+00  3.73605650e+00  2.40624643e+00  2.40679333e+00 -3.38472969e-05 
 5.92314000e-02  2.50099318e+00  3.73559810e+00  2.40579797e+00  2.40625782e+00 -3.38506443e-05 
 5.92364000e-02  2.50099635e+00  3.73523306e+00  2.40544281e+00  2.40581516e+00 -3.38533184e-05 
 5.92414000e-02  2.50099854e+00  3.73496175e+00  2.40518131e+00  2.40546578e+00 -3.38553164e-05 
 5.92464000e-02  2.50099974e+00  3.73478443e+00  2.40501374e+00  2.40521005e+00 -3.38566364e-05 
 5.92514000e-02  2.50099996e+00  3.73470129e+00  2.40494027e+00  2.40504821e+00 -3.38572771e-05 
 5.92564000e-02  2.50099919e+00  3.73471241e+00  2.40496096e+00  2.40498043e+00 -3.38572377e-05 
 5.92614000e-02  2.50099744e+00  3.73481778e+00  2.40507580e+00  2.40500679e+00 -3.38565184e-05 
 5.92664000e-02  2.50099470e+00  3.73501730e+00  2.40528467e+00  2.40512724e+00 -3.38551199e-05 
 5.92714000e-02  2.50099097e+00  3.73531075e+00  2.40558737e+00  2.40534167e+00 -3.38530435e-05 
 5.92764000e-02  2.50098627e+00  3.73569785e+00  2.40598358e+00  2.40564987e+00 -3.38502914e-05 
 5.92814000e-02  2.50098060e+00  3.73617821e+00  2.40647292e+00  2.40605152e+00 -3.38468664e-05 
 5.92864000e-02  2.50097396e+00  3.73675134e+00  2.40705488e+00  2.40654623e+00 -3.38427719e-05 
 5.92914000e-02  2.50096636e+00  3.73741668e+00  2.40772889e+00  2.40713349e+00 -3.38380121e-05 
 5.92964000e-02  2.50095780e+00  3.73817354e+00  2.40849426e+00  2.40781272e+00 -3.38325917e-05 
 5.93014000e-02  2.50094830e+00  3.73902118e+00  2.40935024e+00  2.40858322e+00 -3.38265163e-05 
 5.93064000e-02  2.50093786e+00  3.73995874e+00  2.41029595e+00  2.40944424e+00 -3.38197919e-05 
 5.93114000e-02  2.50092650e+00  3.74098527e+00  2.41133045e+00  2.41039491e+00 -3.38124254e-05 
 5.93164000e-02  2.50091423e+00  3.74209976e+00  2.41245271e+00  2.41143427e+00 -3.38044242e-05 
 5.93214000e-02  2.50090105e+00  3.74330107e+00  2.41366159e+00  2.41256127e+00 -3.37957963e-05 
 5.93264000e-02  2.50088698e+00  3.74458801e+00  2.41495589e+00  2.41377479e+00 -3.37865505e-05 
 5.93314000e-02  2.50087204e+00  3.74595928e+00  2.41633429e+00  2.41507361e+00 -3.37766961e-05 
 5.93364000e-02  2.50085623e+00  3.74741351e+00  2.41779543e+00  2.41645643e+00 -3.37662430e-05 
 5.93414000e-02  2.50083958e+00  3.74894924e+00  2.41933784e+00  2.41792185e+00 -3.37552017e-05 
 5.93464000e-02  2.50082210e+00  3.75056493e+00  2.42095997e+00  2.41946842e+00 -3.37435834e-05 
 5.93514000e-02  2.50080382e+00  3.75225895e+00  2.42266019e+00  2.42109457e+00 -3.37313998e-05 
 5.93564000e-02  2.50078473e+00  3.75402962e+00  2.42443679e+00  2.42279868e+00 -3.37186631e-05 
 5.93614000e-02  2.50076488e+00  3.75587515e+00  2.42628801e+00  2.42457904e+00 -3.37053861e-05 
 5.93664000e-02  2.50074426e+00  3.75779371e+00  2.42821198e+00  2.42643387e+00 -3.36915823e-05 
 5.93714000e-02  2.50072292e+00  3.75978336e+00  2.43020679e+00  2.42836131e+00 -3.36772655e-05 
 5.93764000e-02  2.50070086e+00  3.76184211e+00  2.43227042e+00  2.43035943e+00 -3.36624500e-05 
 5.93814000e-02  2.50067811e+00  3.76396791e+00  2.43440081e+00  2.43242622e+00 -3.36471509e-05 
 5.93864000e-02  2.50065469e+00  3.76615862e+00  2.43659584e+00  2.43455963e+00 -3.36313833e-05 
 5.93914000e-02  2.50063062e+00  3.76841206e+00  2.43885331e+00  2.43675751e+00 -3.36151633e-05 
 5.93964000e-02  2.50060593e+00  3.77072597e+00  2.44117096e+00  2.43901767e+00 -3.35985070e-05 
 5.94014000e-02  2.50058065e+00  3.77309803e+00  2.44354647e+00  2.44133784e+00 -3.35814312e-05 
 5.94064000e-02  2.50055479e+00  3.77552589e+00  2.44597747e+00  2.44371571e+00 -3.35639530e-05 
 5.94114000e-02  2.50052838e+00  3.77800711e+00  2.44846154e+00  2.44614890e+00 -3.35460899e-05 
 5.94164000e-02  2.50050145e+00  3.78053922e+00  2.45099619e+00  2.44863499e+00 -3.35278598e-05 
 5.94214000e-02  2.50047403e+00  3.78311968e+00  2.45357888e+00  2.45117148e+00 -3.35092809e-05 
 5.94264000e-02  2.50044614e+00  3.78574593e+00  2.45620706e+00  2.45375585e+00 -3.34903719e-05 
 5.94314000e-02  2.50041780e+00  3.78841534e+00  2.45887809e+00  2.45638552e+00 -3.34711516e-05 
 5.94364000e-02  2.50038906e+00  3.79112526e+00  2.46158931e+00  2.45905787e+00 -3.34516393e-05 
 5.94414000e-02  2.50035993e+00  3.79387298e+00  2.46433802e+00  2.46177023e+00 -3.34318544e-05 
 5.94464000e-02  2.50033045e+00  3.79665577e+00  2.46712149e+00  2.46451990e+00 -3.34118168e-05 
 5.94514000e-02  2.50030064e+00  3.79947086e+00  2.46993694e+00  2.46730415e+00 -3.33915463e-05 
 5.94564000e-02  2.50027053e+00  3.80231545e+00  2.47278158e+00  2.47012020e+00 -3.33710632e-05 
 5.94614000e-02  2.50024016e+00  3.80518671e+00  2.47565257e+00  2.47296525e+00 -3.33503879e-05 
 5.94664000e-02  2.50020955e+00  3.80808179e+00  2.47854707e+00  2.47583648e+00 -3.33295409e-05 
 5.94714000e-02  2.50017873e+00  3.81099781e+00  2.48146219e+00  2.47873103e+00 -3.33085431e-05 
 5.94764000e-02  2.50014774e+00  3.81393187e+00  2.48439505e+00  2.48164602e+00 -3.32874153e-05 
 5.94814000e-02  2.50011660e+00  3.81688108e+00  2.48734273e+00  2.48457857e+00 -3.32661784e-05 
 5.94864000e-02  2.50008535e+00  3.81984249e+00  2.49030232e+00  2.48752576e+00 -3.32448536e-05 
 5.94914000e-02  2.50005401e+00  3.82281319e+00  2.49327088e+00  2.49048468e+00 -3.32234619e-05 
 5.94964000e-02  2.50002262e+00  3.82579022e+00  2.49624547e+00  2.49345239e+00 -3.32020247e-05 
 5.95014000e-02  2.49999120e+00  3.82877065e+00  2.49922315e+00  2.49642595e+00 -3.31805630e-05 
 5.95064000e-02  2.49995980e+00  3.83175152e+00  2.50220098e+00  2.49940242e+00 -3.31590982e-05 
 5.95114000e-02  2.49992843e+00  3.83472990e+00  2.50517601e+00  2.50237886e+00 -3.31376515e-05 
 5.95164000e-02  2.49989714e+00  3.83770283e+00  2.50814530e+00  2.50535233e+00 -3.31162440e-05 
 5.95214000e-02  2.49986594e+00  3.84066739e+00  2.51110592e+00  2.50831989e+00 -3.30948968e-05 
 5.95264000e-02  2.49983488e+00  3.84362064e+00  2.51405497e+00  2.51127861e+00 -3.30736310e-05 
 5.95314000e-02  2.49980399e+00  3.84655969e+00  2.51698952e+00  2.51422558e+00 -3.30524676e-05 
 5.95364000e-02  2.49977328e+00  3.84948164e+00  2.51990669e+00  2.51715789e+00 -3.30314273e-05 
 5.95414000e-02  2.49974280e+00  3.85238361e+00  2.52280361e+00  2.52007265e+00 -3.30105309e-05 
 5.95464000e-02  2.49971257e+00  3.85526275e+00  2.52567743e+00  2.52296700e+00 -3.29897989e-05 
 5.95514000e-02  2.49968263e+00  3.85811623e+00  2.52852533e+00  2.52583810e+00 -3.29692515e-05 
 5.95564000e-02  2.49965300e+00  3.86094125e+00  2.53134451e+00  2.52868311e+00 -3.29489090e-05 
 5.95614000e-02  2.49962371e+00  3.86373503e+00  2.53413220e+00  2.53149925e+00 -3.29287913e-05 
 5.95664000e-02  2.49959479e+00  3.86649485e+00  2.53688568e+00  2.53428376e+00 -3.29089181e-05 
 5.95714000e-02  2.49956628e+00  3.86921799e+00  2.53960225e+00  2.53703390e+00 -3.28893087e-05 
 5.95764000e-02  2.49953819e+00  3.87190179e+00  2.54227924e+00  2.53974699e+00 -3.28699823e-05 
 5.95814000e-02  2.49951056e+00  3.87454363e+00  2.54491405e+00  2.54242036e+00 -3.28509579e-05 
 5.95864000e-02  2.49948341e+00  3.87714092e+00  2.54750409e+00  2.54505141e+00 -3.28322538e-05 
 5.95914000e-02  2.49945677e+00  3.87969113e+00  2.55004683e+00  2.54763756e+00 -3.28138884e-05 
 5.95964000e-02  2.49943066e+00  3.88219177e+00  2.55253981e+00  2.55017628e+00 -3.27958795e-05 
 5.96014000e-02  2.49940512e+00  3.88464040e+00  2.55498057e+00  2.55266511e+00 -3.27782445e-05 
 5.96064000e-02  2.49938017e+00  3.88703464e+00  2.55736676e+00  2.55510160e+00 -3.27610007e-05 
 5.96114000e-02  2.49935582e+00  3.88937215e+00  2.55969603e+00  2.55748340e+00 -3.27441647e-05 
 5.96164000e-02  2.49933212e+00  3.89165067e+00  2.56196614e+00  2.55980818e+00 -3.27277529e-05 
 5.96214000e-02  2.49930907e+00  3.89386797e+00  2.56417486e+00  2.56207368e+00 -3.27117811e-05 
 5.96264000e-02  2.49928670e+00  3.89602190e+00  2.56632007e+00  2.56427770e+00 -3.26962648e-05 
 5.96314000e-02  2.49926504e+00  3.89811037e+00  2.56839967e+00  2.56641809e+00 -3.26812190e-05 
 5.96364000e-02  2.49924410e+00  3.90013136e+00  2.57041164e+00  2.56849279e+00 -3.26666582e-05 
 5.96414000e-02  2.49922391e+00  3.90208291e+00  2.57235404e+00  2.57049977e+00 -3.26525964e-05 
 5.96464000e-02  2.49920448e+00  3.90396312e+00  2.57422499e+00  2.57243709e+00 -3.26390473e-05 
 5.96514000e-02  2.49918584e+00  3.90577018e+00  2.57602267e+00  2.57430288e+00 -3.26260238e-05 
 5.96564000e-02  2.49916801e+00  3.90750234e+00  2.57774535e+00  2.57609533e+00 -3.26135386e-05 
 5.96614000e-02  2.49915099e+00  3.90915792e+00  2.57939135e+00  2.57781271e+00 -3.26016035e-05 
 5.96664000e-02  2.49913481e+00  3.91073533e+00  2.58095910e+00  2.57945335e+00 -3.25902301e-05 
 5.96714000e-02  2.49911949e+00  3.91223303e+00  2.58244707e+00  2.58101567e+00 -3.25794293e-05 
 5.96764000e-02  2.49910503e+00  3.91364959e+00  2.58385384e+00  2.58249816e+00 -3.25692114e-05 
 5.96814000e-02  2.49909146e+00  3.91498364e+00  2.58517803e+00  2.58389939e+00 -3.25595863e-05 
 5.96864000e-02  2.49907879e+00  3.91623389e+00  2.58641839e+00  2.58521802e+00 -3.25505632e-05 
 5.96914000e-02  2.49906702e+00  3.91739914e+00  2.58757370e+00  2.58645276e+00 -3.25421507e-05 
 5.96964000e-02  2.49905618e+00  3.91847826e+00  2.58864286e+00  2.58760243e+00 -3.25343568e-05 
 5.97014000e-02  2.49904626e+00  3.91947022e+00  2.58962484e+00  2.58866592e+00 -3.25271891e-05 
 5.97064000e-02  2.49903729e+00  3.92037406e+00  2.59051870e+00  2.58964220e+00 -3.25206544e-05 
 5.97114000e-02  2.49902927e+00  3.92118891e+00  2.59132357e+00  2.59053035e+00 -3.25147589e-05 
 5.97164000e-02  2.49902220e+00  3.92191399e+00  2.59203868e+00  2.59132950e+00 -3.25095083e-05 
 5.97214000e-02  2.49901610e+00  3.92254859e+00  2.59266334e+00  2.59203888e+00 -3.25049076e-05 
 5.97264000e-02  2.49901097e+00  3.92309212e+00  2.59319695e+00  2.59265782e+00 -3.25009611e-05 
 5.97314000e-02  2.49900682e+00  3.92354404e+00  2.59363901e+00  2.59318571e+00 -3.24976728e-05 
 5.97364000e-02  2.49900365e+00  3.92390393e+00  2.59398908e+00  2.59362205e+00 -3.24950456e-05 
 5.97414000e-02  2.49900146e+00  3.92417143e+00  2.59424682e+00  2.59396642e+00 -3.24930821e-05 
 5.97464000e-02  2.49900026e+00  3.92434629e+00  2.59441200e+00  2.59421850e+00 -3.24917841e-05 
 5.97514000e-02  2.49900004e+00  3.92442834e+00  2.59448445e+00  2.59437803e+00 -3.24911530e-05 
 5.97564000e-02  2.49900081e+00  3.92441751e+00  2.59446410e+00  2.59444487e+00 -3.24911894e-05 
 5.97614000e-02  2.49900256e+00  3.92431380e+00  2.59435097e+00  2.59441894e+00 -3.24918931e-05 
 5.97664000e-02  2.49900530e+00  3.92411731e+00  2.59414518e+00  2.59430028e+00 -3.24932635e-05 
 5.97714000e-02  2.49900903e+00  3.92382823e+00  2.59384691e+00  2.59408900e+00 -3.24952994e-05 
 5.97764000e-02  2.49901373e+00  3.92344684e+00  2.59345645e+00  2.59378531e+00 -3.24979987e-05 
 5.97814000e-02  2.49901940e+00  3.92297350e+00  2.59297419e+00  2.59338949e+00 -3.25013590e-05 
 5.97864000e-02  2.49902604e+00  3.92240867e+00  2.59240058e+00  2.59290192e+00 -3.25053770e-05 
 5.97914000e-02  2.49903364e+00  3.92175289e+00  2.59173618e+00  2.59232307e+00 -3.25100489e-05 
 5.97964000e-02  2.49904220e+00  3.92100680e+00  2.59098162e+00  2.59165351e+00 -3.25153701e-05 
 5.98014000e-02  2.49905170e+00  3.92017110e+00  2.59013762e+00  2.59089386e+00 -3.25213358e-05 
 5.98064000e-02  2.49906214e+00  3.91924661e+00  2.58920501e+00  2.59004487e+00 -3.25279401e-05 
 5.98114000e-02  2.49907350e+00  3.91823421e+00  2.58818468e+00  2.58910735e+00 -3.25351767e-05 
 5.98164000e-02  2.49908577e+00  3.91713487e+00  2.58707760e+00  2.58808220e+00 -3.25430387e-05 
 5.98214000e-02  2.49909895e+00  3.91594966e+00  2.58588486e+00  2.58697042e+00 -3.25515187e-05 
 5.98264000e-02  2.49911302e+00  3.91467971e+00  2.58460758e+00  2.58577306e+00 -3.25606084e-05 
 5.98314000e-02  2.49912796e+00  3.91332626e+00  2.58324702e+00  2.58449128e+00 -3.25702993e-05 
 5.98364000e-02  2.49914377e+00  3.91189060e+00  2.58180447e+00  2.58312632e+00 -3.25805819e-05 
 5.98414000e-02  2.49916042e+00  3.91037412e+00  2.58028133e+00  2.58167950e+00 -3.25914465e-05 
 5.98464000e-02  2.49917790e+00  3.90877828e+00  2.57867907e+00  2.58015221e+00 -3.26028827e-05 
 5.98514000e-02  2.49919618e+00  3.90710463e+00  2.57699925e+00  2.57854593e+00 -3.26148793e-05 
 5.98564000e-02  2.49921527e+00  3.90535478e+00  2.57524347e+00  2.57686220e+00 -3.26274250e-05 
 5.98614000e-02  2.49923512e+00  3.90353043e+00  2.57341344e+00  2.57510265e+00 -3.26405076e-05 
 5.98664000e-02  2.49925574e+00  3.90163333e+00  2.57151093e+00  2.57326899e+00 -3.26541147e-05 
 5.98714000e-02  2.49927708e+00  3.89966533e+00  2.56953778e+00  2.57136299e+00 -3.26682329e-05 
 5.98764000e-02  2.49929914e+00  3.89762833e+00  2.56749591e+00  2.56938650e+00 -3.26828489e-05 
 5.98814000e-02  2.49932189e+00  3.89552431e+00  2.56538729e+00  2.56734143e+00 -3.26979483e-05 
 5.98864000e-02  2.49934531e+00  3.89335530e+00  2.56321396e+00  2.56522976e+00 -3.27135168e-05 
 5.98914000e-02  2.49936938e+00  3.89112342e+00  2.56097805e+00  2.56305354e+00 -3.27295391e-05 
 5.98964000e-02  2.49939407e+00  3.88883084e+00  2.55868172e+00  2.56081489e+00 -3.27459999e-05 
 5.99014000e-02  2.49941935e+00  3.88647977e+00  2.55632721e+00  2.55851598e+00 -3.27628832e-05 
 5.99064000e-02  2.49944521e+00  3.88407252e+00  2.55391679e+00  2.55615905e+00 -3.27801726e-05 
 5.99114000e-02  2.49947162e+00  3.88161142e+00  2.55145284e+00  2.55374639e+00 -3.27978513e-05 
 5.99164000e-02  2.49949855e+00  3.87909887e+00  2.54893773e+00  2.55128034e+00 -3.28159023e-05 
 5.99214000e-02  2.49952597e+00  3.87653732e+00  2.54637394e+00  2.54876332e+00 -3.28343078e-05 
 5.99264000e-02  2.49955386e+00  3.87392927e+00  2.54376395e+00  2.54619778e+00 -3.28530501e-05 
 5.99314000e-02  2.49958220e+00  3.87127727e+00  2.54111032e+00  2.54358622e+00 -3.28721108e-05 
 5.99364000e-02  2.49961094e+00  3.86858392e+00  2.53841564e+00  2.54093119e+00 -3.28914715e-05 
 5.99414000e-02  2.49964007e+00  3.86585184e+00  2.53568255e+00  2.53823529e+00 -3.29111131e-05 
 5.99464000e-02  2.49966955e+00  3.86308371e+00  2.53291373e+00  2.53550116e+00 -3.29310165e-05 
 5.99514000e-02  2.49969936e+00  3.86028225e+00  2.53011188e+00  2.53273147e+00 -3.29511623e-05 
 5.99564000e-02  2.49972947e+00  3.85745019e+00  2.52727976e+00  2.52992894e+00 -3.29715307e-05 
 5.99614000e-02  2.49975984e+00  3.85459033e+00  2.52442015e+00  2.52709631e+00 -3.29921018e-05 
 5.99664000e-02  2.49979045e+00  3.85170546e+00  2.52153584e+00  2.52423637e+00 -3.30128553e-05 
 5.99714000e-02  2.49982127e+00  3.84879843e+00  2.51862969e+00  2.52135192e+00 -3.30337710e-05 
 5.99764000e-02  2.49985226e+00  3.84587209e+00  2.51570453e+00  2.51844580e+00 -3.30548283e-05 
 5.99814000e-02  2.49988340e+00  3.84292932e+00  2.51276327e+00  2.51552087e+00 -3.30760065e-05 
 5.99864000e-02  2.49991465e+00  3.83997302e+00  2.50980878e+00  2.51258001e+00 -3.30972846e-05 
 5.99914000e-02  2.49994599e+00  3.83700611e+00  2.50684399e+00  2.50962610e+00 -3.31186419e-05 
 5.99964000e-02  2.49997738e+00  3.83403151e+00  2.50387182e+00  2.50666208e+00 -3.31400571e-05 
 6.00014000e-02  2.50000880e+00  3.83105216e+00  2.50089520e+00  2.50369085e+00 -3.31615092e-05 
 6.00064000e-02  2.50004020e+00  3.82807100e+00  2.49791707e+00  2.50071535e+00 -3.31829770e-05 
 6.00114000e-02  2.50007157e+00  3.82509097e+00  2.49494038e+00  2.49773853e+00 -3.32044392e-05 
 6.00164000e-02  2.50010286e+00  3.82211503e+00  2.49196807e+00  2.49476332e+00 -3.32258746e-05 
 6.00214000e-02  2.50013406e+00  3.81914612e+00  2.48900309e+00  2.49179267e+00 -3.32472620e-05 
 6.00264000e-02  2.50016512e+00  3.81618719e+00  2.48604836e+00  2.48882951e+00 -3.32685801e-05 
 6.00314000e-02  2.50019601e+00  3.81324115e+00  2.48310682e+00  2.48587679e+00 -3.32898079e-05 
 6.00364000e-02  2.50022672e+00  3.81031094e+00  2.48018138e+00  2.48293742e+00 -3.33109242e-05 
 6.00414000e-02  2.50025720e+00  3.80739946e+00  2.47727496e+00  2.48001433e+00 -3.33319081e-05 
 6.00464000e-02  2.50028743e+00  3.80450961e+00  2.47439042e+00  2.47711041e+00 -3.33527387e-05 
 6.00514000e-02  2.50031737e+00  3.80164424e+00  2.47153064e+00  2.47422855e+00 -3.33733952e-05 
 6.00564000e-02  2.50034700e+00  3.79880622e+00  2.46869847e+00  2.47137161e+00 -3.33938572e-05 
 6.00614000e-02  2.50037629e+00  3.79599836e+00  2.46589671e+00  2.46854243e+00 -3.34141042e-05 
 6.00664000e-02  2.50040521e+00  3.79322346e+00  2.46312815e+00  2.46574382e+00 -3.34341160e-05 
 6.00714000e-02  2.50043372e+00  3.79048428e+00  2.46039556e+00  2.46297857e+00 -3.34538727e-05 
 6.00764000e-02  2.50046181e+00  3.78778354e+00  2.45770165e+00  2.46024943e+00 -3.34733545e-05 
 6.00814000e-02  2.50048944e+00  3.78512395e+00  2.45504911e+00  2.45755911e+00 -3.34925419e-05 
 6.00864000e-02  2.50051659e+00  3.78250814e+00  2.45244057e+00  2.45491031e+00 -3.35114159e-05 
 6.00914000e-02  2.50054323e+00  3.77993874e+00  2.44987866e+00  2.45230566e+00 -3.35299574e-05 
 6.00964000e-02  2.50056934e+00  3.77741829e+00  2.44736591e+00  2.44974776e+00 -3.35481481e-05 
 6.01014000e-02  2.50059488e+00  3.77494933e+00  2.44490484e+00  2.44723916e+00 -3.35659695e-05 
 6.01064000e-02  2.50061983e+00  3.77253431e+00  2.44249791e+00  2.44478236e+00 -3.35834040e-05 
 6.01114000e-02  2.50064418e+00  3.77017564e+00  2.44014751e+00  2.44237983e+00 -3.36004339e-05 
 6.01164000e-02  2.50066788e+00  3.76787569e+00  2.43785601e+00  2.44003395e+00 -3.36170423e-05 
 6.01214000e-02  2.50069093e+00  3.76563676e+00  2.43562569e+00  2.43774707e+00 -3.36332125e-05 
 6.01264000e-02  2.50071330e+00  3.76346108e+00  2.43345878e+00  2.43552149e+00 -3.36489282e-05 
 6.01314000e-02  2.50073496e+00  3.76135082e+00  2.43135744e+00  2.43335942e+00 -3.36641736e-05 
 6.01364000e-02  2.50075590e+00  3.75930811e+00  2.42932379e+00  2.43126303e+00 -3.36789335e-05 
 6.01414000e-02  2.50077609e+00  3.75733498e+00  2.42735986e+00  2.42923442e+00 -3.36931930e-05 
 6.01464000e-02  2.50079552e+00  3.75543342e+00  2.42546761e+00  2.42727561e+00 -3.37069378e-05 
 6.01514000e-02  2.50081416e+00  3.75360532e+00  2.42364894e+00  2.42538857e+00 -3.37201540e-05 
 6.01564000e-02  2.50083199e+00  3.75185252e+00  2.42190568e+00  2.42357520e+00 -3.37328284e-05 
 6.01614000e-02  2.50084901e+00  3.75017677e+00  2.42023956e+00  2.42183730e+00 -3.37449482e-05 
 6.01664000e-02  2.50086519e+00  3.74857975e+00  2.41865226e+00  2.42017661e+00 -3.37565012e-05 
 6.01714000e-02  2.50088051e+00  3.74706307e+00  2.41714537e+00  2.41859481e+00 -3.37674757e-05 
 6.01764000e-02  2.50089497e+00  3.74562825e+00  2.41572041e+00  2.41709348e+00 -3.37778608e-05 
 6.01814000e-02  2.50090854e+00  3.74427672e+00  2.41437879e+00  2.41567412e+00 -3.37876459e-05 
 6.01864000e-02  2.50092121e+00  3.74300984e+00  2.41312187e+00  2.41433815e+00 -3.37968212e-05 
 6.01914000e-02  2.50093298e+00  3.74182887e+00  2.41195091e+00  2.41308693e+00 -3.38053775e-05 
 6.01964000e-02  2.50094382e+00  3.74073502e+00  2.41086707e+00  2.41192169e+00 -3.38133061e-05 
 6.02014000e-02  2.50095374e+00  3.73972937e+00  2.40987146e+00  2.41084362e+00 -3.38205990e-05 
 6.02064000e-02  2.50096271e+00  3.73881293e+00  2.40896507e+00  2.40985379e+00 -3.38272489e-05 
 6.02114000e-02  2.50097073e+00  3.73798662e+00  2.40814881e+00  2.40895320e+00 -3.38332491e-05 
 6.02164000e-02  2.50097780e+00  3.73725128e+00  2.40742350e+00  2.40814275e+00 -3.38385934e-05 
 6.02214000e-02  2.50098390e+00  3.73660763e+00  2.40678986e+00  2.40742326e+00 -3.38432767e-05 
 6.02264000e-02  2.50098903e+00  3.73605633e+00  2.40624854e+00  2.40679544e+00 -3.38472940e-05 
 6.02314000e-02  2.50099318e+00  3.73559793e+00  2.40580007e+00  2.40625993e+00 -3.38506414e-05 
 6.02364000e-02  2.50099635e+00  3.73523289e+00  2.40544491e+00  2.40581726e+00 -3.38533154e-05 
 6.02414000e-02  2.50099854e+00  3.73496158e+00  2.40518342e+00  2.40546789e+00 -3.38553135e-05 
 6.02464000e-02  2.50099974e+00  3.73478427e+00  2.40501585e+00  2.40521216e+00 -3.38566335e-05 
 6.02514000e-02  2.50099996e+00  3.73470113e+00  2.40494237e+00  2.40505032e+00 -3.38572741e-05 
 6.02564000e-02  2.50099919e+00  3.73471225e+00  2.40496307e+00  2.40498254e+00 -3.38572348e-05 
 6.02614000e-02  2.50099744e+00  3.73481762e+00  2.40507791e+00  2.40500889e+00 -3.38565154e-05 
 6.02664000e-02  2.50099470e+00  3.73501713e+00  2.40528678e+00  2.40512935e+00 -3.38551169e-05 
 6.02714000e-02  2.50099097e+00  3.73531059e+00  2.40558948e+00  2.40534378e+00 -3.38530405e-05 
 6.02764000e-02  2.50098627e+00  3.73569769e+00  2.40598569e+00  2.40565198e+00 -3.38502884e-05 
 6.02814000e-02  2.50098060e+00  3.73617805e+00  2.40647503e+00  2.40605363e+00 -3.38468634e-05 
 6.02864000e-02  2.50097396e+00  3.73675118e+00  2.40705699e+00  2.40654834e+00 -3.38427689e-05 
 6.02914000e-02  2.50096636e+00  3.73741652e+00  2.40773100e+00  2.40713560e+00 -3.38380091e-05 
 6.02964000e-02  2.50095780e+00  3.73817338e+00  2.40849638e+00  2.40781483e+00 -3.38325887e-05 
 6.03014000e-02  2.50094830e+00  3.73902102e+00  2.40935235e+00  2.40858534e+00 -3.38265133e-05 
 6.03064000e-02  2.50093786e+00  3.73995858e+00  2.41029807e+00  2.40944636e+00 -3.38197889e-05 
 6.03114000e-02  2.50092650e+00  3.74098511e+00  2.41133257e+00  2.41039702e+00 -3.38124224e-05 
 6.03164000e-02  2.50091423e+00  3.74209960e+00  2.41245483e+00  2.41143638e+00 -3.38044212e-05 
 6.03214000e-02  2.50090105e+00  3.74330092e+00  2.41366371e+00  2.41256339e+00 -3.37957933e-05 
 6.03264000e-02  2.50088698e+00  3.74458785e+00  2.41495800e+00  2.41377691e+00 -3.37865475e-05 
 6.03314000e-02  2.50087204e+00  3.74595913e+00  2.41633641e+00  2.41507573e+00 -3.37766930e-05 
 6.03364000e-02  2.50085623e+00  3.74741336e+00  2.41779755e+00  2.41645854e+00 -3.37662399e-05 
 6.03414000e-02  2.50083958e+00  3.74894909e+00  2.41933996e+00  2.41792397e+00 -3.37551986e-05 
 6.03464000e-02  2.50082210e+00  3.75056477e+00  2.42096209e+00  2.41947053e+00 -3.37435803e-05 
 6.03514000e-02  2.50080382e+00  3.75225880e+00  2.42266231e+00  2.42109669e+00 -3.37313967e-05 
 6.03564000e-02  2.50078473e+00  3.75402947e+00  2.42443891e+00  2.42280080e+00 -3.37186600e-05 
 6.03614000e-02  2.50076488e+00  3.75587501e+00  2.42629013e+00  2.42458116e+00 -3.37053830e-05 
 6.03664000e-02  2.50074426e+00  3.75779356e+00  2.42821411e+00  2.42643599e+00 -3.36915792e-05 
 6.03714000e-02  2.50072292e+00  3.75978321e+00  2.43020891e+00  2.42836343e+00 -3.36772624e-05 
 6.03764000e-02  2.50070086e+00  3.76184196e+00  2.43227254e+00  2.43036155e+00 -3.36624469e-05 
 6.03814000e-02  2.50067811e+00  3.76396776e+00  2.43440294e+00  2.43242835e+00 -3.36471477e-05 
 6.03864000e-02  2.50065469e+00  3.76615847e+00  2.43659797e+00  2.43456175e+00 -3.36313802e-05 
 6.03914000e-02  2.50063062e+00  3.76841191e+00  2.43885544e+00  2.43675963e+00 -3.36151602e-05 
 6.03964000e-02  2.50060593e+00  3.77072582e+00  2.44117308e+00  2.43901979e+00 -3.35985039e-05 
 6.04014000e-02  2.50058065e+00  3.77309789e+00  2.44354860e+00  2.44133996e+00 -3.35814281e-05 
 6.04064000e-02  2.50055479e+00  3.77552575e+00  2.44597960e+00  2.44371784e+00 -3.35639499e-05 
 6.04114000e-02  2.50052838e+00  3.77800697e+00  2.44846366e+00  2.44615103e+00 -3.35460867e-05 
 6.04164000e-02  2.50050145e+00  3.78053908e+00  2.45099831e+00  2.44863711e+00 -3.35278566e-05 
 6.04214000e-02  2.50047403e+00  3.78311954e+00  2.45358101e+00  2.45117360e+00 -3.35092778e-05 
 6.04264000e-02  2.50044614e+00  3.78574579e+00  2.45620919e+00  2.45375798e+00 -3.34903687e-05 
 6.04314000e-02  2.50041780e+00  3.78841520e+00  2.45888022e+00  2.45638765e+00 -3.34711485e-05 
 6.04364000e-02  2.50038906e+00  3.79112512e+00  2.46159144e+00  2.45905999e+00 -3.34516361e-05 
 6.04414000e-02  2.50035993e+00  3.79387284e+00  2.46434015e+00  2.46177236e+00 -3.34318513e-05 
 6.04464000e-02  2.50033045e+00  3.79665564e+00  2.46712362e+00  2.46452203e+00 -3.34118136e-05 
 6.04514000e-02  2.50030064e+00  3.79947073e+00  2.46993907e+00  2.46730628e+00 -3.33915431e-05 
 6.04564000e-02  2.50027053e+00  3.80231532e+00  2.47278371e+00  2.47012233e+00 -3.33710600e-05 
 6.04614000e-02  2.50024016e+00  3.80518658e+00  2.47565470e+00  2.47296738e+00 -3.33503847e-05 
 6.04664000e-02  2.50020955e+00  3.80808165e+00  2.47854920e+00  2.47583861e+00 -3.33295378e-05 
 6.04714000e-02  2.50017873e+00  3.81099767e+00  2.48146432e+00  2.47873316e+00 -3.33085399e-05 
 6.04764000e-02  2.50014774e+00  3.81393174e+00  2.48439718e+00  2.48164816e+00 -3.32874121e-05 
 6.04814000e-02  2.50011660e+00  3.81688094e+00  2.48734487e+00  2.48458070e+00 -3.32661752e-05 
 6.04864000e-02  2.50008535e+00  3.81984236e+00  2.49030446e+00  2.48752790e+00 -3.32448504e-05 
 6.04914000e-02  2.50005401e+00  3.82281306e+00  2.49327301e+00  2.49048681e+00 -3.32234587e-05 
 6.04964000e-02  2.50002262e+00  3.82579009e+00  2.49624761e+00  2.49345452e+00 -3.32020215e-05 
 6.05014000e-02  2.49999120e+00  3.82877052e+00  2.49922529e+00  2.49642808e+00 -3.31805598e-05 
 6.05064000e-02  2.49995980e+00  3.83175140e+00  2.50220311e+00  2.49940455e+00 -3.31590950e-05 
 6.05114000e-02  2.49992843e+00  3.83472977e+00  2.50517814e+00  2.50238099e+00 -3.31376482e-05 
 6.05164000e-02  2.49989714e+00  3.83770270e+00  2.50814743e+00  2.50535446e+00 -3.31162407e-05 
 6.05214000e-02  2.49986594e+00  3.84066726e+00  2.51110806e+00  2.50832202e+00 -3.30948936e-05 
 6.05264000e-02  2.49983488e+00  3.84362052e+00  2.51405710e+00  2.51128074e+00 -3.30736278e-05 
 6.05314000e-02  2.49980399e+00  3.84655957e+00  2.51699165e+00  2.51422771e+00 -3.30524643e-05 
 6.05364000e-02  2.49977328e+00  3.84948152e+00  2.51990882e+00  2.51716002e+00 -3.30314241e-05 
 6.05414000e-02  2.49974280e+00  3.85238349e+00  2.52280574e+00  2.52007479e+00 -3.30105277e-05 
 6.05464000e-02  2.49971257e+00  3.85526263e+00  2.52567957e+00  2.52296914e+00 -3.29897956e-05 
 6.05514000e-02  2.49968263e+00  3.85811611e+00  2.52852746e+00  2.52584023e+00 -3.29692483e-05 
 6.05564000e-02  2.49965300e+00  3.86094113e+00  2.53134665e+00  2.52868525e+00 -3.29489058e-05 
 6.05614000e-02  2.49962371e+00  3.86373491e+00  2.53413434e+00  2.53150139e+00 -3.29287880e-05 
 6.05664000e-02  2.49959479e+00  3.86649473e+00  2.53688782e+00  2.53428590e+00 -3.29089148e-05 
 6.05714000e-02  2.49956628e+00  3.86921787e+00  2.53960439e+00  2.53703604e+00 -3.28893054e-05 
 6.05764000e-02  2.49953819e+00  3.87190167e+00  2.54228139e+00  2.53974913e+00 -3.28699790e-05 
 6.05814000e-02  2.49951056e+00  3.87454351e+00  2.54491619e+00  2.54242250e+00 -3.28509546e-05 
 6.05864000e-02  2.49948341e+00  3.87714080e+00  2.54750623e+00  2.54505355e+00 -3.28322505e-05 
 6.05914000e-02  2.49945677e+00  3.87969102e+00  2.55004898e+00  2.54763970e+00 -3.28138851e-05 
 6.05964000e-02  2.49943066e+00  3.88219166e+00  2.55254195e+00  2.55017842e+00 -3.27958761e-05 
 6.06014000e-02  2.49940512e+00  3.88464029e+00  2.55498272e+00  2.55266725e+00 -3.27782412e-05 
 6.06064000e-02  2.49938017e+00  3.88703452e+00  2.55736890e+00  2.55510375e+00 -3.27609974e-05 
 6.06114000e-02  2.49935582e+00  3.88937204e+00  2.55969818e+00  2.55748555e+00 -3.27441614e-05 
 6.06164000e-02  2.49933212e+00  3.89165055e+00  2.56196828e+00  2.55981033e+00 -3.27277496e-05 
 6.06214000e-02  2.49930907e+00  3.89386785e+00  2.56417701e+00  2.56207583e+00 -3.27117778e-05 
 6.06264000e-02  2.49928670e+00  3.89602178e+00  2.56632221e+00  2.56427984e+00 -3.26962615e-05 
 6.06314000e-02  2.49926504e+00  3.89811026e+00  2.56840181e+00  2.56642024e+00 -3.26812156e-05 
 6.06364000e-02  2.49924410e+00  3.90013125e+00  2.57041379e+00  2.56849493e+00 -3.26666548e-05 
 6.06414000e-02  2.49922391e+00  3.90208280e+00  2.57235619e+00  2.57050192e+00 -3.26525931e-05 
 6.06464000e-02  2.49920448e+00  3.90396301e+00  2.57422714e+00  2.57243924e+00 -3.26390440e-05 
 6.06514000e-02  2.49918584e+00  3.90577007e+00  2.57602482e+00  2.57430503e+00 -3.26260205e-05 
 6.06564000e-02  2.49916801e+00  3.90750223e+00  2.57774750e+00  2.57609748e+00 -3.26135352e-05 
 6.06614000e-02  2.49915099e+00  3.90915781e+00  2.57939350e+00  2.57781486e+00 -3.26016001e-05 
 6.06664000e-02  2.49913481e+00  3.91073522e+00  2.58096125e+00  2.57945550e+00 -3.25902267e-05 
 6.06714000e-02  2.49911949e+00  3.91223292e+00  2.58244923e+00  2.58101782e+00 -3.25794259e-05 
 6.06764000e-02  2.49910503e+00  3.91364949e+00  2.58385599e+00  2.58250031e+00 -3.25692080e-05 
 6.06814000e-02  2.49909146e+00  3.91498354e+00  2.58518019e+00  2.58390154e+00 -3.25595829e-05 
 6.06864000e-02  2.49907879e+00  3.91623379e+00  2.58642054e+00  2.58522017e+00 -3.25505598e-05 
 6.06914000e-02  2.49906702e+00  3.91739904e+00  2.58757585e+00  2.58645491e+00 -3.25421473e-05 
 6.06964000e-02  2.49905618e+00  3.91847816e+00  2.58864502e+00  2.58760458e+00 -3.25343534e-05 
 6.07014000e-02  2.49904626e+00  3.91947012e+00  2.58962700e+00  2.58866807e+00 -3.25271857e-05 
 6.07064000e-02  2.49903729e+00  3.92037396e+00  2.59052085e+00  2.58964436e+00 -3.25206510e-05 
 6.07114000e-02  2.49902927e+00  3.92118881e+00  2.59132572e+00  2.59053250e+00 -3.25147555e-05 
 6.07164000e-02  2.49902220e+00  3.92191389e+00  2.59204083e+00  2.59133165e+00 -3.25095049e-05 
 6.07214000e-02  2.49901610e+00  3.92254849e+00  2.59266550e+00  2.59204104e+00 -3.25049042e-05 
 6.07264000e-02  2.49901097e+00  3.92309202e+00  2.59319911e+00  2.59265997e+00 -3.25009577e-05 
 6.07314000e-02  2.49900682e+00  3.92354394e+00  2.59364116e+00  2.59318786e+00 -3.24976693e-05 
 6.07364000e-02  2.49900365e+00  3.92390383e+00  2.59399123e+00  2.59362421e+00 -3.24950421e-05 
 6.07414000e-02  2.49900146e+00  3.92417133e+00  2.59424898e+00  2.59396858e+00 -3.24930786e-05 
 6.07464000e-02  2.49900026e+00  3.92434620e+00  2.59441416e+00  2.59422066e+00 -3.24917807e-05 
 6.07514000e-02  2.49900004e+00  3.92442825e+00  2.59448661e+00  2.59438019e+00 -3.24911496e-05 
 6.07564000e-02  2.49900081e+00  3.92441742e+00  2.59446626e+00  2.59444702e+00 -3.24911859e-05 
 6.07614000e-02  2.49900256e+00  3.92431371e+00  2.59435313e+00  2.59442110e+00 -3.24918896e-05 
 6.07664000e-02  2.49900530e+00  3.92411722e+00  2.59414734e+00  2.59430244e+00 -3.24932600e-05 
 6.07714000e-02  2.49900903e+00  3.92382814e+00  2.59384907e+00  2.59409116e+00 -3.24952959e-05 
 6.07764000e-02  2.49901373e+00  3.92344675e+00  2.59345862e+00  2.59378747e+00 -3.24979953e-05 
 6.07814000e-02  2.49901940e+00  3.92297341e+00  2.59297635e+00  2.59339165e+00 -3.25013555e-05 
 6.07864000e-02  2.49902604e+00  3.92240858e+00  2.59240274e+00  2.59290408e+00 -3.25053735e-05 
 6.07914000e-02  2.49903364e+00  3.92175281e+00  2.59173834e+00  2.59232523e+00 -3.25100453e-05 
 6.07964000e-02  2.49904220e+00  3.92100671e+00  2.59098378e+00  2.59165567e+00 -3.25153666e-05 
 6.08014000e-02  2.49905170e+00  3.92017102e+00  2.59013979e+00  2.59089603e+00 -3.25213323e-05 
 6.08064000e-02  2.49906214e+00  3.91924652e+00  2.58920718e+00  2.59004704e+00 -3.25279365e-05 
 6.08114000e-02  2.49907350e+00  3.91823412e+00  2.58818684e+00  2.58910952e+00 -3.25351732e-05 
 6.08164000e-02  2.49908577e+00  3.91713479e+00  2.58707977e+00  2.58808437e+00 -3.25430352e-05 
 6.08214000e-02  2.49909895e+00  3.91594958e+00  2.58588702e+00  2.58697258e+00 -3.25515152e-05 
 6.08264000e-02  2.49911302e+00  3.91467963e+00  2.58460975e+00  2.58577522e+00 -3.25606049e-05 
 6.08314000e-02  2.49912796e+00  3.91332618e+00  2.58324919e+00  2.58449345e+00 -3.25702957e-05 
 6.08364000e-02  2.49914377e+00  3.91189052e+00  2.58180664e+00  2.58312849e+00 -3.25805784e-05 
 6.08414000e-02  2.49916042e+00  3.91037404e+00  2.58028350e+00  2.58168167e+00 -3.25914430e-05 
 6.08464000e-02  2.49917790e+00  3.90877820e+00  2.57868124e+00  2.58015438e+00 -3.26028791e-05 
 6.08514000e-02  2.49919618e+00  3.90710455e+00  2.57700142e+00  2.57854810e+00 -3.26148757e-05 
 6.08564000e-02  2.49921527e+00  3.90535470e+00  2.57524564e+00  2.57686437e+00 -3.26274214e-05 
 6.08614000e-02  2.49923512e+00  3.90353035e+00  2.57341561e+00  2.57510482e+00 -3.26405041e-05 
 6.08664000e-02  2.49925574e+00  3.90163325e+00  2.57151310e+00  2.57327116e+00 -3.26541111e-05 
 6.08714000e-02  2.49927708e+00  3.89966525e+00  2.56953995e+00  2.57136517e+00 -3.26682293e-05 
 6.08764000e-02  2.49929914e+00  3.89762825e+00  2.56749808e+00  2.56938867e+00 -3.26828453e-05 
 6.08814000e-02  2.49932189e+00  3.89552423e+00  2.56538946e+00  2.56734360e+00 -3.26979447e-05 
 6.08864000e-02  2.49934531e+00  3.89335523e+00  2.56321614e+00  2.56523193e+00 -3.27135132e-05 
 6.08914000e-02  2.49936938e+00  3.89112335e+00  2.56098023e+00  2.56305572e+00 -3.27295355e-05 
 6.08964000e-02  2.49939407e+00  3.88883077e+00  2.55868390e+00  2.56081707e+00 -3.27459963e-05 
 6.09014000e-02  2.49941935e+00  3.88647970e+00  2.55632938e+00  2.55851816e+00 -3.27628796e-05 
 6.09064000e-02  2.49944521e+00  3.88407245e+00  2.55391897e+00  2.55616123e+00 -3.27801690e-05 
 6.09114000e-02  2.49947162e+00  3.88161135e+00  2.55145501e+00  2.55374856e+00 -3.27978477e-05 
 6.09164000e-02  2.49949855e+00  3.87909880e+00  2.54893991e+00  2.55128252e+00 -3.28158986e-05 
 6.09214000e-02  2.49952597e+00  3.87653725e+00  2.54637611e+00  2.54876550e+00 -3.28343042e-05 
 6.09264000e-02  2.49955386e+00  3.87392920e+00  2.54376613e+00  2.54619996e+00 -3.28530464e-05 
 6.09314000e-02  2.49958220e+00  3.87127721e+00  2.54111250e+00  2.54358840e+00 -3.28721072e-05 
 6.09364000e-02  2.49961094e+00  3.86858385e+00  2.53841782e+00  2.54093337e+00 -3.28914678e-05 
 6.09414000e-02  2.49964007e+00  3.86585177e+00  2.53568473e+00  2.53823747e+00 -3.29111094e-05 
 6.09464000e-02  2.49966955e+00  3.86308365e+00  2.53291591e+00  2.53550334e+00 -3.29310128e-05 
 6.09514000e-02  2.49969936e+00  3.86028218e+00  2.53011407e+00  2.53273365e+00 -3.29511586e-05 
 6.09564000e-02  2.49972947e+00  3.85745013e+00  2.52728195e+00  2.52993112e+00 -3.29715270e-05 
 6.09614000e-02  2.49975984e+00  3.85459027e+00  2.52442233e+00  2.52709849e+00 -3.29920980e-05 
 6.09664000e-02  2.49979045e+00  3.85170540e+00  2.52153803e+00  2.52423855e+00 -3.30128516e-05 
 6.09714000e-02  2.49982127e+00  3.84879837e+00  2.51863187e+00  2.52135411e+00 -3.30337673e-05 
 6.09764000e-02  2.49985226e+00  3.84587203e+00  2.51570672e+00  2.51844799e+00 -3.30548246e-05 
 6.09814000e-02  2.49988340e+00  3.84292926e+00  2.51276545e+00  2.51552306e+00 -3.30760027e-05 
 6.09864000e-02  2.49991465e+00  3.83997297e+00  2.50981097e+00  2.51258219e+00 -3.30972809e-05 
 6.09914000e-02  2.49994599e+00  3.83700606e+00  2.50684618e+00  2.50962829e+00 -3.31186381e-05 
 6.09964000e-02  2.49997738e+00  3.83403146e+00  2.50387401e+00  2.50666427e+00 -3.31400534e-05 
 6.10014000e-02  2.50000880e+00  3.83105210e+00  2.50089739e+00  2.50369304e+00 -3.31615055e-05 
 6.10064000e-02  2.50004020e+00  3.82807094e+00  2.49791926e+00  2.50071754e+00 -3.31829732e-05 
 6.10114000e-02  2.50007157e+00  3.82509092e+00  2.49494257e+00  2.49774072e+00 -3.32044354e-05 
 6.10164000e-02  2.50010286e+00  3.82211498e+00  2.49197026e+00  2.49476551e+00 -3.32258708e-05 
 6.10214000e-02  2.50013406e+00  3.81914607e+00  2.48900528e+00  2.49179486e+00 -3.32472582e-05 
 6.10264000e-02  2.50016512e+00  3.81618714e+00  2.48605055e+00  2.48883170e+00 -3.32685763e-05 
 6.10314000e-02  2.50019601e+00  3.81324110e+00  2.48310901e+00  2.48587898e+00 -3.32898041e-05 
 6.10364000e-02  2.50022672e+00  3.81031089e+00  2.48018358e+00  2.48293961e+00 -3.33109204e-05 
 6.10414000e-02  2.50025720e+00  3.80739942e+00  2.47727715e+00  2.48001652e+00 -3.33319043e-05 
 6.10464000e-02  2.50028743e+00  3.80450956e+00  2.47439261e+00  2.47711261e+00 -3.33527349e-05 
 6.10514000e-02  2.50031737e+00  3.80164420e+00  2.47153284e+00  2.47423074e+00 -3.33733914e-05 
 6.10564000e-02  2.50034700e+00  3.79880618e+00  2.46870066e+00  2.47137380e+00 -3.33938534e-05 
 6.10614000e-02  2.50037629e+00  3.79599832e+00  2.46589890e+00  2.46854462e+00 -3.34141004e-05 
 6.10664000e-02  2.50040521e+00  3.79322342e+00  2.46313035e+00  2.46574601e+00 -3.34341122e-05 
 6.10714000e-02  2.50043372e+00  3.79048424e+00  2.46039776e+00  2.46298076e+00 -3.34538688e-05 
 6.10764000e-02  2.50046181e+00  3.78778350e+00  2.45770385e+00  2.46025162e+00 -3.34733506e-05 
 6.10814000e-02  2.50048944e+00  3.78512391e+00  2.45505130e+00  2.45756131e+00 -3.34925381e-05 
 6.10864000e-02  2.50051659e+00  3.78250810e+00  2.45244277e+00  2.45491251e+00 -3.35114120e-05 
 6.10914000e-02  2.50054323e+00  3.77993870e+00  2.44988086e+00  2.45230786e+00 -3.35299536e-05 
 6.10964000e-02  2.50056934e+00  3.77741825e+00  2.44736811e+00  2.44974996e+00 -3.35481442e-05 
 6.11014000e-02  2.50059488e+00  3.77494929e+00  2.44490704e+00  2.44724136e+00 -3.35659657e-05 
 6.11064000e-02  2.50061983e+00  3.77253427e+00  2.44250011e+00  2.44478456e+00 -3.35834001e-05 
 6.11114000e-02  2.50064418e+00  3.77017561e+00  2.44014972e+00  2.44238203e+00 -3.36004300e-05 
 6.11164000e-02  2.50066788e+00  3.76787566e+00  2.43785821e+00  2.44003615e+00 -3.36170384e-05 
 6.11214000e-02  2.50069093e+00  3.76563673e+00  2.43562789e+00  2.43774928e+00 -3.36332086e-05 
 6.11264000e-02  2.50071330e+00  3.76346104e+00  2.43346098e+00  2.43552369e+00 -3.36489243e-05 
 6.11314000e-02  2.50073496e+00  3.76135079e+00  2.43135965e+00  2.43336162e+00 -3.36641697e-05 
 6.11364000e-02  2.50075590e+00  3.75930808e+00  2.42932600e+00  2.43126523e+00 -3.36789296e-05 
 6.11414000e-02  2.50077609e+00  3.75733495e+00  2.42736207e+00  2.42923662e+00 -3.36931891e-05 
 6.11464000e-02  2.50079552e+00  3.75543339e+00  2.42546982e+00  2.42727782e+00 -3.37069339e-05 
 6.11514000e-02  2.50081416e+00  3.75360529e+00  2.42365115e+00  2.42539078e+00 -3.37201501e-05 
 6.11564000e-02  2.50083199e+00  3.75185249e+00  2.42190789e+00  2.42357740e+00 -3.37328245e-05 
 6.11614000e-02  2.50084901e+00  3.75017674e+00  2.42024177e+00  2.42183950e+00 -3.37449442e-05 
 6.11664000e-02  2.50086519e+00  3.74857973e+00  2.41865447e+00  2.42017882e+00 -3.37564972e-05 
 6.11714000e-02  2.50088051e+00  3.74706305e+00  2.41714758e+00  2.41859702e+00 -3.37674718e-05 
 6.11764000e-02  2.50089497e+00  3.74562822e+00  2.41572262e+00  2.41709569e+00 -3.37778568e-05 
 6.11814000e-02  2.50090854e+00  3.74427669e+00  2.41438100e+00  2.41567633e+00 -3.37876420e-05 
 6.11864000e-02  2.50092121e+00  3.74300981e+00  2.41312408e+00  2.41434036e+00 -3.37968173e-05 
 6.11914000e-02  2.50093298e+00  3.74182885e+00  2.41195312e+00  2.41308914e+00 -3.38053735e-05 
 6.11964000e-02  2.50094382e+00  3.74073500e+00  2.41086929e+00  2.41192391e+00 -3.38133021e-05 
 6.12014000e-02  2.50095374e+00  3.73972935e+00  2.40987368e+00  2.41084583e+00 -3.38205950e-05 
 6.12064000e-02  2.50096271e+00  3.73881291e+00  2.40896729e+00  2.40985601e+00 -3.38272449e-05 
 6.12114000e-02  2.50097073e+00  3.73798660e+00  2.40815103e+00  2.40895542e+00 -3.38332451e-05 
 6.12164000e-02  2.50097780e+00  3.73725126e+00  2.40742571e+00  2.40814497e+00 -3.38385894e-05 
 6.12214000e-02  2.50098390e+00  3.73660761e+00  2.40679208e+00  2.40742547e+00 -3.38432727e-05 
 6.12264000e-02  2.50098903e+00  3.73605632e+00  2.40625075e+00  2.40679766e+00 -3.38472900e-05 
 6.12314000e-02  2.50099318e+00  3.73559792e+00  2.40580229e+00  2.40626215e+00 -3.38506373e-05 
 6.12364000e-02  2.50099635e+00  3.73523288e+00  2.40544713e+00  2.40581948e+00 -3.38533114e-05 
 6.12414000e-02  2.50099854e+00  3.73496157e+00  2.40518564e+00  2.40547011e+00 -3.38553094e-05 
 6.12464000e-02  2.50099974e+00  3.73478425e+00  2.40501807e+00  2.40521437e+00 -3.38566294e-05 
 6.12514000e-02  2.50099996e+00  3.73470112e+00  2.40494459e+00  2.40505254e+00 -3.38572701e-05 
 6.12564000e-02  2.50099919e+00  3.73471224e+00  2.40496529e+00  2.40498476e+00 -3.38572307e-05 
 6.12614000e-02  2.50099744e+00  3.73481761e+00  2.40508013e+00  2.40501111e+00 -3.38565114e-05 
 6.12664000e-02  2.50099470e+00  3.73501712e+00  2.40528900e+00  2.40513157e+00 -3.38551128e-05 
 6.12714000e-02  2.50099097e+00  3.73531058e+00  2.40559170e+00  2.40534600e+00 -3.38530365e-05 
 6.12764000e-02  2.50098627e+00  3.73569768e+00  2.40598792e+00  2.40565420e+00 -3.38502844e-05 
 6.12814000e-02  2.50098060e+00  3.73617804e+00  2.40647725e+00  2.40605586e+00 -3.38468594e-05 
 6.12864000e-02  2.50097396e+00  3.73675117e+00  2.40705922e+00  2.40655056e+00 -3.38427649e-05 
 6.12914000e-02  2.50096636e+00  3.73741651e+00  2.40773322e+00  2.40713782e+00 -3.38380050e-05 
 6.12964000e-02  2.50095780e+00  3.73817338e+00  2.40849860e+00  2.40781705e+00 -3.38325846e-05 
 6.13014000e-02  2.50094830e+00  3.73902102e+00  2.40935457e+00  2.40858756e+00 -3.38265092e-05 
 6.13064000e-02  2.50093786e+00  3.73995857e+00  2.41030029e+00  2.40944858e+00 -3.38197848e-05 
 6.13114000e-02  2.50092650e+00  3.74098511e+00  2.41133479e+00  2.41039925e+00 -3.38124183e-05 
 6.13164000e-02  2.50091423e+00  3.74209960e+00  2.41245705e+00  2.41143861e+00 -3.38044170e-05 
 6.13214000e-02  2.50090105e+00  3.74330091e+00  2.41366593e+00  2.41256561e+00 -3.37957892e-05 
 6.13264000e-02  2.50088698e+00  3.74458785e+00  2.41496023e+00  2.41377913e+00 -3.37865434e-05 
 6.13314000e-02  2.50087204e+00  3.74595913e+00  2.41633864e+00  2.41507795e+00 -3.37766889e-05 
 6.13364000e-02  2.50085623e+00  3.74741336e+00  2.41779978e+00  2.41646077e+00 -3.37662358e-05 
 6.13414000e-02  2.50083958e+00  3.74894909e+00  2.41934219e+00  2.41792620e+00 -3.37551945e-05 
 6.13464000e-02  2.50082210e+00  3.75056478e+00  2.42096431e+00  2.41947276e+00 -3.37435762e-05 
 6.13514000e-02  2.50080382e+00  3.75225880e+00  2.42266453e+00  2.42109892e+00 -3.37313925e-05 
 6.13564000e-02  2.50078473e+00  3.75402947e+00  2.42444114e+00  2.42280303e+00 -3.37186558e-05 
 6.13614000e-02  2.50076488e+00  3.75587501e+00  2.42629236e+00  2.42458339e+00 -3.37053789e-05 
 6.13664000e-02  2.50074426e+00  3.75779356e+00  2.42821634e+00  2.42643822e+00 -3.36915750e-05 
 6.13714000e-02  2.50072292e+00  3.75978321e+00  2.43021114e+00  2.42836566e+00 -3.36772582e-05 
 6.13764000e-02  2.50070086e+00  3.76184197e+00  2.43227477e+00  2.43036378e+00 -3.36624428e-05 
 6.13814000e-02  2.50067811e+00  3.76396776e+00  2.43440517e+00  2.43243058e+00 -3.36471436e-05 
 6.13864000e-02  2.50065469e+00  3.76615848e+00  2.43660020e+00  2.43456398e+00 -3.36313761e-05 
 6.13914000e-02  2.50063062e+00  3.76841192e+00  2.43885767e+00  2.43676186e+00 -3.36151560e-05 
 6.13964000e-02  2.50060593e+00  3.77072583e+00  2.44117532e+00  2.43902202e+00 -3.35984997e-05 
 6.14014000e-02  2.50058065e+00  3.77309790e+00  2.44355083e+00  2.44134220e+00 -3.35814239e-05 
 6.14064000e-02  2.50055479e+00  3.77552576e+00  2.44598183e+00  2.44372007e+00 -3.35639457e-05 
 6.14114000e-02  2.50052838e+00  3.77800698e+00  2.44846590e+00  2.44615326e+00 -3.35460826e-05 
 6.14164000e-02  2.50050145e+00  3.78053909e+00  2.45100055e+00  2.44863934e+00 -3.35278524e-05 
 6.14214000e-02  2.50047403e+00  3.78311955e+00  2.45358325e+00  2.45117584e+00 -3.35092736e-05 
 6.14264000e-02  2.50044614e+00  3.78574580e+00  2.45621142e+00  2.45376021e+00 -3.34903645e-05 
 6.14314000e-02  2.50041780e+00  3.78841521e+00  2.45888245e+00  2.45638988e+00 -3.34711443e-05 
 6.14364000e-02  2.50038906e+00  3.79112513e+00  2.46159367e+00  2.45906223e+00 -3.34516319e-05 
 6.14414000e-02  2.50035993e+00  3.79387286e+00  2.46434239e+00  2.46177459e+00 -3.34318471e-05 
 6.14464000e-02  2.50033045e+00  3.79665565e+00  2.46712586e+00  2.46452427e+00 -3.34118094e-05 
 6.14514000e-02  2.50030064e+00  3.79947074e+00  2.46994131e+00  2.46730851e+00 -3.33915389e-05 
 6.14564000e-02  2.50027053e+00  3.80231533e+00  2.47278595e+00  2.47012457e+00 -3.33710558e-05 
 6.14614000e-02  2.50024016e+00  3.80518659e+00  2.47565694e+00  2.47296962e+00 -3.33503805e-05 
 6.14664000e-02  2.50020955e+00  3.80808167e+00  2.47855144e+00  2.47584085e+00 -3.33295335e-05 
 6.14714000e-02  2.50017873e+00  3.81099769e+00  2.48146656e+00  2.47873540e+00 -3.33085357e-05 
 6.14764000e-02  2.50014774e+00  3.81393176e+00  2.48439942e+00  2.48165039e+00 -3.32874078e-05 
 6.14814000e-02  2.50011660e+00  3.81688096e+00  2.48734711e+00  2.48458294e+00 -3.32661710e-05 
 6.14864000e-02  2.50008535e+00  3.81984238e+00  2.49030669e+00  2.48753014e+00 -3.32448461e-05 
 6.14914000e-02  2.50005401e+00  3.82281308e+00  2.49327525e+00  2.49048905e+00 -3.32234545e-05 
 6.14964000e-02  2.50002262e+00  3.82579011e+00  2.49624985e+00  2.49345676e+00 -3.32020172e-05 
 6.15014000e-02  2.49999120e+00  3.82877054e+00  2.49922753e+00  2.49643032e+00 -3.31805555e-05 
 6.15064000e-02  2.49995980e+00  3.83175142e+00  2.50220535e+00  2.49940679e+00 -3.31590907e-05 
 6.15114000e-02  2.49992843e+00  3.83472979e+00  2.50518038e+00  2.50238323e+00 -3.31376440e-05 
 6.15164000e-02  2.49989714e+00  3.83770272e+00  2.50814967e+00  2.50535670e+00 -3.31162364e-05 
 6.15214000e-02  2.49986594e+00  3.84066728e+00  2.51111030e+00  2.50832426e+00 -3.30948893e-05 
 6.15264000e-02  2.49983488e+00  3.84362054e+00  2.51405934e+00  2.51128299e+00 -3.30736235e-05 
 6.15314000e-02  2.49980399e+00  3.84655959e+00  2.51699390e+00  2.51422995e+00 -3.30524601e-05 
 6.15364000e-02  2.49977328e+00  3.84948154e+00  2.51991107e+00  2.51716226e+00 -3.30314198e-05 
 6.15414000e-02  2.49974280e+00  3.85238351e+00  2.52280799e+00  2.52007703e+00 -3.30105234e-05 
 6.15464000e-02  2.49971257e+00  3.85526265e+00  2.52568181e+00  2.52297138e+00 -3.29897913e-05 
 6.15514000e-02  2.49968263e+00  3.85811613e+00  2.52852971e+00  2.52584248e+00 -3.29692440e-05 
 6.15564000e-02  2.49965300e+00  3.86094115e+00  2.53134889e+00  2.52868749e+00 -3.29489015e-05 
 6.15614000e-02  2.49962371e+00  3.86373494e+00  2.53413659e+00  2.53150364e+00 -3.29287837e-05 
 6.15664000e-02  2.49959479e+00  3.86649476e+00  2.53689007e+00  2.53428814e+00 -3.29089105e-05 
 6.15714000e-02  2.49956628e+00  3.86921790e+00  2.53960663e+00  2.53703829e+00 -3.28893011e-05 
 6.15764000e-02  2.49953819e+00  3.87190170e+00  2.54228363e+00  2.53975137e+00 -3.28699747e-05 
 6.15814000e-02  2.49951056e+00  3.87454354e+00  2.54491844e+00  2.54242475e+00 -3.28509502e-05 
 6.15864000e-02  2.49948341e+00  3.87714083e+00  2.54750848e+00  2.54505580e+00 -3.28322462e-05 
 6.15914000e-02  2.49945677e+00  3.87969105e+00  2.55005122e+00  2.54764194e+00 -3.28138807e-05 
 6.15964000e-02  2.49943066e+00  3.88219169e+00  2.55254420e+00  2.55018067e+00 -3.27958718e-05 
 6.16014000e-02  2.49940512e+00  3.88464032e+00  2.55498496e+00  2.55266950e+00 -3.27782369e-05 
 6.16064000e-02  2.49938017e+00  3.88703456e+00  2.55737115e+00  2.55510600e+00 -3.27609930e-05 
 6.16114000e-02  2.49935582e+00  3.88937207e+00  2.55970043e+00  2.55748779e+00 -3.27441570e-05 
 6.16164000e-02  2.49933212e+00  3.89165059e+00  2.56197053e+00  2.55981258e+00 -3.27277452e-05 
 6.16214000e-02  2.49930907e+00  3.89386789e+00  2.56417926e+00  2.56207808e+00 -3.27117734e-05 
 6.16264000e-02  2.49928670e+00  3.89602182e+00  2.56632446e+00  2.56428209e+00 -3.26962571e-05 
 6.16314000e-02  2.49926504e+00  3.89811029e+00  2.56840406e+00  2.56642249e+00 -3.26812113e-05 
 6.16364000e-02  2.49924410e+00  3.90013129e+00  2.57041604e+00  2.56849718e+00 -3.26666505e-05 
 6.16414000e-02  2.49922391e+00  3.90208283e+00  2.57235844e+00  2.57050417e+00 -3.26525887e-05 
 6.16464000e-02  2.49920448e+00  3.90396305e+00  2.57422939e+00  2.57244149e+00 -3.26390396e-05 
 6.16514000e-02  2.49918584e+00  3.90577011e+00  2.57602707e+00  2.57430728e+00 -3.26260161e-05 
 6.16564000e-02  2.49916801e+00  3.90750227e+00  2.57774975e+00  2.57609973e+00 -3.26135308e-05 
 6.16614000e-02  2.49915099e+00  3.90915785e+00  2.57939576e+00  2.57781711e+00 -3.26015957e-05 
 6.16664000e-02  2.49913481e+00  3.91073526e+00  2.58096350e+00  2.57945775e+00 -3.25902223e-05 
 6.16714000e-02  2.49911949e+00  3.91223297e+00  2.58245148e+00  2.58102007e+00 -3.25794215e-05 
 6.16764000e-02  2.49910503e+00  3.91364953e+00  2.58385824e+00  2.58250256e+00 -3.25692036e-05 
 6.16814000e-02  2.49909146e+00  3.91498358e+00  2.58518244e+00  2.58390380e+00 -3.25595785e-05 
 6.16864000e-02  2.49907879e+00  3.91623383e+00  2.58642279e+00  2.58522242e+00 -3.25505554e-05 
 6.16914000e-02  2.49906702e+00  3.91739908e+00  2.58757811e+00  2.58645716e+00 -3.25421428e-05 
 6.16964000e-02  2.49905618e+00  3.91847820e+00  2.58864727e+00  2.58760683e+00 -3.25343490e-05 
 6.17014000e-02  2.49904626e+00  3.91947016e+00  2.58962925e+00  2.58867033e+00 -3.25271813e-05 
 6.17064000e-02  2.49903729e+00  3.92037400e+00  2.59052311e+00  2.58964661e+00 -3.25206466e-05 
 6.17114000e-02  2.49902927e+00  3.92118885e+00  2.59132798e+00  2.59053476e+00 -3.25147511e-05 
 6.17164000e-02  2.49902220e+00  3.92191393e+00  2.59204309e+00  2.59133391e+00 -3.25095004e-05 
 6.17214000e-02  2.49901610e+00  3.92254854e+00  2.59266775e+00  2.59204329e+00 -3.25048997e-05 
 6.17264000e-02  2.49901097e+00  3.92309207e+00  2.59320137e+00  2.59266223e+00 -3.25009533e-05 
 6.17314000e-02  2.49900682e+00  3.92354399e+00  2.59364342e+00  2.59319012e+00 -3.24976648e-05 
 6.17364000e-02  2.49900365e+00  3.92390388e+00  2.59399349e+00  2.59362647e+00 -3.24950376e-05 
 6.17414000e-02  2.49900146e+00  3.92417138e+00  2.59425124e+00  2.59397084e+00 -3.24930741e-05 
 6.17464000e-02  2.49900026e+00  3.92434625e+00  2.59441642e+00  2.59422291e+00 -3.24917762e-05 
 6.17514000e-02  2.49900004e+00  3.92442830e+00  2.59448887e+00  2.59438245e+00 -3.24911451e-05 
 6.17564000e-02  2.49900081e+00  3.92441747e+00  2.59446852e+00  2.59444928e+00 -3.24911814e-05 
 6.17614000e-02  2.49900256e+00  3.92431376e+00  2.59435539e+00  2.59442336e+00 -3.24918851e-05 
 6.17664000e-02  2.49900530e+00  3.92411727e+00  2.59414960e+00  2.59430470e+00 -3.24932555e-05 
 6.17714000e-02  2.49900903e+00  3.92382819e+00  2.59385133e+00  2.59409343e+00 -3.24952914e-05 
 6.17764000e-02  2.49901373e+00  3.92344680e+00  2.59346088e+00  2.59378973e+00 -3.24979908e-05 
 6.17814000e-02  2.49901940e+00  3.92297347e+00  2.59297862e+00  2.59339391e+00 -3.25013510e-05 
 6.17864000e-02  2.49902604e+00  3.92240864e+00  2.59240501e+00  2.59290634e+00 -3.25053690e-05 
 6.17914000e-02  2.49903364e+00  3.92175286e+00  2.59174060e+00  2.59232750e+00 -3.25100408e-05 
 6.17964000e-02  2.49904220e+00  3.92100677e+00  2.59098604e+00  2.59165793e+00 -3.25153621e-05 
 6.18014000e-02  2.49905170e+00  3.92017107e+00  2.59014205e+00  2.59089829e+00 -3.25213277e-05 
 6.18064000e-02  2.49906214e+00  3.91924658e+00  2.58920944e+00  2.59004930e+00 -3.25279320e-05 
 6.18114000e-02  2.49907350e+00  3.91823418e+00  2.58818911e+00  2.58911178e+00 -3.25351686e-05 
 6.18164000e-02  2.49908577e+00  3.91713485e+00  2.58708204e+00  2.58808664e+00 -3.25430307e-05 
 6.18214000e-02  2.49909895e+00  3.91594964e+00  2.58588929e+00  2.58697485e+00 -3.25515106e-05 
 6.18264000e-02  2.49911302e+00  3.91467969e+00  2.58461202e+00  2.58577749e+00 -3.25606003e-05 
 6.18314000e-02  2.49912796e+00  3.91332624e+00  2.58325145e+00  2.58449572e+00 -3.25702912e-05 
 6.18364000e-02  2.49914377e+00  3.91189058e+00  2.58180891e+00  2.58313076e+00 -3.25805738e-05 
 6.18414000e-02  2.49916042e+00  3.91037410e+00  2.58028577e+00  2.58168394e+00 -3.25914384e-05 
 6.18464000e-02  2.49917790e+00  3.90877827e+00  2.57868351e+00  2.58015665e+00 -3.26028745e-05 
 6.18514000e-02  2.49919618e+00  3.90710462e+00  2.57700369e+00  2.57855037e+00 -3.26148712e-05 
 6.18564000e-02  2.49921527e+00  3.90535477e+00  2.57524791e+00  2.57686664e+00 -3.26274168e-05 
 6.18614000e-02  2.49923512e+00  3.90353042e+00  2.57341788e+00  2.57510709e+00 -3.26404995e-05 
 6.18664000e-02  2.49925574e+00  3.90163332e+00  2.57151537e+00  2.57327344e+00 -3.26541065e-05 
 6.18714000e-02  2.49927708e+00  3.89966532e+00  2.56954223e+00  2.57136744e+00 -3.26682247e-05 
 6.18764000e-02  2.49929914e+00  3.89762832e+00  2.56750035e+00  2.56939095e+00 -3.26828406e-05 
 6.18814000e-02  2.49932189e+00  3.89552430e+00  2.56539173e+00  2.56734587e+00 -3.26979401e-05 
 6.18864000e-02  2.49934531e+00  3.89335530e+00  2.56321841e+00  2.56523421e+00 -3.27135085e-05 
 6.18914000e-02  2.49936938e+00  3.89112343e+00  2.56098250e+00  2.56305799e+00 -3.27295309e-05 
 6.18964000e-02  2.49939407e+00  3.88883084e+00  2.55868617e+00  2.56081934e+00 -3.27459917e-05 
 6.19014000e-02  2.49941935e+00  3.88647978e+00  2.55633166e+00  2.55852043e+00 -3.27628749e-05 
 6.19064000e-02  2.49944521e+00  3.88407252e+00  2.55392125e+00  2.55616350e+00 -3.27801643e-05 
 6.19114000e-02  2.49947162e+00  3.88161142e+00  2.55145729e+00  2.55375084e+00 -3.27978431e-05 
 6.19164000e-02  2.49949855e+00  3.87909887e+00  2.54894219e+00  2.55128480e+00 -3.28158940e-05 
 6.19214000e-02  2.49952597e+00  3.87653733e+00  2.54637839e+00  2.54876778e+00 -3.28342995e-05 
 6.19264000e-02  2.49955386e+00  3.87392928e+00  2.54376841e+00  2.54620224e+00 -3.28530418e-05 
 6.19314000e-02  2.49958220e+00  3.87127729e+00  2.54111478e+00  2.54359068e+00 -3.28721025e-05 
 6.19364000e-02  2.49961094e+00  3.86858393e+00  2.53842010e+00  2.54093565e+00 -3.28914631e-05 
 6.19414000e-02  2.49964007e+00  3.86585185e+00  2.53568701e+00  2.53823975e+00 -3.29111047e-05 
 6.19464000e-02  2.49966955e+00  3.86308373e+00  2.53291819e+00  2.53550562e+00 -3.29310081e-05 
 6.19514000e-02  2.49969936e+00  3.86028227e+00  2.53011635e+00  2.53273593e+00 -3.29511539e-05 
 6.19564000e-02  2.49972947e+00  3.85745021e+00  2.52728423e+00  2.52993340e+00 -3.29715223e-05 
 6.19614000e-02  2.49975984e+00  3.85459035e+00  2.52442461e+00  2.52710078e+00 -3.29920933e-05 
 6.19664000e-02  2.49979045e+00  3.85170549e+00  2.52154031e+00  2.52424084e+00 -3.30128469e-05 
 6.19714000e-02  2.49982127e+00  3.84879846e+00  2.51863415e+00  2.52135639e+00 -3.30337626e-05 
 6.19764000e-02  2.49985226e+00  3.84587212e+00  2.51570900e+00  2.51845027e+00 -3.30548199e-05 
 6.19814000e-02  2.49988340e+00  3.84292935e+00  2.51276774e+00  2.51552534e+00 -3.30759980e-05 
 6.19864000e-02  2.49991465e+00  3.83997305e+00  2.50981326e+00  2.51258448e+00 -3.30972762e-05 
 6.19914000e-02  2.49994599e+00  3.83700614e+00  2.50684847e+00  2.50963058e+00 -3.31186334e-05 
 6.19964000e-02  2.49997738e+00  3.83403155e+00  2.50387630e+00  2.50666655e+00 -3.31400486e-05 
 6.20014000e-02  2.50000880e+00  3.83105220e+00  2.50089968e+00  2.50369533e+00 -3.31615007e-05 
 6.20064000e-02  2.50004020e+00  3.82807104e+00  2.49792155e+00  2.50071983e+00 -3.31829685e-05 
 6.20114000e-02  2.50007157e+00  3.82509101e+00  2.49494486e+00  2.49774301e+00 -3.32044307e-05 
 6.20164000e-02  2.50010286e+00  3.82211508e+00  2.49197255e+00  2.49476780e+00 -3.32258661e-05 
 6.20214000e-02  2.50013406e+00  3.81914617e+00  2.48900757e+00  2.49179715e+00 -3.32472534e-05 
 6.20264000e-02  2.50016512e+00  3.81618723e+00  2.48605284e+00  2.48883399e+00 -3.32685716e-05 
 6.20314000e-02  2.50019601e+00  3.81324120e+00  2.48311130e+00  2.48588127e+00 -3.32897993e-05 
 6.20364000e-02  2.50022672e+00  3.81031099e+00  2.48018587e+00  2.48294191e+00 -3.33109156e-05 
 6.20414000e-02  2.50025720e+00  3.80739951e+00  2.47727944e+00  2.48001882e+00 -3.33318995e-05 
 6.20464000e-02  2.50028743e+00  3.80450966e+00  2.47439491e+00  2.47711490e+00 -3.33527301e-05 
 6.20514000e-02  2.50031737e+00  3.80164430e+00  2.47153513e+00  2.47423304e+00 -3.33733866e-05 
 6.20564000e-02  2.50034700e+00  3.79880628e+00  2.46870296e+00  2.47137610e+00 -3.33938486e-05 
 6.20614000e-02  2.50037629e+00  3.79599842e+00  2.46590120e+00  2.46854692e+00 -3.34140955e-05 
 6.20664000e-02  2.50040521e+00  3.79322352e+00  2.46313265e+00  2.46574831e+00 -3.34341073e-05 
 6.20714000e-02  2.50043372e+00  3.79048434e+00  2.46040005e+00  2.46298306e+00 -3.34538640e-05 
 6.20764000e-02  2.50046181e+00  3.78778361e+00  2.45770614e+00  2.46025392e+00 -3.34733458e-05 
 6.20814000e-02  2.50048944e+00  3.78512401e+00  2.45505360e+00  2.45756361e+00 -3.34925332e-05 
 6.20864000e-02  2.50051659e+00  3.78250821e+00  2.45244507e+00  2.45491481e+00 -3.35114072e-05 
 6.20914000e-02  2.50054323e+00  3.77993880e+00  2.44988316e+00  2.45231016e+00 -3.35299487e-05 
 6.20964000e-02  2.50056934e+00  3.77741836e+00  2.44737041e+00  2.44975226e+00 -3.35481393e-05 
 6.21014000e-02  2.50059488e+00  3.77494940e+00  2.44490934e+00  2.44724366e+00 -3.35659608e-05 
 6.21064000e-02  2.50061983e+00  3.77253438e+00  2.44250241e+00  2.44478686e+00 -3.35833952e-05 
 6.21114000e-02  2.50064418e+00  3.77017572e+00  2.44015202e+00  2.44238433e+00 -3.36004252e-05 
 6.21164000e-02  2.50066788e+00  3.76787577e+00  2.43786051e+00  2.44003845e+00 -3.36170335e-05 
 6.21214000e-02  2.50069093e+00  3.76563684e+00  2.43563019e+00  2.43775158e+00 -3.36332037e-05 
 6.21264000e-02  2.50071330e+00  3.76346116e+00  2.43346328e+00  2.43552599e+00 -3.36489194e-05 
 6.21314000e-02  2.50073496e+00  3.76135090e+00  2.43136195e+00  2.43336393e+00 -3.36641648e-05 
 6.21364000e-02  2.50075590e+00  3.75930819e+00  2.42932830e+00  2.43126754e+00 -3.36789247e-05 
 6.21414000e-02  2.50077609e+00  3.75733507e+00  2.42736437e+00  2.42923893e+00 -3.36931842e-05 
 6.21464000e-02  2.50079552e+00  3.75543350e+00  2.42547212e+00  2.42728012e+00 -3.37069289e-05 
 6.21514000e-02  2.50081416e+00  3.75360541e+00  2.42365346e+00  2.42539309e+00 -3.37201452e-05 
 6.21564000e-02  2.50083199e+00  3.75185261e+00  2.42191019e+00  2.42357971e+00 -3.37328195e-05 
 6.21614000e-02  2.50084901e+00  3.75017686e+00  2.42024408e+00  2.42184181e+00 -3.37449393e-05 
 6.21664000e-02  2.50086519e+00  3.74857985e+00  2.41865678e+00  2.42018113e+00 -3.37564923e-05 
 6.21714000e-02  2.50088051e+00  3.74706317e+00  2.41714989e+00  2.41859933e+00 -3.37674668e-05 
 6.21764000e-02  2.50089497e+00  3.74562834e+00  2.41572492e+00  2.41709799e+00 -3.37778519e-05 
 6.21814000e-02  2.50090854e+00  3.74427681e+00  2.41438331e+00  2.41567863e+00 -3.37876370e-05 
 6.21864000e-02  2.50092121e+00  3.74300993e+00  2.41312639e+00  2.41434267e+00 -3.37968123e-05 
 6.21914000e-02  2.50093298e+00  3.74182897e+00  2.41195543e+00  2.41309145e+00 -3.38053686e-05 
 6.21964000e-02  2.50094382e+00  3.74073512e+00  2.41087160e+00  2.41192621e+00 -3.38132971e-05 
 6.22014000e-02  2.50095374e+00  3.73972947e+00  2.40987599e+00  2.41084814e+00 -3.38205900e-05 
 6.22064000e-02  2.50096271e+00  3.73881303e+00  2.40896960e+00  2.40985832e+00 -3.38272399e-05 
 6.22114000e-02  2.50097073e+00  3.73798673e+00  2.40815334e+00  2.40895773e+00 -3.38332401e-05 
 6.22164000e-02  2.50097780e+00  3.73725138e+00  2.40742802e+00  2.40814728e+00 -3.38385845e-05 
 6.22214000e-02  2.50098390e+00  3.73660774e+00  2.40679439e+00  2.40742778e+00 -3.38432677e-05 
 6.22264000e-02  2.50098903e+00  3.73605644e+00  2.40625307e+00  2.40679997e+00 -3.38472850e-05 
 6.22314000e-02  2.50099318e+00  3.73559804e+00  2.40580460e+00  2.40626446e+00 -3.38506323e-05 
 6.22364000e-02  2.50099635e+00  3.73523301e+00  2.40544944e+00  2.40582180e+00 -3.38533064e-05 
 6.22414000e-02  2.50099854e+00  3.73496170e+00  2.40518795e+00  2.40547242e+00 -3.38553044e-05 
 6.22464000e-02  2.50099974e+00  3.73478438e+00  2.40502038e+00  2.40521669e+00 -3.38566244e-05 
 6.22514000e-02  2.50099996e+00  3.73470125e+00  2.40494691e+00  2.40505485e+00 -3.38572651e-05 
 6.22564000e-02  2.50099919e+00  3.73471237e+00  2.40496760e+00  2.40498708e+00 -3.38572257e-05 
 6.22614000e-02  2.50099744e+00  3.73481774e+00  2.40508245e+00  2.40501343e+00 -3.38565064e-05 
 6.22664000e-02  2.50099470e+00  3.73501725e+00  2.40529132e+00  2.40513388e+00 -3.38551078e-05 
 6.22714000e-02  2.50099097e+00  3.73531071e+00  2.40559402e+00  2.40534832e+00 -3.38530314e-05 
 6.22764000e-02  2.50098627e+00  3.73569781e+00  2.40599023e+00  2.40565652e+00 -3.38502793e-05 
 6.22814000e-02  2.50098060e+00  3.73617817e+00  2.40647957e+00  2.40605817e+00 -3.38468543e-05 
 6.22864000e-02  2.50097396e+00  3.73675131e+00  2.40706153e+00  2.40655288e+00 -3.38427598e-05 
 6.22914000e-02  2.50096636e+00  3.73741665e+00  2.40773554e+00  2.40714014e+00 -3.38379999e-05 
 6.22964000e-02  2.50095780e+00  3.73817351e+00  2.40850092e+00  2.40781937e+00 -3.38325796e-05 
 6.23014000e-02  2.50094830e+00  3.73902115e+00  2.40935689e+00  2.40858988e+00 -3.38265041e-05 
 6.23064000e-02  2.50093786e+00  3.73995871e+00  2.41030261e+00  2.40945090e+00 -3.38197797e-05 
 6.23114000e-02  2.50092650e+00  3.74098525e+00  2.41133712e+00  2.41040157e+00 -3.38124132e-05 
 6.23164000e-02  2.50091423e+00  3.74209973e+00  2.41245937e+00  2.41144093e+00 -3.38044120e-05 
 6.23214000e-02  2.50090105e+00  3.74330105e+00  2.41366826e+00  2.41256793e+00 -3.37957841e-05 
 6.23264000e-02  2.50088698e+00  3.74458799e+00  2.41496255e+00  2.41378145e+00 -3.37865383e-05 
 6.23314000e-02  2.50087204e+00  3.74595927e+00  2.41634096e+00  2.41508027e+00 -3.37766838e-05 
 6.23364000e-02  2.50085623e+00  3.74741350e+00  2.41780210e+00  2.41646309e+00 -3.37662307e-05 
 6.23414000e-02  2.50083958e+00  3.74894923e+00  2.41934451e+00  2.41792852e+00 -3.37551894e-05 
 6.23464000e-02  2.50082210e+00  3.75056492e+00  2.42096664e+00  2.41947508e+00 -3.37435711e-05 
 6.23514000e-02  2.50080382e+00  3.75225895e+00  2.42266686e+00  2.42110124e+00 -3.37313874e-05 
 6.23564000e-02  2.50078473e+00  3.75402961e+00  2.42444347e+00  2.42280535e+00 -3.37186507e-05 
 6.23614000e-02  2.50076488e+00  3.75587515e+00  2.42629469e+00  2.42458572e+00 -3.37053738e-05 
 6.23664000e-02  2.50074426e+00  3.75779371e+00  2.42821866e+00  2.42644055e+00 -3.36915699e-05 
 6.23714000e-02  2.50072292e+00  3.75978336e+00  2.43021346e+00  2.42836799e+00 -3.36772531e-05 
 6.23764000e-02  2.50070086e+00  3.76184211e+00  2.43227709e+00  2.43036611e+00 -3.36624376e-05 
 6.23814000e-02  2.50067811e+00  3.76396791e+00  2.43440749e+00  2.43243290e+00 -3.36471384e-05 
 6.23864000e-02  2.50065469e+00  3.76615863e+00  2.43660252e+00  2.43456631e+00 -3.36313709e-05 
 6.23914000e-02  2.50063062e+00  3.76841207e+00  2.43885999e+00  2.43676419e+00 -3.36151509e-05 
 6.23964000e-02  2.50060593e+00  3.77072598e+00  2.44117764e+00  2.43902435e+00 -3.35984946e-05 
 6.24014000e-02  2.50058065e+00  3.77309805e+00  2.44355316e+00  2.44134452e+00 -3.35814188e-05 
 6.24064000e-02  2.50055479e+00  3.77552591e+00  2.44598416e+00  2.44372239e+00 -3.35639405e-05 
 6.24114000e-02  2.50052838e+00  3.77800713e+00  2.44846823e+00  2.44615559e+00 -3.35460774e-05 
 6.24164000e-02  2.50050145e+00  3.78053923e+00  2.45100287e+00  2.44864167e+00 -3.35278473e-05 
 6.24214000e-02  2.50047403e+00  3.78311970e+00  2.45358557e+00  2.45117817e+00 -3.35092684e-05 
 6.24264000e-02  2.50044614e+00  3.78574595e+00  2.45621375e+00  2.45376254e+00 -3.34903594e-05 
 6.24314000e-02  2.50041780e+00  3.78841537e+00  2.45888478e+00  2.45639221e+00 -3.34711391e-05 
 6.24364000e-02  2.50038906e+00  3.79112529e+00  2.46159600e+00  2.45906456e+00 -3.34516268e-05 
 6.24414000e-02  2.50035993e+00  3.79387301e+00  2.46434472e+00  2.46177692e+00 -3.34318419e-05 
 6.24464000e-02  2.50033045e+00  3.79665580e+00  2.46712819e+00  2.46452660e+00 -3.34118042e-05 
 6.24514000e-02  2.50030064e+00  3.79947089e+00  2.46994364e+00  2.46731084e+00 -3.33915337e-05 
 6.24564000e-02  2.50027053e+00  3.80231548e+00  2.47278828e+00  2.47012690e+00 -3.33710506e-05 
 6.24614000e-02  2.50024016e+00  3.80518675e+00  2.47565927e+00  2.47297195e+00 -3.33503753e-05 
 6.24664000e-02  2.50020955e+00  3.80808182e+00  2.47855377e+00  2.47584318e+00 -3.33295283e-05 
 6.24714000e-02  2.50017873e+00  3.81099784e+00  2.48146889e+00  2.47873773e+00 -3.33085305e-05 
 6.24764000e-02  2.50014774e+00  3.81393191e+00  2.48440175e+00  2.48165272e+00 -3.32874026e-05 
 6.24814000e-02  2.50011660e+00  3.81688112e+00  2.48734944e+00  2.48458527e+00 -3.32661658e-05 
 6.24864000e-02  2.50008535e+00  3.81984254e+00  2.49030903e+00  2.48753247e+00 -3.32448409e-05 
 6.24914000e-02  2.50005401e+00  3.82281323e+00  2.49327759e+00  2.49049138e+00 -3.32234493e-05 
 6.24964000e-02  2.50002262e+00  3.82579027e+00  2.49625218e+00  2.49345909e+00 -3.32020120e-05 
 6.25014000e-02  2.49999120e+00  3.82877070e+00  2.49922986e+00  2.49643265e+00 -3.31805503e-05 
 6.25064000e-02  2.49995980e+00  3.83175157e+00  2.50220769e+00  2.49940913e+00 -3.31590855e-05 
 6.25114000e-02  2.49992843e+00  3.83472995e+00  2.50518272e+00  2.50238557e+00 -3.31376387e-05 
 6.25164000e-02  2.49989714e+00  3.83770288e+00  2.50815201e+00  2.50535904e+00 -3.31162312e-05 
 6.25214000e-02  2.49986594e+00  3.84066744e+00  2.51111264e+00  2.50832660e+00 -3.30948840e-05 
 6.25264000e-02  2.49983488e+00  3.84362070e+00  2.51406168e+00  2.51128532e+00 -3.30736183e-05 
 6.25314000e-02  2.49980399e+00  3.84655975e+00  2.51699623e+00  2.51423229e+00 -3.30524548e-05 
 6.25364000e-02  2.49977328e+00  3.84948170e+00  2.51991340e+00  2.51716460e+00 -3.30314145e-05 
 6.25414000e-02  2.49974280e+00  3.85238367e+00  2.52281032e+00  2.52007936e+00 -3.30105181e-05 
 6.25464000e-02  2.49971257e+00  3.85526281e+00  2.52568414e+00  2.52297372e+00 -3.29897861e-05 
 6.25514000e-02  2.49968263e+00  3.85811630e+00  2.52853204e+00  2.52584481e+00 -3.29692387e-05 
 6.25564000e-02  2.49965300e+00  3.86094132e+00  2.53135122e+00  2.52868983e+00 -3.29488962e-05 
 6.25614000e-02  2.49962371e+00  3.86373510e+00  2.53413892e+00  2.53150597e+00 -3.29287785e-05 
 6.25664000e-02  2.49959479e+00  3.86649492e+00  2.53689240e+00  2.53429048e+00 -3.29089052e-05 
 6.25714000e-02  2.49956628e+00  3.86921806e+00  2.53960897e+00  2.53704062e+00 -3.28892958e-05 
 6.25764000e-02  2.49953819e+00  3.87190187e+00  2.54228597e+00  2.53975371e+00 -3.28699694e-05 
 6.25814000e-02  2.49951056e+00  3.87454371e+00  2.54492077e+00  2.54242709e+00 -3.28509450e-05 
 6.25864000e-02  2.49948341e+00  3.87714100e+00  2.54751081e+00  2.54505813e+00 -3.28322409e-05 
 6.25914000e-02  2.49945677e+00  3.87969121e+00  2.55005356e+00  2.54764428e+00 -3.28138755e-05 
 6.25964000e-02  2.49943066e+00  3.88219185e+00  2.55254653e+00  2.55018301e+00 -3.27958665e-05 
 6.26014000e-02  2.49940512e+00  3.88464049e+00  2.55498730e+00  2.55267183e+00 -3.27782316e-05 
 6.26064000e-02  2.49938017e+00  3.88703473e+00  2.55737349e+00  2.55510833e+00 -3.27609877e-05 
 6.26114000e-02  2.49935582e+00  3.88937224e+00  2.55970276e+00  2.55749013e+00 -3.27441517e-05 
 6.26164000e-02  2.49933212e+00  3.89165076e+00  2.56197287e+00  2.55981491e+00 -3.27277399e-05 
 6.26214000e-02  2.49930907e+00  3.89386806e+00  2.56418160e+00  2.56208041e+00 -3.27117681e-05 
 6.26264000e-02  2.49928670e+00  3.89602199e+00  2.56632680e+00  2.56428443e+00 -3.26962518e-05 
 6.26314000e-02  2.49926504e+00  3.89811047e+00  2.56840640e+00  2.56642483e+00 -3.26812060e-05 
 6.26364000e-02  2.49924410e+00  3.90013146e+00  2.57041838e+00  2.56849952e+00 -3.26666452e-05 
 6.26414000e-02  2.49922391e+00  3.90208301e+00  2.57236078e+00  2.57050651e+00 -3.26525834e-05 
 6.26464000e-02  2.49920448e+00  3.90396322e+00  2.57423173e+00  2.57244383e+00 -3.26390343e-05 
 6.26514000e-02  2.49918584e+00  3.90577028e+00  2.57602941e+00  2.57430962e+00 -3.26260108e-05 
 6.26564000e-02  2.49916801e+00  3.90750244e+00  2.57775209e+00  2.57610207e+00 -3.26135255e-05 
 6.26614000e-02  2.49915099e+00  3.90915803e+00  2.57939810e+00  2.57781945e+00 -3.26015904e-05 
 6.26664000e-02  2.49913481e+00  3.91073543e+00  2.58096585e+00  2.57946009e+00 -3.25902170e-05 
 6.26714000e-02  2.49911949e+00  3.91223314e+00  2.58245382e+00  2.58102241e+00 -3.25794162e-05 
 6.26764000e-02  2.49910503e+00  3.91364970e+00  2.58386058e+00  2.58250491e+00 -3.25691983e-05 
 6.26814000e-02  2.49909146e+00  3.91498375e+00  2.58518478e+00  2.58390614e+00 -3.25595732e-05 
 6.26864000e-02  2.49907879e+00  3.91623401e+00  2.58642514e+00  2.58522476e+00 -3.25505500e-05 
 6.26914000e-02  2.49906702e+00  3.91739926e+00  2.58758045e+00  2.58645951e+00 -3.25421375e-05 
 6.26964000e-02  2.49905618e+00  3.91847838e+00  2.58864961e+00  2.58760918e+00 -3.25343436e-05 
 6.27014000e-02  2.49904626e+00  3.91947034e+00  2.58963160e+00  2.58867267e+00 -3.25271759e-05 
 6.27064000e-02  2.49903729e+00  3.92037418e+00  2.59052545e+00  2.58964896e+00 -3.25206412e-05 
 6.27114000e-02  2.49902927e+00  3.92118904e+00  2.59133032e+00  2.59053710e+00 -3.25147457e-05 
 6.27164000e-02  2.49902220e+00  3.92191411e+00  2.59204544e+00  2.59133625e+00 -3.25094951e-05 
 6.27214000e-02  2.49901610e+00  3.92254872e+00  2.59267010e+00  2.59204564e+00 -3.25048943e-05 
 6.27264000e-02  2.49901097e+00  3.92309225e+00  2.59320371e+00  2.59266457e+00 -3.25009479e-05 
 6.27314000e-02  2.49900682e+00  3.92354418e+00  2.59364577e+00  2.59319247e+00 -3.24976595e-05 
 6.27364000e-02  2.49900365e+00  3.92390406e+00  2.59399584e+00  2.59362881e+00 -3.24950322e-05 
 6.27414000e-02  2.49900146e+00  3.92417157e+00  2.59425359e+00  2.59397319e+00 -3.24930687e-05 
 6.27464000e-02  2.49900026e+00  3.92434643e+00  2.59441876e+00  2.59422526e+00 -3.24917708e-05 
 6.27514000e-02  2.49900004e+00  3.92442849e+00  2.59449121e+00  2.59438479e+00 -3.24911397e-05 
 6.27564000e-02  2.49900081e+00  3.92441765e+00  2.59447087e+00  2.59445163e+00 -3.24911760e-05 
 6.27614000e-02  2.49900256e+00  3.92431394e+00  2.59435774e+00  2.59442571e+00 -3.24918797e-05 
 6.27664000e-02  2.49900530e+00  3.92411746e+00  2.59415195e+00  2.59430705e+00 -3.24932501e-05 
 6.27714000e-02  2.49900903e+00  3.92382838e+00  2.59385368e+00  2.59409578e+00 -3.24952860e-05 
 6.27764000e-02  2.49901373e+00  3.92344699e+00  2.59346323e+00  2.59379208e+00 -3.24979853e-05 
 6.27814000e-02  2.49901940e+00  3.92297365e+00  2.59298097e+00  2.59339626e+00 -3.25013456e-05 
 6.27864000e-02  2.49902604e+00  3.92240883e+00  2.59240736e+00  2.59290869e+00 -3.25053635e-05 
 6.27914000e-02  2.49903364e+00  3.92175305e+00  2.59174296e+00  2.59232985e+00 -3.25100354e-05 
 6.27964000e-02  2.49904220e+00  3.92100696e+00  2.59098840e+00  2.59166028e+00 -3.25153567e-05 
 6.28014000e-02  2.49905170e+00  3.92017127e+00  2.59014440e+00  2.59090064e+00 -3.25213223e-05 
 6.28064000e-02  2.49906214e+00  3.91924677e+00  2.58921179e+00  2.59005165e+00 -3.25279265e-05 
 6.28114000e-02  2.49907350e+00  3.91823437e+00  2.58819146e+00  2.58911414e+00 -3.25351632e-05 
 6.28164000e-02  2.49908577e+00  3.91713504e+00  2.58708439e+00  2.58808899e+00 -3.25430252e-05 
 6.28214000e-02  2.49909895e+00  3.91594983e+00  2.58589164e+00  2.58697720e+00 -3.25515051e-05 
 6.28264000e-02  2.49911302e+00  3.91467989e+00  2.58461437e+00  2.58577985e+00 -3.25605949e-05 
 6.28314000e-02  2.49912796e+00  3.91332644e+00  2.58325381e+00  2.58449807e+00 -3.25702857e-05 
 6.28364000e-02  2.49914377e+00  3.91189078e+00  2.58181126e+00  2.58313312e+00 -3.25805683e-05 
 6.28414000e-02  2.49916042e+00  3.91037430e+00  2.58028813e+00  2.58168630e+00 -3.25914329e-05 
 6.28464000e-02  2.49917790e+00  3.90877847e+00  2.57868587e+00  2.58015901e+00 -3.26028690e-05 
 6.28514000e-02  2.49919618e+00  3.90710482e+00  2.57700604e+00  2.57855272e+00 -3.26148657e-05 
 6.28564000e-02  2.49921527e+00  3.90535497e+00  2.57525027e+00  2.57686899e+00 -3.26274113e-05 
 6.28614000e-02  2.49923512e+00  3.90353062e+00  2.57342024e+00  2.57510945e+00 -3.26404940e-05 
 6.28664000e-02  2.49925574e+00  3.90163352e+00  2.57151773e+00  2.57327579e+00 -3.26541010e-05 
 6.28714000e-02  2.49927708e+00  3.89966552e+00  2.56954459e+00  2.57136980e+00 -3.26682192e-05 
 6.28764000e-02  2.49929914e+00  3.89762853e+00  2.56750271e+00  2.56939331e+00 -3.26828351e-05 
 6.28814000e-02  2.49932189e+00  3.89552451e+00  2.56539409e+00  2.56734823e+00 -3.26979346e-05 
 6.28864000e-02  2.49934531e+00  3.89335551e+00  2.56322077e+00  2.56523657e+00 -3.27135030e-05 
 6.28914000e-02  2.49936938e+00  3.89112363e+00  2.56098486e+00  2.56306035e+00 -3.27295254e-05 
 6.28964000e-02  2.49939407e+00  3.88883105e+00  2.55868853e+00  2.56082170e+00 -3.27459861e-05 
 6.29014000e-02  2.49941935e+00  3.88647998e+00  2.55633402e+00  2.55852280e+00 -3.27628694e-05 
 6.29064000e-02  2.49944521e+00  3.88407273e+00  2.55392361e+00  2.55616587e+00 -3.27801588e-05 
 6.29114000e-02  2.49947162e+00  3.88161163e+00  2.55145965e+00  2.55375320e+00 -3.27978375e-05 
 6.29164000e-02  2.49949855e+00  3.87909908e+00  2.54894455e+00  2.55128716e+00 -3.28158884e-05 
 6.29214000e-02  2.49952597e+00  3.87653754e+00  2.54638076e+00  2.54877014e+00 -3.28342939e-05 
 6.29264000e-02  2.49955386e+00  3.87392949e+00  2.54377077e+00  2.54620460e+00 -3.28530362e-05 
 6.29314000e-02  2.49958220e+00  3.87127750e+00  2.54111714e+00  2.54359304e+00 -3.28720969e-05 
 6.29364000e-02  2.49961094e+00  3.86858414e+00  2.53842247e+00  2.54093802e+00 -3.28914575e-05 
 6.29414000e-02  2.49964007e+00  3.86585207e+00  2.53568938e+00  2.53824212e+00 -3.29110991e-05 
 6.29464000e-02  2.49966955e+00  3.86308394e+00  2.53292056e+00  2.53550799e+00 -3.29310025e-05 
 6.29514000e-02  2.49969936e+00  3.86028248e+00  2.53011872e+00  2.53273830e+00 -3.29511483e-05 
 6.29564000e-02  2.49972947e+00  3.85745043e+00  2.52728660e+00  2.52993577e+00 -3.29715167e-05 
 6.29614000e-02  2.49975984e+00  3.85459057e+00  2.52442698e+00  2.52710315e+00 -3.29920877e-05 
 6.29664000e-02  2.49979045e+00  3.85170570e+00  2.52154268e+00  2.52424320e+00 -3.30128413e-05 
 6.29714000e-02  2.49982127e+00  3.84879867e+00  2.51863653e+00  2.52135876e+00 -3.30337570e-05 
 6.29764000e-02  2.49985226e+00  3.84587234e+00  2.51571138e+00  2.51845264e+00 -3.30548142e-05 
 6.29814000e-02  2.49988340e+00  3.84292957e+00  2.51277011e+00  2.51552771e+00 -3.30759924e-05 
 6.29864000e-02  2.49991465e+00  3.83997328e+00  2.50981563e+00  2.51258685e+00 -3.30972705e-05 
 6.29914000e-02  2.49994599e+00  3.83700637e+00  2.50685084e+00  2.50963295e+00 -3.31186278e-05 
 6.29964000e-02  2.49997738e+00  3.83403177e+00  2.50387867e+00  2.50666892e+00 -3.31400430e-05 
 6.30014000e-02  2.50000880e+00  3.83105242e+00  2.50090205e+00  2.50369770e+00 -3.31614950e-05 
 6.30064000e-02  2.50004020e+00  3.82807126e+00  2.49792393e+00  2.50072221e+00 -3.31829628e-05 
 6.30114000e-02  2.50007157e+00  3.82509124e+00  2.49494724e+00  2.49774538e+00 -3.32044250e-05 
 6.30164000e-02  2.50010286e+00  3.82211530e+00  2.49197493e+00  2.49477018e+00 -3.32258604e-05 
 6.30214000e-02  2.50013406e+00  3.81914639e+00  2.48900994e+00  2.49179952e+00 -3.32472477e-05 
 6.30264000e-02  2.50016512e+00  3.81618746e+00  2.48605522e+00  2.48883637e+00 -3.32685659e-05 
 6.30314000e-02  2.50019601e+00  3.81324143e+00  2.48311368e+00  2.48588365e+00 -3.32897936e-05 
 6.30364000e-02  2.50022672e+00  3.81031122e+00  2.48018825e+00  2.48294428e+00 -3.33109099e-05 
 6.30414000e-02  2.50025720e+00  3.80739974e+00  2.47728182e+00  2.48002119e+00 -3.33318938e-05 
 6.30464000e-02  2.50028743e+00  3.80450989e+00  2.47439729e+00  2.47711728e+00 -3.33527244e-05 
 6.30514000e-02  2.50031737e+00  3.80164453e+00  2.47153751e+00  2.47423542e+00 -3.33733809e-05 
 6.30564000e-02  2.50034700e+00  3.79880651e+00  2.46870534e+00  2.47137848e+00 -3.33938429e-05 
 6.30614000e-02  2.50037629e+00  3.79599865e+00  2.46590358e+00  2.46854930e+00 -3.34140898e-05 
 6.30664000e-02  2.50040521e+00  3.79322375e+00  2.46313503e+00  2.46575069e+00 -3.34341016e-05 
 6.30714000e-02  2.50043372e+00  3.79048457e+00  2.46040244e+00  2.46298544e+00 -3.34538583e-05 
 6.30764000e-02  2.50046181e+00  3.78778384e+00  2.45770853e+00  2.46025630e+00 -3.34733400e-05 
 6.30814000e-02  2.50048944e+00  3.78512425e+00  2.45505599e+00  2.45756599e+00 -3.34925275e-05 
 6.30864000e-02  2.50051659e+00  3.78250844e+00  2.45244746e+00  2.45491719e+00 -3.35114014e-05 
 6.30914000e-02  2.50054323e+00  3.77993904e+00  2.44988554e+00  2.45231254e+00 -3.35299430e-05 
 6.30964000e-02  2.50056934e+00  3.77741860e+00  2.44737279e+00  2.44975464e+00 -3.35481336e-05 
 6.31014000e-02  2.50059488e+00  3.77494964e+00  2.44491173e+00  2.44724604e+00 -3.35659550e-05 
 6.31064000e-02  2.50061983e+00  3.77253462e+00  2.44250479e+00  2.44478925e+00 -3.35833894e-05 
 6.31114000e-02  2.50064418e+00  3.77017596e+00  2.44015440e+00  2.44238671e+00 -3.36004194e-05 
 6.31164000e-02  2.50066788e+00  3.76787601e+00  2.43786290e+00  2.44004084e+00 -3.36170277e-05 
 6.31214000e-02  2.50069093e+00  3.76563708e+00  2.43563258e+00  2.43775397e+00 -3.36331979e-05 
 6.31264000e-02  2.50071330e+00  3.76346140e+00  2.43346567e+00  2.43552838e+00 -3.36489136e-05 
 6.31314000e-02  2.50073496e+00  3.76135115e+00  2.43136434e+00  2.43336632e+00 -3.36641590e-05 
 6.31364000e-02  2.50075590e+00  3.75930844e+00  2.42933069e+00  2.43126993e+00 -3.36789189e-05 
 6.31414000e-02  2.50077609e+00  3.75733531e+00  2.42736676e+00  2.42924132e+00 -3.36931784e-05 
 6.31464000e-02  2.50079552e+00  3.75543375e+00  2.42547451e+00  2.42728251e+00 -3.37069231e-05 
 6.31514000e-02  2.50081416e+00  3.75360565e+00  2.42365585e+00  2.42539548e+00 -3.37201393e-05 
 6.31564000e-02  2.50083199e+00  3.75185285e+00  2.42191258e+00  2.42358210e+00 -3.37328137e-05 
 6.31614000e-02  2.50084901e+00  3.75017711e+00  2.42024647e+00  2.42184420e+00 -3.37449335e-05 
 6.31664000e-02  2.50086519e+00  3.74858009e+00  2.41865917e+00  2.42018352e+00 -3.37564864e-05 
 6.31714000e-02  2.50088051e+00  3.74706342e+00  2.41715228e+00  2.41860172e+00 -3.37674610e-05 
 6.31764000e-02  2.50089497e+00  3.74562859e+00  2.41572732e+00  2.41710039e+00 -3.37778460e-05 
 6.31814000e-02  2.50090854e+00  3.74427706e+00  2.41438570e+00  2.41568103e+00 -3.37876311e-05 
 6.31864000e-02  2.50092121e+00  3.74301019e+00  2.41312878e+00  2.41434507e+00 -3.37968064e-05 
 6.31914000e-02  2.50093298e+00  3.74182923e+00  2.41195782e+00  2.41309384e+00 -3.38053627e-05 
 6.31964000e-02  2.50094382e+00  3.74073537e+00  2.41087399e+00  2.41192861e+00 -3.38132913e-05 
 6.32014000e-02  2.50095374e+00  3.73972972e+00  2.40987838e+00  2.41085054e+00 -3.38205842e-05 
 6.32064000e-02  2.50096271e+00  3.73881329e+00  2.40897199e+00  2.40986071e+00 -3.38272340e-05 
 6.32114000e-02  2.50097073e+00  3.73798698e+00  2.40815573e+00  2.40896012e+00 -3.38332342e-05 
 6.32164000e-02  2.50097780e+00  3.73725164e+00  2.40743042e+00  2.40814967e+00 -3.38385786e-05 
 6.32214000e-02  2.50098390e+00  3.73660800e+00  2.40679679e+00  2.40743018e+00 -3.38432618e-05 
 6.32264000e-02  2.50098903e+00  3.73605670e+00  2.40625547e+00  2.40680237e+00 -3.38472791e-05 
 6.32314000e-02  2.50099318e+00  3.73559830e+00  2.40580700e+00  2.40626686e+00 -3.38506264e-05 
 6.32364000e-02  2.50099635e+00  3.73523327e+00  2.40545184e+00  2.40582419e+00 -3.38533005e-05 
 6.32414000e-02  2.50099854e+00  3.73496195e+00  2.40519035e+00  2.40547482e+00 -3.38552985e-05 
 6.32464000e-02  2.50099974e+00  3.73478464e+00  2.40502278e+00  2.40521909e+00 -3.38566185e-05 
 6.32514000e-02  2.50099996e+00  3.73470151e+00  2.40494931e+00  2.40505725e+00 -3.38572591e-05 
 6.32564000e-02  2.50099919e+00  3.73471263e+00  2.40497000e+00  2.40498948e+00 -3.38572198e-05 
 6.32614000e-02  2.50099744e+00  3.73481800e+00  2.40508485e+00  2.40501583e+00 -3.38565004e-05 
 6.32664000e-02  2.50099470e+00  3.73501752e+00  2.40529372e+00  2.40513628e+00 -3.38551019e-05 
 6.32714000e-02  2.50099097e+00  3.73531097e+00  2.40559642e+00  2.40535072e+00 -3.38530255e-05 
 6.32764000e-02  2.50098627e+00  3.73569808e+00  2.40599264e+00  2.40565892e+00 -3.38502734e-05 
 6.32814000e-02  2.50098060e+00  3.73617844e+00  2.40648197e+00  2.40606057e+00 -3.38468484e-05 
 6.32864000e-02  2.50097396e+00  3.73675157e+00  2.40706394e+00  2.40655528e+00 -3.38427538e-05 
 6.32914000e-02  2.50096636e+00  3.73741691e+00  2.40773795e+00  2.40714255e+00 -3.38379940e-05 
 6.32964000e-02  2.50095780e+00  3.73817378e+00  2.40850332e+00  2.40782177e+00 -3.38325736e-05 
 6.33014000e-02  2.50094830e+00  3.73902142e+00  2.40935930e+00  2.40859228e+00 -3.38264981e-05 
 6.33064000e-02  2.50093786e+00  3.73995898e+00  2.41030501e+00  2.40945331e+00 -3.38197738e-05 
 6.33114000e-02  2.50092650e+00  3.74098552e+00  2.41133952e+00  2.41040397e+00 -3.38124072e-05 
 6.33164000e-02  2.50091423e+00  3.74210000e+00  2.41246178e+00  2.41144333e+00 -3.38044060e-05 
 6.33214000e-02  2.50090105e+00  3.74330132e+00  2.41367066e+00  2.41257034e+00 -3.37957781e-05 
 6.33264000e-02  2.50088698e+00  3.74458826e+00  2.41496496e+00  2.41378386e+00 -3.37865323e-05 
 6.33314000e-02  2.50087204e+00  3.74595954e+00  2.41634337e+00  2.41508268e+00 -3.37766778e-05 
 6.33364000e-02  2.50085623e+00  3.74741377e+00  2.41780451e+00  2.41646550e+00 -3.37662247e-05 
 6.33414000e-02  2.50083958e+00  3.74894950e+00  2.41934692e+00  2.41793092e+00 -3.37551834e-05 
 6.33464000e-02  2.50082210e+00  3.75056519e+00  2.42096904e+00  2.41947749e+00 -3.37435651e-05 
 6.33514000e-02  2.50080382e+00  3.75225922e+00  2.42266926e+00  2.42110365e+00 -3.37313814e-05 
 6.33564000e-02  2.50078473e+00  3.75402989e+00  2.42444587e+00  2.42280776e+00 -3.37186447e-05 
 6.33614000e-02  2.50076488e+00  3.75587542e+00  2.42629709e+00  2.42458812e+00 -3.37053678e-05 
 6.33664000e-02  2.50074426e+00  3.75779398e+00  2.42822107e+00  2.42644295e+00 -3.36915639e-05 
 6.33714000e-02  2.50072292e+00  3.75978363e+00  2.43021587e+00  2.42837039e+00 -3.36772471e-05 
 6.33764000e-02  2.50070086e+00  3.76184239e+00  2.43227950e+00  2.43036851e+00 -3.36624316e-05 
 6.33814000e-02  2.50067811e+00  3.76396819e+00  2.43440990e+00  2.43243531e+00 -3.36471324e-05 
 6.33864000e-02  2.50065469e+00  3.76615890e+00  2.43660493e+00  2.43456872e+00 -3.36313649e-05 
 6.33914000e-02  2.50063062e+00  3.76841234e+00  2.43886240e+00  2.43676660e+00 -3.36151448e-05 
 6.33964000e-02  2.50060593e+00  3.77072625e+00  2.44118005e+00  2.43902676e+00 -3.35984885e-05 
 6.34014000e-02  2.50058065e+00  3.77309832e+00  2.44355556e+00  2.44134693e+00 -3.35814127e-05 
 6.34064000e-02  2.50055479e+00  3.77552618e+00  2.44598657e+00  2.44372480e+00 -3.35639345e-05 
 6.34114000e-02  2.50052838e+00  3.77800741e+00  2.44847063e+00  2.44615800e+00 -3.35460714e-05 
 6.34164000e-02  2.50050145e+00  3.78053951e+00  2.45100528e+00  2.44864408e+00 -3.35278412e-05 
 6.34214000e-02  2.50047403e+00  3.78311998e+00  2.45358798e+00  2.45118058e+00 -3.35092624e-05 
 6.34264000e-02  2.50044614e+00  3.78574623e+00  2.45621616e+00  2.45376495e+00 -3.34903533e-05 
 6.34314000e-02  2.50041780e+00  3.78841565e+00  2.45888719e+00  2.45639462e+00 -3.34711330e-05 
 6.34364000e-02  2.50038906e+00  3.79112557e+00  2.46159841e+00  2.45906697e+00 -3.34516207e-05 
 6.34414000e-02  2.50035993e+00  3.79387329e+00  2.46434713e+00  2.46177933e+00 -3.34318358e-05 
 6.34464000e-02  2.50033045e+00  3.79665608e+00  2.46713060e+00  2.46452901e+00 -3.34117981e-05 
 6.34514000e-02  2.50030064e+00  3.79947118e+00  2.46994605e+00  2.46731325e+00 -3.33915276e-05 
 6.34564000e-02  2.50027053e+00  3.80231577e+00  2.47279069e+00  2.47012931e+00 -3.33710445e-05 
 6.34614000e-02  2.50024016e+00  3.80518703e+00  2.47566168e+00  2.47297436e+00 -3.33503692e-05 
 6.34664000e-02  2.50020955e+00  3.80808211e+00  2.47855618e+00  2.47584559e+00 -3.33295223e-05 
 6.34714000e-02  2.50017873e+00  3.81099813e+00  2.48147130e+00  2.47874014e+00 -3.33085244e-05 
 6.34764000e-02  2.50014774e+00  3.81393220e+00  2.48440416e+00  2.48165514e+00 -3.32873966e-05 
 6.34814000e-02  2.50011660e+00  3.81688140e+00  2.48735185e+00  2.48458768e+00 -3.32661597e-05 
 6.34864000e-02  2.50008535e+00  3.81984282e+00  2.49031144e+00  2.48753488e+00 -3.32448348e-05 
 6.34914000e-02  2.50005401e+00  3.82281352e+00  2.49328000e+00  2.49049380e+00 -3.32234432e-05 
 6.34964000e-02  2.50002262e+00  3.82579056e+00  2.49625459e+00  2.49346150e+00 -3.32020059e-05 
 6.35014000e-02  2.49999120e+00  3.82877099e+00  2.49923227e+00  2.49643507e+00 -3.31805442e-05 
 6.35064000e-02  2.49995980e+00  3.83175186e+00  2.50221010e+00  2.49941154e+00 -3.31590794e-05 
 6.35114000e-02  2.49992843e+00  3.83473024e+00  2.50518513e+00  2.50238798e+00 -3.31376326e-05 
 6.35164000e-02  2.49989714e+00  3.83770317e+00  2.50815442e+00  2.50536145e+00 -3.31162251e-05 
 6.35214000e-02  2.49986594e+00  3.84066773e+00  2.51111505e+00  2.50832901e+00 -3.30948779e-05 
 6.35264000e-02  2.49983488e+00  3.84362099e+00  2.51406409e+00  2.51128773e+00 -3.30736122e-05 
 6.35314000e-02  2.49980399e+00  3.84656004e+00  2.51699864e+00  2.51423470e+00 -3.30524487e-05 
 6.35364000e-02  2.49977328e+00  3.84948199e+00  2.51991582e+00  2.51716701e+00 -3.30314084e-05 
 6.35414000e-02  2.49974280e+00  3.85238396e+00  2.52281274e+00  2.52008178e+00 -3.30105120e-05 
 6.35464000e-02  2.49971257e+00  3.85526310e+00  2.52568656e+00  2.52297613e+00 -3.29897799e-05 
 6.35514000e-02  2.49968263e+00  3.85811659e+00  2.52853446e+00  2.52584723e+00 -3.29692326e-05 
 6.35564000e-02  2.49965300e+00  3.86094161e+00  2.53135364e+00  2.52869224e+00 -3.29488901e-05 
 6.35614000e-02  2.49962371e+00  3.86373540e+00  2.53414134e+00  2.53150839e+00 -3.29287724e-05 
 6.35664000e-02  2.49959479e+00  3.86649521e+00  2.53689482e+00  2.53429289e+00 -3.29088991e-05 
 6.35714000e-02  2.49956628e+00  3.86921836e+00  2.53961139e+00  2.53704304e+00 -3.28892897e-05 
 6.35764000e-02  2.49953819e+00  3.87190216e+00  2.54228838e+00  2.53975613e+00 -3.28699633e-05 
 6.35814000e-02  2.49951056e+00  3.87454400e+00  2.54492319e+00  2.54242950e+00 -3.28509388e-05 
 6.35864000e-02  2.49948341e+00  3.87714129e+00  2.54751323e+00  2.54506055e+00 -3.28322348e-05 
 6.35914000e-02  2.49945677e+00  3.87969151e+00  2.55005598e+00  2.54764670e+00 -3.28138693e-05 
 6.35964000e-02  2.49943066e+00  3.88219215e+00  2.55254895e+00  2.55018542e+00 -3.27958604e-05 
 6.36014000e-02  2.49940512e+00  3.88464078e+00  2.55498972e+00  2.55267425e+00 -3.27782254e-05 
 6.36064000e-02  2.49938017e+00  3.88703502e+00  2.55737590e+00  2.55511075e+00 -3.27609816e-05 
 6.36114000e-02  2.49935582e+00  3.88937254e+00  2.55970518e+00  2.55749255e+00 -3.27441456e-05 
 6.36164000e-02  2.49933212e+00  3.89165105e+00  2.56197529e+00  2.55981733e+00 -3.27277337e-05 
 6.36214000e-02  2.49930907e+00  3.89386835e+00  2.56418402e+00  2.56208283e+00 -3.27117619e-05 
 6.36264000e-02  2.49928670e+00  3.89602229e+00  2.56632922e+00  2.56428685e+00 -3.26962456e-05 
 6.36314000e-02  2.49926504e+00  3.89811076e+00  2.56840882e+00  2.56642725e+00 -3.26811998e-05 
 6.36364000e-02  2.49924410e+00  3.90013176e+00  2.57042080e+00  2.56850194e+00 -3.26666390e-05 
 6.36414000e-02  2.49922391e+00  3.90208330e+00  2.57236320e+00  2.57050892e+00 -3.26525772e-05 
 6.36464000e-02  2.49920448e+00  3.90396352e+00  2.57423415e+00  2.57244625e+00 -3.26390281e-05 
 6.36514000e-02  2.49918584e+00  3.90577058e+00  2.57603183e+00  2.57431204e+00 -3.26260046e-05 
 6.36564000e-02  2.49916801e+00  3.90750274e+00  2.57775451e+00  2.57610449e+00 -3.26135193e-05 
 6.36614000e-02  2.49915099e+00  3.90915833e+00  2.57940052e+00  2.57782187e+00 -3.26015842e-05 
 6.36664000e-02  2.49913481e+00  3.91073573e+00  2.58096827e+00  2.57946251e+00 -3.25902108e-05 
 6.36714000e-02  2.49911949e+00  3.91223344e+00  2.58245624e+00  2.58102483e+00 -3.25794100e-05 
 6.36764000e-02  2.49910503e+00  3.91365001e+00  2.58386300e+00  2.58250732e+00 -3.25691921e-05 
 6.36814000e-02  2.49909146e+00  3.91498406e+00  2.58518720e+00  2.58390856e+00 -3.25595670e-05 
 6.36864000e-02  2.49907879e+00  3.91623431e+00  2.58642756e+00  2.58522718e+00 -3.25505438e-05 
 6.36914000e-02  2.49906702e+00  3.91739956e+00  2.58758287e+00  2.58646193e+00 -3.25421313e-05 
 6.36964000e-02  2.49905618e+00  3.91847869e+00  2.58865204e+00  2.58761160e+00 -3.25343374e-05 
 6.37014000e-02  2.49904626e+00  3.91947065e+00  2.58963402e+00  2.58867509e+00 -3.25271697e-05 
 6.37064000e-02  2.49903729e+00  3.92037449e+00  2.59052788e+00  2.58965138e+00 -3.25206350e-05 
 6.37114000e-02  2.49902927e+00  3.92118934e+00  2.59133275e+00  2.59053953e+00 -3.25147395e-05 
 6.37164000e-02  2.49902220e+00  3.92191442e+00  2.59204786e+00  2.59133868e+00 -3.25094888e-05 
 6.37214000e-02  2.49901610e+00  3.92254903e+00  2.59267252e+00  2.59204806e+00 -3.25048881e-05 
 6.37264000e-02  2.49901097e+00  3.92309256e+00  2.59320614e+00  2.59266700e+00 -3.25009416e-05 
 6.37314000e-02  2.49900682e+00  3.92354448e+00  2.59364819e+00  2.59319489e+00 -3.24976532e-05 
 6.37364000e-02  2.49900365e+00  3.92390437e+00  2.59399826e+00  2.59363124e+00 -3.24950260e-05 
 6.37414000e-02  2.49900146e+00  3.92417188e+00  2.59425601e+00  2.59397561e+00 -3.24930625e-05 
 6.37464000e-02  2.49900026e+00  3.92434674e+00  2.59442119e+00  2.59422769e+00 -3.24917646e-05 
 6.37514000e-02  2.49900004e+00  3.92442880e+00  2.59449364e+00  2.59438722e+00 -3.24911334e-05 
 6.37564000e-02  2.49900081e+00  3.92441796e+00  2.59447329e+00  2.59445406e+00 -3.24911697e-05 
 6.37614000e-02  2.49900256e+00  3.92431426e+00  2.59436017e+00  2.59442814e+00 -3.24918734e-05 
 6.37664000e-02  2.49900530e+00  3.92411777e+00  2.59415437e+00  2.59430948e+00 -3.24932439e-05 
 6.37714000e-02  2.49900903e+00  3.92382869e+00  2.59385611e+00  2.59409820e+00 -3.24952797e-05 
 6.37764000e-02  2.49901373e+00  3.92344730e+00  2.59346566e+00  2.59379451e+00 -3.24979791e-05 
 6.37814000e-02  2.49901940e+00  3.92297397e+00  2.59298339e+00  2.59339869e+00 -3.25013393e-05 
 6.37864000e-02  2.49902604e+00  3.92240914e+00  2.59240979e+00  2.59291112e+00 -3.25053573e-05 
 6.37914000e-02  2.49903364e+00  3.92175337e+00  2.59174538e+00  2.59233228e+00 -3.25100291e-05 
 6.37964000e-02  2.49904220e+00  3.92100728e+00  2.59099082e+00  2.59166271e+00 -3.25153504e-05 
 6.38014000e-02  2.49905170e+00  3.92017158e+00  2.59014683e+00  2.59090307e+00 -3.25213160e-05 
 6.38064000e-02  2.49906214e+00  3.91924709e+00  2.58921422e+00  2.59005408e+00 -3.25279202e-05 
 6.38114000e-02  2.49907350e+00  3.91823469e+00  2.58819389e+00  2.58911656e+00 -3.25351569e-05 
 6.38164000e-02  2.49908577e+00  3.91713536e+00  2.58708682e+00  2.58809142e+00 -3.25430189e-05 
 6.38214000e-02  2.49909895e+00  3.91595015e+00  2.58589407e+00  2.58697963e+00 -3.25514988e-05 
 6.38264000e-02  2.49911302e+00  3.91468021e+00  2.58461680e+00  2.58578228e+00 -3.25605886e-05 
 6.38314000e-02  2.49912796e+00  3.91332676e+00  2.58325624e+00  2.58450050e+00 -3.25702794e-05 
 6.38364000e-02  2.49914377e+00  3.91189110e+00  2.58181369e+00  2.58313555e+00 -3.25805620e-05 
 6.38414000e-02  2.49916042e+00  3.91037462e+00  2.58029056e+00  2.58168873e+00 -3.25914266e-05 
 6.38464000e-02  2.49917790e+00  3.90877879e+00  2.57868830e+00  2.58016144e+00 -3.26028627e-05 
 6.38514000e-02  2.49919618e+00  3.90710514e+00  2.57700848e+00  2.57855515e+00 -3.26148593e-05 
 6.38564000e-02  2.49921527e+00  3.90535529e+00  2.57525270e+00  2.57687143e+00 -3.26274050e-05 
 6.38614000e-02  2.49923512e+00  3.90353094e+00  2.57342267e+00  2.57511189e+00 -3.26404876e-05 
 6.38664000e-02  2.49925574e+00  3.90163385e+00  2.57152017e+00  2.57327823e+00 -3.26540946e-05 
 6.38714000e-02  2.49927708e+00  3.89966585e+00  2.56954702e+00  2.57137223e+00 -3.26682128e-05 
 6.38764000e-02  2.49929914e+00  3.89762885e+00  2.56750515e+00  2.56939574e+00 -3.26828288e-05 
 6.38814000e-02  2.49932189e+00  3.89552484e+00  2.56539653e+00  2.56735067e+00 -3.26979282e-05 
 6.38864000e-02  2.49934531e+00  3.89335584e+00  2.56322321e+00  2.56523900e+00 -3.27134966e-05 
 6.38914000e-02  2.49936938e+00  3.89112396e+00  2.56098730e+00  2.56306279e+00 -3.27295190e-05 
 6.38964000e-02  2.49939407e+00  3.88883138e+00  2.55869097e+00  2.56082414e+00 -3.27459797e-05 
 6.39014000e-02  2.49941935e+00  3.88648031e+00  2.55633646e+00  2.55852523e+00 -3.27628630e-05 
 6.39064000e-02  2.49944521e+00  3.88407306e+00  2.55392605e+00  2.55616830e+00 -3.27801524e-05 
 6.39114000e-02  2.49947162e+00  3.88161196e+00  2.55146209e+00  2.55375564e+00 -3.27978311e-05 
 6.39164000e-02  2.49949855e+00  3.87909942e+00  2.54894699e+00  2.55128960e+00 -3.28158820e-05 
 6.39214000e-02  2.49952597e+00  3.87653787e+00  2.54638320e+00  2.54877258e+00 -3.28342875e-05 
 6.39264000e-02  2.49955386e+00  3.87392983e+00  2.54377321e+00  2.54620704e+00 -3.28530298e-05 
 6.39314000e-02  2.49958220e+00  3.87127783e+00  2.54111958e+00  2.54359548e+00 -3.28720905e-05 
 6.39364000e-02  2.49961094e+00  3.86858448e+00  2.53842491e+00  2.54094046e+00 -3.28914511e-05 
 6.39414000e-02  2.49964007e+00  3.86585240e+00  2.53569182e+00  2.53824456e+00 -3.29110927e-05 
 6.39464000e-02  2.49966955e+00  3.86308428e+00  2.53292300e+00  2.53551043e+00 -3.29309961e-05 
 6.39514000e-02  2.49969936e+00  3.86028282e+00  2.53012116e+00  2.53274074e+00 -3.29511418e-05 
 6.39564000e-02  2.49972947e+00  3.85745077e+00  2.52728904e+00  2.52993821e+00 -3.29715102e-05 
 6.39614000e-02  2.49975984e+00  3.85459091e+00  2.52442943e+00  2.52710559e+00 -3.29920813e-05 
 6.39664000e-02  2.49979045e+00  3.85170605e+00  2.52154512e+00  2.52424565e+00 -3.30128348e-05 
 6.39714000e-02  2.49982127e+00  3.84879902e+00  2.51863897e+00  2.52136120e+00 -3.30337505e-05 
 6.39764000e-02  2.49985226e+00  3.84587268e+00  2.51571382e+00  2.51845509e+00 -3.30548078e-05 
 6.39814000e-02  2.49988340e+00  3.84292991e+00  2.51277256e+00  2.51553016e+00 -3.30759859e-05 
 6.39864000e-02  2.49991465e+00  3.83997362e+00  2.50981807e+00  2.51258930e+00 -3.30972640e-05 
 6.39914000e-02  2.49994599e+00  3.83700671e+00  2.50685329e+00  2.50963540e+00 -3.31186213e-05 
 6.39964000e-02  2.49997738e+00  3.83403211e+00  2.50388112e+00  2.50667137e+00 -3.31400365e-05 
 6.40014000e-02  2.50000880e+00  3.83105276e+00  2.50090450e+00  2.50370015e+00 -3.31614885e-05 
 6.40064000e-02  2.50004020e+00  3.82807161e+00  2.49792637e+00  2.50072465e+00 -3.31829563e-05 
 6.40114000e-02  2.50007157e+00  3.82509159e+00  2.49494969e+00  2.49774783e+00 -3.32044185e-05 
 6.40164000e-02  2.50010286e+00  3.82211565e+00  2.49197738e+00  2.49477262e+00 -3.32258539e-05 
 6.40214000e-02  2.50013406e+00  3.81914674e+00  2.48901240e+00  2.49180197e+00 -3.32472412e-05 
 6.40264000e-02  2.50016512e+00  3.81618781e+00  2.48605767e+00  2.48883882e+00 -3.32685593e-05 
 6.40314000e-02  2.50019601e+00  3.81324178e+00  2.48311613e+00  2.48588610e+00 -3.32897871e-05 
 6.40364000e-02  2.50022672e+00  3.81031157e+00  2.48019070e+00  2.48294674e+00 -3.33109034e-05 
 6.40414000e-02  2.50025720e+00  3.80740009e+00  2.47728427e+00  2.48002365e+00 -3.33318872e-05 
 6.40464000e-02  2.50028743e+00  3.80451024e+00  2.47439974e+00  2.47711973e+00 -3.33527178e-05 
 6.40514000e-02  2.50031737e+00  3.80164488e+00  2.47153997e+00  2.47423787e+00 -3.33733743e-05 
 6.40564000e-02  2.50034700e+00  3.79880686e+00  2.46870779e+00  2.47138093e+00 -3.33938363e-05 
 6.40614000e-02  2.50037629e+00  3.79599901e+00  2.46590603e+00  2.46855175e+00 -3.34140832e-05 
 6.40664000e-02  2.50040521e+00  3.79322411e+00  2.46313748e+00  2.46575314e+00 -3.34340950e-05 
 6.40714000e-02  2.50043372e+00  3.79048493e+00  2.46040489e+00  2.46298790e+00 -3.34538517e-05 
 6.40764000e-02  2.50046181e+00  3.78778420e+00  2.45771098e+00  2.46025876e+00 -3.34733334e-05 
 6.40814000e-02  2.50048944e+00  3.78512461e+00  2.45505844e+00  2.45756845e+00 -3.34925209e-05 
 6.40864000e-02  2.50051659e+00  3.78250880e+00  2.45244991e+00  2.45491965e+00 -3.35113948e-05 
 6.40914000e-02  2.50054323e+00  3.77993940e+00  2.44988800e+00  2.45231500e+00 -3.35299364e-05 
 6.40964000e-02  2.50056934e+00  3.77741896e+00  2.44737525e+00  2.44975710e+00 -3.35481270e-05 
 6.41014000e-02  2.50059488e+00  3.77495000e+00  2.44491419e+00  2.44724850e+00 -3.35659484e-05 
 6.41064000e-02  2.50061983e+00  3.77253498e+00  2.44250725e+00  2.44479171e+00 -3.35833828e-05 
 6.41114000e-02  2.50064418e+00  3.77017632e+00  2.44015686e+00  2.44238917e+00 -3.36004128e-05 
 6.41164000e-02  2.50066788e+00  3.76787638e+00  2.43786536e+00  2.44004330e+00 -3.36170211e-05 
 6.41214000e-02  2.50069093e+00  3.76563744e+00  2.43563504e+00  2.43775643e+00 -3.36331913e-05 
 6.41264000e-02  2.50071330e+00  3.76346176e+00  2.43346813e+00  2.43553084e+00 -3.36489069e-05 
 6.41314000e-02  2.50073496e+00  3.76135151e+00  2.43136680e+00  2.43336878e+00 -3.36641524e-05 
 6.41364000e-02  2.50075590e+00  3.75930880e+00  2.42933315e+00  2.43127239e+00 -3.36789122e-05 
 6.41414000e-02  2.50077609e+00  3.75733568e+00  2.42736922e+00  2.42924378e+00 -3.36931717e-05 
 6.41464000e-02  2.50079552e+00  3.75543412e+00  2.42547698e+00  2.42728497e+00 -3.37069165e-05 
 6.41514000e-02  2.50081416e+00  3.75360602e+00  2.42365831e+00  2.42539794e+00 -3.37201327e-05 
 6.41564000e-02  2.50083199e+00  3.75185322e+00  2.42191505e+00  2.42358456e+00 -3.37328070e-05 
 6.41614000e-02  2.50084901e+00  3.75017748e+00  2.42024893e+00  2.42184667e+00 -3.37449268e-05 
 6.41664000e-02  2.50086519e+00  3.74858047e+00  2.41866164e+00  2.42018598e+00 -3.37564798e-05 
 6.41714000e-02  2.50088051e+00  3.74706379e+00  2.41715475e+00  2.41860418e+00 -3.37674543e-05 
 6.41764000e-02  2.50089497e+00  3.74562897e+00  2.41572978e+00  2.41710285e+00 -3.37778393e-05 
 6.41814000e-02  2.50090854e+00  3.74427744e+00  2.41438817e+00  2.41568349e+00 -3.37876244e-05 
 6.41864000e-02  2.50092121e+00  3.74301056e+00  2.41313125e+00  2.41434753e+00 -3.37967997e-05 
 6.41914000e-02  2.50093298e+00  3.74182960e+00  2.41196029e+00  2.41309631e+00 -3.38053560e-05 
 6.41964000e-02  2.50094382e+00  3.74073575e+00  2.41087646e+00  2.41193108e+00 -3.38132846e-05 
 6.42014000e-02  2.50095374e+00  3.73973010e+00  2.40988085e+00  2.41085301e+00 -3.38205775e-05 
 6.42064000e-02  2.50096271e+00  3.73881366e+00  2.40897446e+00  2.40986318e+00 -3.38272273e-05 
 6.42114000e-02  2.50097073e+00  3.73798736e+00  2.40815820e+00  2.40896259e+00 -3.38332275e-05 
 6.42164000e-02  2.50097780e+00  3.73725202e+00  2.40743289e+00  2.40815214e+00 -3.38385718e-05 
 6.42214000e-02  2.50098390e+00  3.73660837e+00  2.40679926e+00  2.40743265e+00 -3.38432550e-05 
 6.42264000e-02  2.50098903e+00  3.73605708e+00  2.40625794e+00  2.40680483e+00 -3.38472723e-05 
 6.42314000e-02  2.50099318e+00  3.73559868e+00  2.40580947e+00  2.40626933e+00 -3.38506197e-05 
 6.42364000e-02  2.50099635e+00  3.73523365e+00  2.40545431e+00  2.40582666e+00 -3.38532937e-05 
 6.42414000e-02  2.50099854e+00  3.73496233e+00  2.40519282e+00  2.40547729e+00 -3.38552918e-05 
 6.42464000e-02  2.50099974e+00  3.73478502e+00  2.40502525e+00  2.40522156e+00 -3.38566117e-05 
 6.42514000e-02  2.50099996e+00  3.73470189e+00  2.40495178e+00  2.40505972e+00 -3.38572524e-05 
 6.42564000e-02  2.50099919e+00  3.73471301e+00  2.40497248e+00  2.40499195e+00 -3.38572130e-05 
 6.42614000e-02  2.50099744e+00  3.73481838e+00  2.40508732e+00  2.40501830e+00 -3.38564937e-05 
 6.42664000e-02  2.50099470e+00  3.73501790e+00  2.40529619e+00  2.40513876e+00 -3.38550951e-05 
 6.42714000e-02  2.50099097e+00  3.73531136e+00  2.40559889e+00  2.40535319e+00 -3.38530187e-05 
 6.42764000e-02  2.50098627e+00  3.73569846e+00  2.40599511e+00  2.40566139e+00 -3.38502666e-05 
 6.42814000e-02  2.50098060e+00  3.73617882e+00  2.40648444e+00  2.40606305e+00 -3.38468416e-05 
 6.42864000e-02  2.50097396e+00  3.73675196e+00  2.40706641e+00  2.40655776e+00 -3.38427471e-05 
 6.42914000e-02  2.50096636e+00  3.73741730e+00  2.40774042e+00  2.40714502e+00 -3.38379872e-05 
 6.42964000e-02  2.50095780e+00  3.73817417e+00  2.40850580e+00  2.40782425e+00 -3.38325668e-05 
 6.43014000e-02  2.50094830e+00  3.73902181e+00  2.40936177e+00  2.40859476e+00 -3.38264914e-05 
 6.43064000e-02  2.50093786e+00  3.73995937e+00  2.41030749e+00  2.40945578e+00 -3.38197670e-05 
 6.43114000e-02  2.50092650e+00  3.74098590e+00  2.41134199e+00  2.41040645e+00 -3.38124004e-05 
 6.43164000e-02  2.50091423e+00  3.74210039e+00  2.41246425e+00  2.41144581e+00 -3.38043992e-05 
 6.43214000e-02  2.50090105e+00  3.74330171e+00  2.41367314e+00  2.41257281e+00 -3.37957713e-05 
 6.43264000e-02  2.50088698e+00  3.74458865e+00  2.41496743e+00  2.41378633e+00 -3.37865255e-05 
 6.43314000e-02  2.50087204e+00  3.74595993e+00  2.41634584e+00  2.41508516e+00 -3.37766710e-05 
 6.43364000e-02  2.50085623e+00  3.74741416e+00  2.41780698e+00  2.41646797e+00 -3.37662179e-05 
 6.43414000e-02  2.50083958e+00  3.74894989e+00  2.41934939e+00  2.41793340e+00 -3.37551766e-05 
 6.43464000e-02  2.50082210e+00  3.75056558e+00  2.42097152e+00  2.41947997e+00 -3.37435583e-05 
 6.43514000e-02  2.50080382e+00  3.75225961e+00  2.42267174e+00  2.42110612e+00 -3.37313746e-05 
 6.43564000e-02  2.50078473e+00  3.75403028e+00  2.42444835e+00  2.42281024e+00 -3.37186379e-05 
 6.43614000e-02  2.50076488e+00  3.75587582e+00  2.42629957e+00  2.42459060e+00 -3.37053609e-05 
 6.43664000e-02  2.50074426e+00  3.75779437e+00  2.42822355e+00  2.42644543e+00 -3.36915571e-05 
 6.43714000e-02  2.50072292e+00  3.75978402e+00  2.43021835e+00  2.42837287e+00 -3.36772402e-05 
 6.43764000e-02  2.50070086e+00  3.76184278e+00  2.43228198e+00  2.43037099e+00 -3.36624248e-05 
 6.43814000e-02  2.50067811e+00  3.76396858e+00  2.43441238e+00  2.43243779e+00 -3.36471256e-05 
 6.43864000e-02  2.50065469e+00  3.76615930e+00  2.43660741e+00  2.43457120e+00 -3.36313581e-05 
 6.43914000e-02  2.50063062e+00  3.76841274e+00  2.43886488e+00  2.43676908e+00 -3.36151380e-05 
 6.43964000e-02  2.50060593e+00  3.77072665e+00  2.44118253e+00  2.43902924e+00 -3.35984817e-05 
 6.44014000e-02  2.50058065e+00  3.77309872e+00  2.44355804e+00  2.44134941e+00 -3.35814059e-05 
 6.44064000e-02  2.50055479e+00  3.77552658e+00  2.44598905e+00  2.44372728e+00 -3.35639276e-05 
 6.44114000e-02  2.50052838e+00  3.77800780e+00  2.44847311e+00  2.44616048e+00 -3.35460645e-05 
 6.44164000e-02  2.50050145e+00  3.78053991e+00  2.45100776e+00  2.44864656e+00 -3.35278344e-05 
 6.44214000e-02  2.50047403e+00  3.78312038e+00  2.45359046e+00  2.45118305e+00 -3.35092555e-05 
 6.44264000e-02  2.50044614e+00  3.78574663e+00  2.45621864e+00  2.45376743e+00 -3.34903465e-05 
 6.44314000e-02  2.50041780e+00  3.78841604e+00  2.45888967e+00  2.45639710e+00 -3.34711262e-05 
 6.44364000e-02  2.50038906e+00  3.79112596e+00  2.46160089e+00  2.45906945e+00 -3.34516138e-05 
 6.44414000e-02  2.50035993e+00  3.79387369e+00  2.46434961e+00  2.46178181e+00 -3.34318290e-05 
 6.44464000e-02  2.50033045e+00  3.79665648e+00  2.46713308e+00  2.46453149e+00 -3.34117913e-05 
 6.44514000e-02  2.50030064e+00  3.79947158e+00  2.46994853e+00  2.46731574e+00 -3.33915208e-05 
 6.44564000e-02  2.50027053e+00  3.80231617e+00  2.47279317e+00  2.47013179e+00 -3.33710376e-05 
 6.44614000e-02  2.50024016e+00  3.80518743e+00  2.47566416e+00  2.47297684e+00 -3.33503623e-05 
 6.44664000e-02  2.50020955e+00  3.80808251e+00  2.47855866e+00  2.47584807e+00 -3.33295154e-05 
 6.44714000e-02  2.50017873e+00  3.81099853e+00  2.48147379e+00  2.47874262e+00 -3.33085175e-05 
 6.44764000e-02  2.50014774e+00  3.81393260e+00  2.48440664e+00  2.48165762e+00 -3.32873897e-05 
 6.44814000e-02  2.50011660e+00  3.81688180e+00  2.48735433e+00  2.48459017e+00 -3.32661528e-05 
 6.44864000e-02  2.50008535e+00  3.81984322e+00  2.49031392e+00  2.48753736e+00 -3.32448279e-05 
 6.44914000e-02  2.50005401e+00  3.82281392e+00  2.49328248e+00  2.49049628e+00 -3.32234363e-05 
 6.44964000e-02  2.50002262e+00  3.82579096e+00  2.49625707e+00  2.49346398e+00 -3.32019990e-05 
 6.45014000e-02  2.49999120e+00  3.82877139e+00  2.49923475e+00  2.49643755e+00 -3.31805373e-05 
 6.45064000e-02  2.49995980e+00  3.83175227e+00  2.50221258e+00  2.49941402e+00 -3.31590725e-05 
 6.45114000e-02  2.49992843e+00  3.83473064e+00  2.50518761e+00  2.50239046e+00 -3.31376258e-05 
 6.45164000e-02  2.49989714e+00  3.83770357e+00  2.50815690e+00  2.50536393e+00 -3.31162182e-05 
 6.45214000e-02  2.49986594e+00  3.84066813e+00  2.51111753e+00  2.50833149e+00 -3.30948710e-05 
 6.45264000e-02  2.49983488e+00  3.84362139e+00  2.51406657e+00  2.51129021e+00 -3.30736052e-05 
 6.45314000e-02  2.49980399e+00  3.84656045e+00  2.51700113e+00  2.51423718e+00 -3.30524418e-05 
 6.45364000e-02  2.49977328e+00  3.84948240e+00  2.51991830e+00  2.51716949e+00 -3.30314015e-05 
 6.45414000e-02  2.49974280e+00  3.85238437e+00  2.52281522e+00  2.52008426e+00 -3.30105051e-05 
 6.45464000e-02  2.49971257e+00  3.85526351e+00  2.52568904e+00  2.52297861e+00 -3.29897730e-05 
 6.45514000e-02  2.49968263e+00  3.85811699e+00  2.52853694e+00  2.52584971e+00 -3.29692257e-05 
 6.45564000e-02  2.49965300e+00  3.86094201e+00  2.53135612e+00  2.52869472e+00 -3.29488832e-05 
 6.45614000e-02  2.49962371e+00  3.86373580e+00  2.53414382e+00  2.53151087e+00 -3.29287654e-05 
 6.45664000e-02  2.49959479e+00  3.86649562e+00  2.53689730e+00  2.53429538e+00 -3.29088922e-05 
 6.45714000e-02  2.49956628e+00  3.86921877e+00  2.53961387e+00  2.53704552e+00 -3.28892828e-05 
 6.45764000e-02  2.49953819e+00  3.87190257e+00  2.54229087e+00  2.53975861e+00 -3.28699564e-05 
 6.45814000e-02  2.49951056e+00  3.87454441e+00  2.54492567e+00  2.54243198e+00 -3.28509319e-05 
 6.45864000e-02  2.49948341e+00  3.87714170e+00  2.54751571e+00  2.54506303e+00 -3.28322278e-05 
 6.45914000e-02  2.49945677e+00  3.87969192e+00  2.55005846e+00  2.54764918e+00 -3.28138624e-05 
 6.45964000e-02  2.49943066e+00  3.88219256e+00  2.55255143e+00  2.55018791e+00 -3.27958534e-05 
 6.46014000e-02  2.49940512e+00  3.88464119e+00  2.55499220e+00  2.55267673e+00 -3.27782185e-05 
 6.46064000e-02  2.49938017e+00  3.88703543e+00  2.55737839e+00  2.55511323e+00 -3.27609746e-05 
 6.46114000e-02  2.49935582e+00  3.88937295e+00  2.55970766e+00  2.55749503e+00 -3.27441386e-05 
 6.46164000e-02  2.49933212e+00  3.89165146e+00  2.56197777e+00  2.55981981e+00 -3.27277268e-05 
 6.46214000e-02  2.49930907e+00  3.89386877e+00  2.56418650e+00  2.56208532e+00 -3.27117550e-05 
 6.46264000e-02  2.49928670e+00  3.89602270e+00  2.56633171e+00  2.56428933e+00 -3.26962387e-05 
 6.46314000e-02  2.49926504e+00  3.89811118e+00  2.56841130e+00  2.56642973e+00 -3.26811928e-05 
 6.46364000e-02  2.49924410e+00  3.90013217e+00  2.57042328e+00  2.56850443e+00 -3.26666320e-05 
 6.46414000e-02  2.49922391e+00  3.90208372e+00  2.57236568e+00  2.57051141e+00 -3.26525703e-05 
 6.46464000e-02  2.49920448e+00  3.90396393e+00  2.57423663e+00  2.57244873e+00 -3.26390211e-05 
 6.46514000e-02  2.49918584e+00  3.90577100e+00  2.57603432e+00  2.57431453e+00 -3.26259976e-05 
 6.46564000e-02  2.49916801e+00  3.90750316e+00  2.57775699e+00  2.57610698e+00 -3.26135123e-05 
 6.46614000e-02  2.49915099e+00  3.90915874e+00  2.57940300e+00  2.57782435e+00 -3.26015772e-05 
 6.46664000e-02  2.49913481e+00  3.91073615e+00  2.58097075e+00  2.57946499e+00 -3.25902038e-05 
 6.46714000e-02  2.49911949e+00  3.91223386e+00  2.58245873e+00  2.58102732e+00 -3.25794030e-05 
 6.46764000e-02  2.49910503e+00  3.91365042e+00  2.58386549e+00  2.58250981e+00 -3.25691851e-05 
 6.46814000e-02  2.49909146e+00  3.91498447e+00  2.58518969e+00  2.58391105e+00 -3.25595600e-05 
 6.46864000e-02  2.49907879e+00  3.91623473e+00  2.58643004e+00  2.58522967e+00 -3.25505368e-05 
 6.46914000e-02  2.49906702e+00  3.91739998e+00  2.58758536e+00  2.58646441e+00 -3.25421243e-05 
 6.46964000e-02  2.49905618e+00  3.91847910e+00  2.58865452e+00  2.58761408e+00 -3.25343304e-05 
 6.47014000e-02  2.49904626e+00  3.91947107e+00  2.58963651e+00  2.58867758e+00 -3.25271627e-05 
 6.47064000e-02  2.49903729e+00  3.92037491e+00  2.59053036e+00  2.58965387e+00 -3.25206280e-05 
 6.47114000e-02  2.49902927e+00  3.92118976e+00  2.59133523e+00  2.59054201e+00 -3.25147325e-05 
 6.47164000e-02  2.49902220e+00  3.92191484e+00  2.59205035e+00  2.59134116e+00 -3.25094818e-05 
 6.47214000e-02  2.49901610e+00  3.92254945e+00  2.59267501e+00  2.59205055e+00 -3.25048811e-05 
 6.47264000e-02  2.49901097e+00  3.92309298e+00  2.59320863e+00  2.59266949e+00 -3.25009346e-05 
 6.47314000e-02  2.49900682e+00  3.92354491e+00  2.59365068e+00  2.59319738e+00 -3.24976462e-05 
 6.47364000e-02  2.49900365e+00  3.92390479e+00  2.59400075e+00  2.59363372e+00 -3.24950190e-05 
 6.47414000e-02  2.49900146e+00  3.92417230e+00  2.59425850e+00  2.59397810e+00 -3.24930555e-05 
 6.47464000e-02  2.49900026e+00  3.92434716e+00  2.59442368e+00  2.59423018e+00 -3.24917575e-05 
 6.47514000e-02  2.49900004e+00  3.92442922e+00  2.59449613e+00  2.59438971e+00 -3.24911264e-05 
 6.47564000e-02  2.49900081e+00  3.92441839e+00  2.59447578e+00  2.59445655e+00 -3.24911627e-05 
 6.47614000e-02  2.49900256e+00  3.92431468e+00  2.59436266e+00  2.59443063e+00 -3.24918664e-05 
 6.47664000e-02  2.49900530e+00  3.92411819e+00  2.59415686e+00  2.59431197e+00 -3.24932368e-05 
 6.47714000e-02  2.49900903e+00  3.92382912e+00  2.59385860e+00  2.59410069e+00 -3.24952727e-05 
 6.47764000e-02  2.49901373e+00  3.92344773e+00  2.59346815e+00  2.59379700e+00 -3.24979720e-05 
 6.47814000e-02  2.49901940e+00  3.92297440e+00  2.59298589e+00  2.59340118e+00 -3.25013323e-05 
 6.47864000e-02  2.49902604e+00  3.92240957e+00  2.59241228e+00  2.59291361e+00 -3.25053502e-05 
 6.47914000e-02  2.49903364e+00  3.92175380e+00  2.59174788e+00  2.59233477e+00 -3.25100221e-05 
 6.47964000e-02  2.49904220e+00  3.92100771e+00  2.59099332e+00  2.59166520e+00 -3.25153433e-05 
 6.48014000e-02  2.49905170e+00  3.92017201e+00  2.59014933e+00  2.59090556e+00 -3.25213089e-05 
 6.48064000e-02  2.49906214e+00  3.91924752e+00  2.58921672e+00  2.59005658e+00 -3.25279132e-05 
 6.48114000e-02  2.49907350e+00  3.91823512e+00  2.58819638e+00  2.58911906e+00 -3.25351498e-05 
 6.48164000e-02  2.49908577e+00  3.91713579e+00  2.58708931e+00  2.58809391e+00 -3.25430118e-05 
 6.48214000e-02  2.49909895e+00  3.91595058e+00  2.58589657e+00  2.58698213e+00 -3.25514917e-05 
 6.48264000e-02  2.49911302e+00  3.91468064e+00  2.58461930e+00  2.58578477e+00 -3.25605815e-05 
 6.48314000e-02  2.49912796e+00  3.91332719e+00  2.58325873e+00  2.58450300e+00 -3.25702723e-05 
 6.48364000e-02  2.49914377e+00  3.91189154e+00  2.58181619e+00  2.58313804e+00 -3.25805549e-05 
 6.48414000e-02  2.49916042e+00  3.91037506e+00  2.58029305e+00  2.58169122e+00 -3.25914195e-05 
 6.48464000e-02  2.49917790e+00  3.90877923e+00  2.57869080e+00  2.58016393e+00 -3.26028556e-05 
 6.48514000e-02  2.49919618e+00  3.90710558e+00  2.57701097e+00  2.57855765e+00 -3.26148522e-05 
 6.48564000e-02  2.49921527e+00  3.90535573e+00  2.57525520e+00  2.57687392e+00 -3.26273979e-05 
 6.48614000e-02  2.49923512e+00  3.90353138e+00  2.57342517e+00  2.57511438e+00 -3.26404805e-05 
 6.48664000e-02  2.49925574e+00  3.90163429e+00  2.57152266e+00  2.57328073e+00 -3.26540875e-05 
 6.48714000e-02  2.49927708e+00  3.89966629e+00  2.56954952e+00  2.57137473e+00 -3.26682057e-05 
 6.48764000e-02  2.49929914e+00  3.89762929e+00  2.56750765e+00  2.56939824e+00 -3.26828216e-05 
 6.48814000e-02  2.49932189e+00  3.89552528e+00  2.56539903e+00  2.56735317e+00 -3.26979211e-05 
 6.48864000e-02  2.49934531e+00  3.89335628e+00  2.56322571e+00  2.56524150e+00 -3.27134895e-05 
 6.48914000e-02  2.49936938e+00  3.89112440e+00  2.56098980e+00  2.56306529e+00 -3.27295118e-05 
 6.48964000e-02  2.49939407e+00  3.88883182e+00  2.55869347e+00  2.56082664e+00 -3.27459726e-05 
 6.49014000e-02  2.49941935e+00  3.88648076e+00  2.55633896e+00  2.55852774e+00 -3.27628558e-05 
 6.49064000e-02  2.49944521e+00  3.88407351e+00  2.55392855e+00  2.55617080e+00 -3.27801452e-05 
 6.49114000e-02  2.49947162e+00  3.88161241e+00  2.55146460e+00  2.55375814e+00 -3.27978239e-05 
 6.49164000e-02  2.49949855e+00  3.87909986e+00  2.54894949e+00  2.55129210e+00 -3.28158748e-05 
 6.49214000e-02  2.49952597e+00  3.87653832e+00  2.54638570e+00  2.54877509e+00 -3.28342803e-05 
 6.49264000e-02  2.49955386e+00  3.87393027e+00  2.54377572e+00  2.54620955e+00 -3.28530226e-05 
 6.49314000e-02  2.49958220e+00  3.87127828e+00  2.54112209e+00  2.54359799e+00 -3.28720833e-05 
 6.49364000e-02  2.49961094e+00  3.86858493e+00  2.53842741e+00  2.54094296e+00 -3.28914439e-05 
 6.49414000e-02  2.49964007e+00  3.86585285e+00  2.53569433e+00  2.53824707e+00 -3.29110855e-05 
 6.49464000e-02  2.49966955e+00  3.86308473e+00  2.53292551e+00  2.53551294e+00 -3.29309889e-05 
 6.49514000e-02  2.49969936e+00  3.86028327e+00  2.53012367e+00  2.53274325e+00 -3.29511346e-05 
 6.49564000e-02  2.49972947e+00  3.85745122e+00  2.52729155e+00  2.52994072e+00 -3.29715030e-05 
 6.49614000e-02  2.49975984e+00  3.85459136e+00  2.52443193e+00  2.52710810e+00 -3.29920740e-05 
 6.49664000e-02  2.49979045e+00  3.85170650e+00  2.52154763e+00  2.52424816e+00 -3.30128276e-05 
 6.49714000e-02  2.49982127e+00  3.84879947e+00  2.51864148e+00  2.52136371e+00 -3.30337433e-05 
 6.49764000e-02  2.49985226e+00  3.84587313e+00  2.51571633e+00  2.51845760e+00 -3.30548005e-05 
 6.49814000e-02  2.49988340e+00  3.84293037e+00  2.51277507e+00  2.51553267e+00 -3.30759786e-05 
 6.49864000e-02  2.49991465e+00  3.83997408e+00  2.50982058e+00  2.51259181e+00 -3.30972568e-05 
 6.49914000e-02  2.49994599e+00  3.83700717e+00  2.50685580e+00  2.50963791e+00 -3.31186140e-05 
 6.49964000e-02  2.49997738e+00  3.83403257e+00  2.50388363e+00  2.50667388e+00 -3.31400292e-05 
 6.50014000e-02  2.50000880e+00  3.83105322e+00  2.50090701e+00  2.50370266e+00 -3.31614813e-05 
 6.50064000e-02  2.50004020e+00  3.82807207e+00  2.49792889e+00  2.50072717e+00 -3.31829490e-05 
 6.50114000e-02  2.50007157e+00  3.82509205e+00  2.49495220e+00  2.49775034e+00 -3.32044112e-05 
 6.50164000e-02  2.50010286e+00  3.82211611e+00  2.49197989e+00  2.49477514e+00 -3.32258466e-05 
 6.50214000e-02  2.50013406e+00  3.81914721e+00  2.48901491e+00  2.49180449e+00 -3.32472339e-05 
 6.50264000e-02  2.50016512e+00  3.81618827e+00  2.48606018e+00  2.48884133e+00 -3.32685520e-05 
 6.50314000e-02  2.50019601e+00  3.81324224e+00  2.48311865e+00  2.48588861e+00 -3.32897798e-05 
 6.50364000e-02  2.50022672e+00  3.81031203e+00  2.48019321e+00  2.48294925e+00 -3.33108961e-05 
 6.50414000e-02  2.50025720e+00  3.80740056e+00  2.47728679e+00  2.48002616e+00 -3.33318799e-05 
 6.50464000e-02  2.50028743e+00  3.80451071e+00  2.47440226e+00  2.47712225e+00 -3.33527105e-05 
 6.50514000e-02  2.50031737e+00  3.80164535e+00  2.47154248e+00  2.47424039e+00 -3.33733670e-05 
 6.50564000e-02  2.50034700e+00  3.79880733e+00  2.46871031e+00  2.47138345e+00 -3.33938290e-05 
 6.50614000e-02  2.50037629e+00  3.79599948e+00  2.46590855e+00  2.46855427e+00 -3.34140759e-05 
 6.50664000e-02  2.50040521e+00  3.79322458e+00  2.46314000e+00  2.46575566e+00 -3.34340877e-05 
 6.50714000e-02  2.50043372e+00  3.79048540e+00  2.46040741e+00  2.46299041e+00 -3.34538443e-05 
 6.50764000e-02  2.50046181e+00  3.78778467e+00  2.45771350e+00  2.46026128e+00 -3.34733261e-05 
 6.50814000e-02  2.50048944e+00  3.78512508e+00  2.45506096e+00  2.45757097e+00 -3.34925135e-05 
 6.50864000e-02  2.50051659e+00  3.78250928e+00  2.45245243e+00  2.45492217e+00 -3.35113875e-05 
 6.50914000e-02  2.50054323e+00  3.77993987e+00  2.44989052e+00  2.45231752e+00 -3.35299290e-05 
 6.50964000e-02  2.50056934e+00  3.77741943e+00  2.44737777e+00  2.44975962e+00 -3.35481196e-05 
 6.51014000e-02  2.50059488e+00  3.77495047e+00  2.44491671e+00  2.44725102e+00 -3.35659410e-05 
 6.51064000e-02  2.50061983e+00  3.77253546e+00  2.44250978e+00  2.44479423e+00 -3.35833754e-05 
 6.51114000e-02  2.50064418e+00  3.77017680e+00  2.44015939e+00  2.44239170e+00 -3.36004054e-05 
 6.51164000e-02  2.50066788e+00  3.76787685e+00  2.43786789e+00  2.44004582e+00 -3.36170137e-05 
 6.51214000e-02  2.50069093e+00  3.76563792e+00  2.43563757e+00  2.43775895e+00 -3.36331839e-05 
 6.51264000e-02  2.50071330e+00  3.76346224e+00  2.43347066e+00  2.43553337e+00 -3.36488995e-05 
 6.51314000e-02  2.50073496e+00  3.76135199e+00  2.43136933e+00  2.43337130e+00 -3.36641450e-05 
 6.51364000e-02  2.50075590e+00  3.75930928e+00  2.42933568e+00  2.43127491e+00 -3.36789048e-05 
 6.51414000e-02  2.50077609e+00  3.75733616e+00  2.42737175e+00  2.42924630e+00 -3.36931643e-05 
 6.51464000e-02  2.50079552e+00  3.75543460e+00  2.42547950e+00  2.42728750e+00 -3.37069091e-05 
 6.51514000e-02  2.50081416e+00  3.75360650e+00  2.42366084e+00  2.42540047e+00 -3.37201253e-05 
 6.51564000e-02  2.50083199e+00  3.75185370e+00  2.42191757e+00  2.42358709e+00 -3.37327996e-05 
 6.51614000e-02  2.50084901e+00  3.75017796e+00  2.42025146e+00  2.42184919e+00 -3.37449194e-05 
 6.51664000e-02  2.50086519e+00  3.74858095e+00  2.41866416e+00  2.42018851e+00 -3.37564723e-05 
 6.51714000e-02  2.50088051e+00  3.74706427e+00  2.41715728e+00  2.41860671e+00 -3.37674469e-05 
 6.51764000e-02  2.50089497e+00  3.74562945e+00  2.41573231e+00  2.41710538e+00 -3.37778319e-05 
 6.51814000e-02  2.50090854e+00  3.74427792e+00  2.41439070e+00  2.41568602e+00 -3.37876170e-05 
 6.51864000e-02  2.50092121e+00  3.74301104e+00  2.41313378e+00  2.41435006e+00 -3.37967923e-05 
 6.51914000e-02  2.50093298e+00  3.74183009e+00  2.41196282e+00  2.41309884e+00 -3.38053485e-05 
 6.51964000e-02  2.50094382e+00  3.74073624e+00  2.41087899e+00  2.41193361e+00 -3.38132771e-05 
 6.52014000e-02  2.50095374e+00  3.73973059e+00  2.40988338e+00  2.41085554e+00 -3.38205700e-05 
 6.52064000e-02  2.50096271e+00  3.73881415e+00  2.40897699e+00  2.40986571e+00 -3.38272199e-05 
 6.52114000e-02  2.50097073e+00  3.73798785e+00  2.40816073e+00  2.40896512e+00 -3.38332200e-05 
 6.52164000e-02  2.50097780e+00  3.73725251e+00  2.40743542e+00  2.40815467e+00 -3.38385644e-05 
 6.52214000e-02  2.50098390e+00  3.73660886e+00  2.40680179e+00  2.40743518e+00 -3.38432476e-05 
 6.52264000e-02  2.50098903e+00  3.73605757e+00  2.40626047e+00  2.40680737e+00 -3.38472649e-05 
 6.52314000e-02  2.50099318e+00  3.73559917e+00  2.40581200e+00  2.40627186e+00 -3.38506122e-05 
 6.52364000e-02  2.50099635e+00  3.73523414e+00  2.40545685e+00  2.40582920e+00 -3.38532862e-05 
 6.52414000e-02  2.50099854e+00  3.73496283e+00  2.40519535e+00  2.40547982e+00 -3.38552843e-05 
 6.52464000e-02  2.50099974e+00  3.73478552e+00  2.40502779e+00  2.40522409e+00 -3.38566042e-05 
 6.52514000e-02  2.50099996e+00  3.73470238e+00  2.40495431e+00  2.40506226e+00 -3.38572449e-05 
 6.52564000e-02  2.50099919e+00  3.73471351e+00  2.40497501e+00  2.40499448e+00 -3.38572055e-05 
 6.52614000e-02  2.50099744e+00  3.73481888e+00  2.40508985e+00  2.40502084e+00 -3.38564862e-05 
 6.52664000e-02  2.50099470e+00  3.73501839e+00  2.40529873e+00  2.40514129e+00 -3.38550876e-05 
 6.52714000e-02  2.50099097e+00  3.73531185e+00  2.40560143e+00  2.40535573e+00 -3.38530112e-05 
 6.52764000e-02  2.50098627e+00  3.73569896e+00  2.40599764e+00  2.40566393e+00 -3.38502591e-05 
 6.52814000e-02  2.50098060e+00  3.73617932e+00  2.40648698e+00  2.40606558e+00 -3.38468341e-05 
 6.52864000e-02  2.50097396e+00  3.73675246e+00  2.40706895e+00  2.40656029e+00 -3.38427395e-05 
 6.52914000e-02  2.50096636e+00  3.73741779e+00  2.40774295e+00  2.40714755e+00 -3.38379797e-05 
 6.52964000e-02  2.50095780e+00  3.73817466e+00  2.40850833e+00  2.40782678e+00 -3.38325593e-05 
 6.53014000e-02  2.50094830e+00  3.73902230e+00  2.40936431e+00  2.40859729e+00 -3.38264838e-05 
 6.53064000e-02  2.50093786e+00  3.73995986e+00  2.41031002e+00  2.40945832e+00 -3.38197594e-05 
 6.53114000e-02  2.50092650e+00  3.74098640e+00  2.41134453e+00  2.41040898e+00 -3.38123929e-05 
 6.53164000e-02  2.50091423e+00  3.74210089e+00  2.41246679e+00  2.41144834e+00 -3.38043916e-05 
 6.53214000e-02  2.50090105e+00  3.74330221e+00  2.41367567e+00  2.41257535e+00 -3.37957638e-05 
 6.53264000e-02  2.50088698e+00  3.74458915e+00  2.41496997e+00  2.41378887e+00 -3.37865179e-05 
 6.53314000e-02  2.50087204e+00  3.74596043e+00  2.41634838e+00  2.41508769e+00 -3.37766635e-05 
 6.53364000e-02  2.50085623e+00  3.74741466e+00  2.41780952e+00  2.41647051e+00 -3.37662103e-05 
 6.53414000e-02  2.50083958e+00  3.74895039e+00  2.41935193e+00  2.41793594e+00 -3.37551690e-05 
 6.53464000e-02  2.50082210e+00  3.75056608e+00  2.42097406e+00  2.41948250e+00 -3.37435507e-05 
 6.53514000e-02  2.50080382e+00  3.75226011e+00  2.42267428e+00  2.42110866e+00 -3.37313670e-05 
 6.53564000e-02  2.50078473e+00  3.75403078e+00  2.42445089e+00  2.42281277e+00 -3.37186303e-05 
 6.53614000e-02  2.50076488e+00  3.75587632e+00  2.42630211e+00  2.42459314e+00 -3.37053534e-05 
 6.53664000e-02  2.50074426e+00  3.75779488e+00  2.42822608e+00  2.42644797e+00 -3.36915495e-05 
 6.53714000e-02  2.50072292e+00  3.75978453e+00  2.43022089e+00  2.42837541e+00 -3.36772327e-05 
 6.53764000e-02  2.50070086e+00  3.76184328e+00  2.43228452e+00  2.43037353e+00 -3.36624172e-05 
 6.53814000e-02  2.50067811e+00  3.76396908e+00  2.43441492e+00  2.43244033e+00 -3.36471180e-05 
 6.53864000e-02  2.50065469e+00  3.76615980e+00  2.43660995e+00  2.43457373e+00 -3.36313505e-05 
 6.53914000e-02  2.50063062e+00  3.76841324e+00  2.43886742e+00  2.43677162e+00 -3.36151304e-05 
 6.53964000e-02  2.50060593e+00  3.77072716e+00  2.44118507e+00  2.43903177e+00 -3.35984741e-05 
 6.54014000e-02  2.50058065e+00  3.77309923e+00  2.44356058e+00  2.44135195e+00 -3.35813983e-05 
 6.54064000e-02  2.50055479e+00  3.77552709e+00  2.44599159e+00  2.44372982e+00 -3.35639200e-05 
 6.54114000e-02  2.50052838e+00  3.77800831e+00  2.44847565e+00  2.44616301e+00 -3.35460569e-05 
 6.54164000e-02  2.50050145e+00  3.78054042e+00  2.45101030e+00  2.44864910e+00 -3.35278268e-05 
 6.54214000e-02  2.50047403e+00  3.78312088e+00  2.45359300e+00  2.45118559e+00 -3.35092479e-05 
 6.54264000e-02  2.50044614e+00  3.78574714e+00  2.45622118e+00  2.45376997e+00 -3.34903389e-05 
 6.54314000e-02  2.50041780e+00  3.78841655e+00  2.45889221e+00  2.45639964e+00 -3.34711186e-05 
 6.54364000e-02  2.50038906e+00  3.79112647e+00  2.46160343e+00  2.45907199e+00 -3.34516062e-05 
 6.54414000e-02  2.50035993e+00  3.79387420e+00  2.46435215e+00  2.46178435e+00 -3.34318214e-05 
 6.54464000e-02  2.50033045e+00  3.79665699e+00  2.46713562e+00  2.46453402e+00 -3.34117837e-05 
 6.54514000e-02  2.50030064e+00  3.79947209e+00  2.46995107e+00  2.46731827e+00 -3.33915132e-05 
 6.54564000e-02  2.50027053e+00  3.80231668e+00  2.47279571e+00  2.47013433e+00 -3.33710300e-05 
 6.54614000e-02  2.50024016e+00  3.80518794e+00  2.47566670e+00  2.47297938e+00 -3.33503547e-05 
 6.54664000e-02  2.50020955e+00  3.80808302e+00  2.47856120e+00  2.47585061e+00 -3.33295078e-05 
 6.54714000e-02  2.50017873e+00  3.81099904e+00  2.48147632e+00  2.47874516e+00 -3.33085099e-05 
 6.54764000e-02  2.50014774e+00  3.81393311e+00  2.48440918e+00  2.48166016e+00 -3.32873821e-05 
 6.54814000e-02  2.50011660e+00  3.81688231e+00  2.48735687e+00  2.48459271e+00 -3.32661452e-05 
 6.54864000e-02  2.50008535e+00  3.81984373e+00  2.49031646e+00  2.48753990e+00 -3.32448203e-05 
 6.54914000e-02  2.50005401e+00  3.82281443e+00  2.49328502e+00  2.49049882e+00 -3.32234287e-05 
 6.54964000e-02  2.50002262e+00  3.82579147e+00  2.49625961e+00  2.49346652e+00 -3.32019914e-05 
 6.55014000e-02  2.49999120e+00  3.82877190e+00  2.49923729e+00  2.49644009e+00 -3.31805297e-05 
 6.55064000e-02  2.49995980e+00  3.83175278e+00  2.50221512e+00  2.49941656e+00 -3.31590649e-05 
 6.55114000e-02  2.49992843e+00  3.83473115e+00  2.50519015e+00  2.50239300e+00 -3.31376181e-05 
 6.55164000e-02  2.49989714e+00  3.83770409e+00  2.50815944e+00  2.50536647e+00 -3.31162106e-05 
 6.55214000e-02  2.49986594e+00  3.84066865e+00  2.51112007e+00  2.50833403e+00 -3.30948634e-05 
 6.55264000e-02  2.49983488e+00  3.84362191e+00  2.51406911e+00  2.51129275e+00 -3.30735976e-05 
 6.55314000e-02  2.49980399e+00  3.84656096e+00  2.51700367e+00  2.51423972e+00 -3.30524342e-05 
 6.55364000e-02  2.49977328e+00  3.84948291e+00  2.51992084e+00  2.51717203e+00 -3.30313939e-05 
 6.55414000e-02  2.49974280e+00  3.85238488e+00  2.52281776e+00  2.52008680e+00 -3.30104975e-05 
 6.55464000e-02  2.49971257e+00  3.85526403e+00  2.52569158e+00  2.52298115e+00 -3.29897654e-05 
 6.55514000e-02  2.49968263e+00  3.85811751e+00  2.52853948e+00  2.52585225e+00 -3.29692180e-05 
 6.55564000e-02  2.49965300e+00  3.86094253e+00  2.53135866e+00  2.52869726e+00 -3.29488755e-05 
 6.55614000e-02  2.49962371e+00  3.86373632e+00  2.53414636e+00  2.53151341e+00 -3.29287578e-05 
 6.55664000e-02  2.49959479e+00  3.86649614e+00  2.53689984e+00  2.53429792e+00 -3.29088845e-05 
 6.55714000e-02  2.49956628e+00  3.86921928e+00  2.53961641e+00  2.53704806e+00 -3.28892751e-05 
 6.55764000e-02  2.49953819e+00  3.87190309e+00  2.54229341e+00  2.53976115e+00 -3.28699487e-05 
 6.55814000e-02  2.49951056e+00  3.87454493e+00  2.54492821e+00  2.54243452e+00 -3.28509242e-05 
 6.55864000e-02  2.49948341e+00  3.87714222e+00  2.54751825e+00  2.54506557e+00 -3.28322202e-05 
 6.55914000e-02  2.49945677e+00  3.87969243e+00  2.55006100e+00  2.54765172e+00 -3.28138547e-05 
 6.55964000e-02  2.49943066e+00  3.88219308e+00  2.55255397e+00  2.55019045e+00 -3.27958458e-05 
 6.56014000e-02  2.49940512e+00  3.88464171e+00  2.55499474e+00  2.55267927e+00 -3.27782108e-05 
 6.56064000e-02  2.49938017e+00  3.88703595e+00  2.55738093e+00  2.55511577e+00 -3.27609670e-05 
 6.56114000e-02  2.49935582e+00  3.88937347e+00  2.55971021e+00  2.55749757e+00 -3.27441310e-05 
 6.56164000e-02  2.49933212e+00  3.89165198e+00  2.56198031e+00  2.55982235e+00 -3.27277191e-05 
 6.56214000e-02  2.49930907e+00  3.89386928e+00  2.56418904e+00  2.56208786e+00 -3.27117473e-05 
 6.56264000e-02  2.49928670e+00  3.89602322e+00  2.56633425e+00  2.56429187e+00 -3.26962310e-05 
 6.56314000e-02  2.49926504e+00  3.89811170e+00  2.56841384e+00  2.56643227e+00 -3.26811852e-05 
 6.56364000e-02  2.49924410e+00  3.90013269e+00  2.57042582e+00  2.56850697e+00 -3.26666244e-05 
 6.56414000e-02  2.49922391e+00  3.90208424e+00  2.57236822e+00  2.57051395e+00 -3.26525626e-05 
 6.56464000e-02  2.49920448e+00  3.90396446e+00  2.57423917e+00  2.57245128e+00 -3.26390134e-05 
 6.56514000e-02  2.49918584e+00  3.90577152e+00  2.57603686e+00  2.57431707e+00 -3.26259900e-05 
 6.56564000e-02  2.49916801e+00  3.90750368e+00  2.57775953e+00  2.57610952e+00 -3.26135047e-05 
 6.56614000e-02  2.49915099e+00  3.90915926e+00  2.57940554e+00  2.57782689e+00 -3.26015696e-05 
 6.56664000e-02  2.49913481e+00  3.91073667e+00  2.58097329e+00  2.57946754e+00 -3.25901961e-05 
 6.56714000e-02  2.49911949e+00  3.91223438e+00  2.58246127e+00  2.58102986e+00 -3.25793953e-05 
 6.56764000e-02  2.49910503e+00  3.91365095e+00  2.58386803e+00  2.58251235e+00 -3.25691774e-05 
 6.56814000e-02  2.49909146e+00  3.91498500e+00  2.58519223e+00  2.58391359e+00 -3.25595523e-05 
 6.56864000e-02  2.49907879e+00  3.91623525e+00  2.58643258e+00  2.58523221e+00 -3.25505291e-05 
 6.56914000e-02  2.49906702e+00  3.91740050e+00  2.58758790e+00  2.58646696e+00 -3.25421166e-05 
 6.56964000e-02  2.49905618e+00  3.91847963e+00  2.58865706e+00  2.58761663e+00 -3.25343227e-05 
 6.57014000e-02  2.49904626e+00  3.91947159e+00  2.58963905e+00  2.58868012e+00 -3.25271550e-05 
 6.57064000e-02  2.49903729e+00  3.92037543e+00  2.59053291e+00  2.58965641e+00 -3.25206203e-05 
 6.57114000e-02  2.49902927e+00  3.92119029e+00  2.59133778e+00  2.59054456e+00 -3.25147248e-05 
 6.57164000e-02  2.49902220e+00  3.92191537e+00  2.59205289e+00  2.59134371e+00 -3.25094741e-05 
 6.57214000e-02  2.49901610e+00  3.92254998e+00  2.59267755e+00  2.59205309e+00 -3.25048734e-05 
 6.57264000e-02  2.49901097e+00  3.92309351e+00  2.59321117e+00  2.59267203e+00 -3.25009269e-05 
 6.57314000e-02  2.49900682e+00  3.92354543e+00  2.59365322e+00  2.59319992e+00 -3.24976385e-05 
 6.57364000e-02  2.49900365e+00  3.92390532e+00  2.59400329e+00  2.59363627e+00 -3.24950113e-05 
 6.57414000e-02  2.49900146e+00  3.92417283e+00  2.59426104e+00  2.59398064e+00 -3.24930478e-05 
 6.57464000e-02  2.49900026e+00  3.92434769e+00  2.59442622e+00  2.59423272e+00 -3.24917498e-05 
 6.57514000e-02  2.49900004e+00  3.92442975e+00  2.59449867e+00  2.59439225e+00 -3.24911187e-05 
 6.57564000e-02  2.49900081e+00  3.92441892e+00  2.59447833e+00  2.59445909e+00 -3.24911550e-05 
 6.57614000e-02  2.49900256e+00  3.92431521e+00  2.59436520e+00  2.59443317e+00 -3.24918587e-05 
 6.57664000e-02  2.49900530e+00  3.92411873e+00  2.59415941e+00  2.59431451e+00 -3.24932291e-05 
 6.57714000e-02  2.49900903e+00  3.92382965e+00  2.59386114e+00  2.59410324e+00 -3.24952649e-05 
 6.57764000e-02  2.49901373e+00  3.92344826e+00  2.59347069e+00  2.59379954e+00 -3.24979643e-05 
 6.57814000e-02  2.49901940e+00  3.92297493e+00  2.59298843e+00  2.59340372e+00 -3.25013245e-05 
 6.57864000e-02  2.49902604e+00  3.92241010e+00  2.59241483e+00  2.59291616e+00 -3.25053425e-05 
 6.57914000e-02  2.49903364e+00  3.92175433e+00  2.59175042e+00  2.59233731e+00 -3.25100143e-05 
 6.57964000e-02  2.49904220e+00  3.92100824e+00  2.59099586e+00  2.59166775e+00 -3.25153356e-05 
 6.58014000e-02  2.49905170e+00  3.92017255e+00  2.59015187e+00  2.59090811e+00 -3.25213012e-05 
 6.58064000e-02  2.49906214e+00  3.91924806e+00  2.58921926e+00  2.59005912e+00 -3.25279054e-05 
 6.58114000e-02  2.49907350e+00  3.91823566e+00  2.58819893e+00  2.58912161e+00 -3.25351420e-05 
 6.58164000e-02  2.49908577e+00  3.91713633e+00  2.58709186e+00  2.58809646e+00 -3.25430040e-05 
 6.58214000e-02  2.49909895e+00  3.91595112e+00  2.58589912e+00  2.58698468e+00 -3.25514840e-05 
 6.58264000e-02  2.49911302e+00  3.91468118e+00  2.58462185e+00  2.58578732e+00 -3.25605737e-05 
 6.58314000e-02  2.49912796e+00  3.91332773e+00  2.58326128e+00  2.58450555e+00 -3.25702645e-05 
 6.58364000e-02  2.49914377e+00  3.91189207e+00  2.58181874e+00  2.58314059e+00 -3.25805471e-05 
 6.58414000e-02  2.49916042e+00  3.91037560e+00  2.58029561e+00  2.58169377e+00 -3.25914117e-05 
 6.58464000e-02  2.49917790e+00  3.90877977e+00  2.57869335e+00  2.58016648e+00 -3.26028478e-05 
 6.58514000e-02  2.49919618e+00  3.90710612e+00  2.57701352e+00  2.57856020e+00 -3.26148444e-05 
 6.58564000e-02  2.49921527e+00  3.90535627e+00  2.57525775e+00  2.57687648e+00 -3.26273901e-05 
 6.58614000e-02  2.49923512e+00  3.90353192e+00  2.57342772e+00  2.57511693e+00 -3.26404727e-05 
 6.58664000e-02  2.49925574e+00  3.90163483e+00  2.57152522e+00  2.57328328e+00 -3.26540797e-05 
 6.58714000e-02  2.49927708e+00  3.89966683e+00  2.56955207e+00  2.57137728e+00 -3.26681979e-05 
 6.58764000e-02  2.49929914e+00  3.89762984e+00  2.56751020e+00  2.56940079e+00 -3.26828138e-05 
 6.58814000e-02  2.49932189e+00  3.89552582e+00  2.56540158e+00  2.56735572e+00 -3.26979132e-05 
 6.58864000e-02  2.49934531e+00  3.89335682e+00  2.56322826e+00  2.56524406e+00 -3.27134816e-05 
 6.58914000e-02  2.49936938e+00  3.89112495e+00  2.56099236e+00  2.56306784e+00 -3.27295040e-05 
 6.58964000e-02  2.49939407e+00  3.88883237e+00  2.55869603e+00  2.56082920e+00 -3.27459647e-05 
 6.59014000e-02  2.49941935e+00  3.88648131e+00  2.55634151e+00  2.55853029e+00 -3.27628480e-05 
 6.59064000e-02  2.49944521e+00  3.88407406e+00  2.55393111e+00  2.55617336e+00 -3.27801373e-05 
 6.59114000e-02  2.49947162e+00  3.88161296e+00  2.55146715e+00  2.55376070e+00 -3.27978161e-05 
 6.59164000e-02  2.49949855e+00  3.87910041e+00  2.54895205e+00  2.55129466e+00 -3.28158669e-05 
 6.59214000e-02  2.49952597e+00  3.87653887e+00  2.54638826e+00  2.54877764e+00 -3.28342725e-05 
 6.59264000e-02  2.49955386e+00  3.87393083e+00  2.54377827e+00  2.54621210e+00 -3.28530147e-05 
 6.59314000e-02  2.49958220e+00  3.87127883e+00  2.54112465e+00  2.54360055e+00 -3.28720754e-05 
 6.59364000e-02  2.49961094e+00  3.86858548e+00  2.53842997e+00  2.54094552e+00 -3.28914360e-05 
 6.59414000e-02  2.49964007e+00  3.86585341e+00  2.53569689e+00  2.53824962e+00 -3.29110776e-05 
 6.59464000e-02  2.49966955e+00  3.86308529e+00  2.53292807e+00  2.53551550e+00 -3.29309810e-05 
 6.59514000e-02  2.49969936e+00  3.86028383e+00  2.53012623e+00  2.53274581e+00 -3.29511267e-05 
 6.59564000e-02  2.49972947e+00  3.85745178e+00  2.52729411e+00  2.52994328e+00 -3.29714951e-05 
 6.59614000e-02  2.49975984e+00  3.85459192e+00  2.52443450e+00  2.52711066e+00 -3.29920661e-05 
 6.59664000e-02  2.49979045e+00  3.85170706e+00  2.52155019e+00  2.52425072e+00 -3.30128197e-05 
 6.59714000e-02  2.49982127e+00  3.84880003e+00  2.51864404e+00  2.52136627e+00 -3.30337353e-05 
 6.59764000e-02  2.49985226e+00  3.84587369e+00  2.51571889e+00  2.51846016e+00 -3.30547926e-05 
 6.59814000e-02  2.49988340e+00  3.84293093e+00  2.51277763e+00  2.51553523e+00 -3.30759707e-05 
 6.59864000e-02  2.49991465e+00  3.83997464e+00  2.50982315e+00  2.51259437e+00 -3.30972489e-05 
 6.59914000e-02  2.49994599e+00  3.83700773e+00  2.50685836e+00  2.50964047e+00 -3.31186061e-05 
 6.59964000e-02  2.49997738e+00  3.83403313e+00  2.50388619e+00  2.50667645e+00 -3.31400213e-05 
 6.60014000e-02  2.50000880e+00  3.83105379e+00  2.50090958e+00  2.50370522e+00 -3.31614733e-05 
 6.60064000e-02  2.50004020e+00  3.82807263e+00  2.49793145e+00  2.50072973e+00 -3.31829411e-05 
 6.60114000e-02  2.50007157e+00  3.82509261e+00  2.49495477e+00  2.49775291e+00 -3.32044032e-05 
 6.60164000e-02  2.50010286e+00  3.82211668e+00  2.49198246e+00  2.49477770e+00 -3.32258386e-05 
 6.60214000e-02  2.50013406e+00  3.81914777e+00  2.48901748e+00  2.49180705e+00 -3.32472259e-05 
 6.60264000e-02  2.50016512e+00  3.81618884e+00  2.48606275e+00  2.48884390e+00 -3.32685441e-05 
 6.60314000e-02  2.50019601e+00  3.81324281e+00  2.48312122e+00  2.48589118e+00 -3.32897718e-05 
 6.60364000e-02  2.50022672e+00  3.81031260e+00  2.48019578e+00  2.48295182e+00 -3.33108881e-05 
 6.60414000e-02  2.50025720e+00  3.80740113e+00  2.47728936e+00  2.48002873e+00 -3.33318719e-05 
 6.60464000e-02  2.50028743e+00  3.80451128e+00  2.47440483e+00  2.47712481e+00 -3.33527025e-05 
 6.60514000e-02  2.50031737e+00  3.80164592e+00  2.47154505e+00  2.47424296e+00 -3.33733590e-05 
 6.60564000e-02  2.50034700e+00  3.79880790e+00  2.46871288e+00  2.47138602e+00 -3.33938209e-05 
 6.60614000e-02  2.50037629e+00  3.79600005e+00  2.46591112e+00  2.46855684e+00 -3.34140679e-05 
 6.60664000e-02  2.50040521e+00  3.79322515e+00  2.46314257e+00  2.46575823e+00 -3.34340797e-05 
 6.60714000e-02  2.50043372e+00  3.79048597e+00  2.46040998e+00  2.46299299e+00 -3.34538363e-05 
 6.60764000e-02  2.50046181e+00  3.78778524e+00  2.45771607e+00  2.46026385e+00 -3.34733181e-05 
 6.60814000e-02  2.50048944e+00  3.78512565e+00  2.45506353e+00  2.45757354e+00 -3.34925055e-05 
 6.60864000e-02  2.50051659e+00  3.78250985e+00  2.45245501e+00  2.45492474e+00 -3.35113794e-05 
 6.60914000e-02  2.50054323e+00  3.77994045e+00  2.44989309e+00  2.45232009e+00 -3.35299210e-05 
 6.60964000e-02  2.50056934e+00  3.77742001e+00  2.44738035e+00  2.44976220e+00 -3.35481115e-05 
 6.61014000e-02  2.50059488e+00  3.77495105e+00  2.44491928e+00  2.44725360e+00 -3.35659330e-05 
 6.61064000e-02  2.50061983e+00  3.77253603e+00  2.44251235e+00  2.44479680e+00 -3.35833674e-05 
 6.61114000e-02  2.50064418e+00  3.77017738e+00  2.44016196e+00  2.44239427e+00 -3.36003973e-05 
 6.61164000e-02  2.50066788e+00  3.76787743e+00  2.43787046e+00  2.44004840e+00 -3.36170057e-05 
 6.61214000e-02  2.50069093e+00  3.76563850e+00  2.43564014e+00  2.43776152e+00 -3.36331758e-05 
 6.61264000e-02  2.50071330e+00  3.76346282e+00  2.43347323e+00  2.43553594e+00 -3.36488914e-05 
 6.61314000e-02  2.50073496e+00  3.76135257e+00  2.43137190e+00  2.43337388e+00 -3.36641369e-05 
 6.61364000e-02  2.50075590e+00  3.75930986e+00  2.42933826e+00  2.43127749e+00 -3.36788967e-05 
 6.61414000e-02  2.50077609e+00  3.75733674e+00  2.42737433e+00  2.42924888e+00 -3.36931562e-05 
 6.61464000e-02  2.50079552e+00  3.75543518e+00  2.42548208e+00  2.42729008e+00 -3.37069009e-05 
 6.61514000e-02  2.50081416e+00  3.75360709e+00  2.42366342e+00  2.42540304e+00 -3.37201171e-05 
 6.61564000e-02  2.50083199e+00  3.75185429e+00  2.42192015e+00  2.42358967e+00 -3.37327915e-05 
 6.61614000e-02  2.50084901e+00  3.75017854e+00  2.42025404e+00  2.42185177e+00 -3.37449113e-05 
 6.61664000e-02  2.50086519e+00  3.74858153e+00  2.41866674e+00  2.42019109e+00 -3.37564642e-05 
 6.61714000e-02  2.50088051e+00  3.74706486e+00  2.41715986e+00  2.41860929e+00 -3.37674387e-05 
 6.61764000e-02  2.50089497e+00  3.74563004e+00  2.41573489e+00  2.41710796e+00 -3.37778238e-05 
 6.61814000e-02  2.50090854e+00  3.74427851e+00  2.41439328e+00  2.41568860e+00 -3.37876089e-05 
 6.61864000e-02  2.50092121e+00  3.74301163e+00  2.41313636e+00  2.41435264e+00 -3.37967842e-05 
 6.61914000e-02  2.50093298e+00  3.74183068e+00  2.41196540e+00  2.41310142e+00 -3.38053404e-05 
 6.61964000e-02  2.50094382e+00  3.74073682e+00  2.41088157e+00  2.41193619e+00 -3.38132690e-05 
 6.62014000e-02  2.50095374e+00  3.73973118e+00  2.40988596e+00  2.41085812e+00 -3.38205618e-05 
 6.62064000e-02  2.50096271e+00  3.73881474e+00  2.40897957e+00  2.40986829e+00 -3.38272117e-05 
 6.62114000e-02  2.50097073e+00  3.73798844e+00  2.40816332e+00  2.40896770e+00 -3.38332118e-05 
 6.62164000e-02  2.50097780e+00  3.73725310e+00  2.40743800e+00  2.40815726e+00 -3.38385562e-05 
 6.62214000e-02  2.50098390e+00  3.73660946e+00  2.40680437e+00  2.40743776e+00 -3.38432394e-05 
 6.62264000e-02  2.50098903e+00  3.73605816e+00  2.40626305e+00  2.40680995e+00 -3.38472567e-05 
 6.62314000e-02  2.50099318e+00  3.73559977e+00  2.40581459e+00  2.40627444e+00 -3.38506040e-05 
 6.62364000e-02  2.50099635e+00  3.73523473e+00  2.40545943e+00  2.40583178e+00 -3.38532781e-05 
 6.62414000e-02  2.50099854e+00  3.73496342e+00  2.40519794e+00  2.40548241e+00 -3.38552761e-05 
 6.62464000e-02  2.50099974e+00  3.73478611e+00  2.40503037e+00  2.40522668e+00 -3.38565961e-05 
 6.62514000e-02  2.50099996e+00  3.73470298e+00  2.40495690e+00  2.40506484e+00 -3.38572367e-05 
 6.62564000e-02  2.50099919e+00  3.73471410e+00  2.40497759e+00  2.40499707e+00 -3.38571973e-05 
 6.62614000e-02  2.50099744e+00  3.73481947e+00  2.40509244e+00  2.40502342e+00 -3.38564780e-05 
 6.62664000e-02  2.50099470e+00  3.73501899e+00  2.40530131e+00  2.40514388e+00 -3.38550794e-05 
 6.62714000e-02  2.50099097e+00  3.73531245e+00  2.40560401e+00  2.40535831e+00 -3.38530030e-05 
 6.62764000e-02  2.50098627e+00  3.73569955e+00  2.40600023e+00  2.40566651e+00 -3.38502509e-05 
 6.62814000e-02  2.50098060e+00  3.73617992e+00  2.40648957e+00  2.40606817e+00 -3.38468259e-05 
 6.62864000e-02  2.50097396e+00  3.73675305e+00  2.40707153e+00  2.40656288e+00 -3.38427313e-05 
 6.62914000e-02  2.50096636e+00  3.73741839e+00  2.40774554e+00  2.40715014e+00 -3.38379715e-05 
 6.62964000e-02  2.50095780e+00  3.73817526e+00  2.40851092e+00  2.40782937e+00 -3.38325511e-05 
 6.63014000e-02  2.50094830e+00  3.73902290e+00  2.40936689e+00  2.40859988e+00 -3.38264756e-05 
 6.63064000e-02  2.50093786e+00  3.73996046e+00  2.41031261e+00  2.40946090e+00 -3.38197512e-05 
 6.63114000e-02  2.50092650e+00  3.74098700e+00  2.41134712e+00  2.41041157e+00 -3.38123847e-05 
 6.63164000e-02  2.50091423e+00  3.74210149e+00  2.41246938e+00  2.41145093e+00 -3.38043834e-05 
 6.63214000e-02  2.50090105e+00  3.74330281e+00  2.41367826e+00  2.41257793e+00 -3.37957555e-05 
 6.63264000e-02  2.50088698e+00  3.74458975e+00  2.41497256e+00  2.41379146e+00 -3.37865097e-05 
 6.63314000e-02  2.50087204e+00  3.74596103e+00  2.41635097e+00  2.41509028e+00 -3.37766552e-05 
 6.63364000e-02  2.50085623e+00  3.74741526e+00  2.41781211e+00  2.41647310e+00 -3.37662021e-05 
 6.63414000e-02  2.50083958e+00  3.74895099e+00  2.41935452e+00  2.41793852e+00 -3.37551608e-05 
 6.63464000e-02  2.50082210e+00  3.75056669e+00  2.42097664e+00  2.41948509e+00 -3.37435425e-05 
 6.63514000e-02  2.50080382e+00  3.75226072e+00  2.42267687e+00  2.42111125e+00 -3.37313588e-05 
 6.63564000e-02  2.50078473e+00  3.75403139e+00  2.42445348e+00  2.42281536e+00 -3.37186221e-05 
 6.63614000e-02  2.50076488e+00  3.75587692e+00  2.42630470e+00  2.42459573e+00 -3.37053451e-05 
 6.63664000e-02  2.50074426e+00  3.75779548e+00  2.42822867e+00  2.42645056e+00 -3.36915413e-05 
 6.63714000e-02  2.50072292e+00  3.75978513e+00  2.43022347e+00  2.42837800e+00 -3.36772244e-05 
 6.63764000e-02  2.50070086e+00  3.76184389e+00  2.43228711e+00  2.43037612e+00 -3.36624089e-05 
 6.63814000e-02  2.50067811e+00  3.76396969e+00  2.43441750e+00  2.43244291e+00 -3.36471098e-05 
 6.63864000e-02  2.50065469e+00  3.76616041e+00  2.43661254e+00  2.43457632e+00 -3.36313422e-05 
 6.63914000e-02  2.50063062e+00  3.76841385e+00  2.43887001e+00  2.43677420e+00 -3.36151222e-05 
 6.63964000e-02  2.50060593e+00  3.77072776e+00  2.44118766e+00  2.43903436e+00 -3.35984659e-05 
 6.64014000e-02  2.50058065e+00  3.77309983e+00  2.44356317e+00  2.44135454e+00 -3.35813900e-05 
 6.64064000e-02  2.50055479e+00  3.77552769e+00  2.44599417e+00  2.44373241e+00 -3.35639118e-05 
 6.64114000e-02  2.50052838e+00  3.77800892e+00  2.44847824e+00  2.44616560e+00 -3.35460487e-05 
 6.64164000e-02  2.50050145e+00  3.78054103e+00  2.45101289e+00  2.44865169e+00 -3.35278185e-05 
 6.64214000e-02  2.50047403e+00  3.78312149e+00  2.45359559e+00  2.45118818e+00 -3.35092396e-05 
 6.64264000e-02  2.50044614e+00  3.78574774e+00  2.45622377e+00  2.45377255e+00 -3.34903306e-05 
 6.64314000e-02  2.50041780e+00  3.78841716e+00  2.45889480e+00  2.45640223e+00 -3.34711103e-05 
 6.64364000e-02  2.50038906e+00  3.79112708e+00  2.46160602e+00  2.45907457e+00 -3.34515980e-05 
 6.64414000e-02  2.50035993e+00  3.79387481e+00  2.46435474e+00  2.46178694e+00 -3.34318131e-05 
 6.64464000e-02  2.50033045e+00  3.79665760e+00  2.46713821e+00  2.46453661e+00 -3.34117754e-05 
 6.64514000e-02  2.50030064e+00  3.79947269e+00  2.46995366e+00  2.46732086e+00 -3.33915049e-05 
 6.64564000e-02  2.50027053e+00  3.80231729e+00  2.47279830e+00  2.47013692e+00 -3.33710218e-05 
 6.64614000e-02  2.50024016e+00  3.80518855e+00  2.47566929e+00  2.47298197e+00 -3.33503464e-05 
 6.64664000e-02  2.50020955e+00  3.80808363e+00  2.47856379e+00  2.47585320e+00 -3.33294995e-05 
 6.64714000e-02  2.50017873e+00  3.81099965e+00  2.48147891e+00  2.47874775e+00 -3.33085016e-05 
 6.64764000e-02  2.50014774e+00  3.81393372e+00  2.48441177e+00  2.48166274e+00 -3.32873738e-05 
 6.64814000e-02  2.50011660e+00  3.81688293e+00  2.48735946e+00  2.48459529e+00 -3.32661369e-05 
 6.64864000e-02  2.50008535e+00  3.81984435e+00  2.49031905e+00  2.48754249e+00 -3.32448120e-05 
 6.64914000e-02  2.50005401e+00  3.82281505e+00  2.49328761e+00  2.49050140e+00 -3.32234204e-05 
 6.64964000e-02  2.50002262e+00  3.82579208e+00  2.49626220e+00  2.49346911e+00 -3.32019831e-05 
 6.65014000e-02  2.49999120e+00  3.82877251e+00  2.49923988e+00  2.49644267e+00 -3.31805214e-05 
 6.65064000e-02  2.49995980e+00  3.83175339e+00  2.50221771e+00  2.49941915e+00 -3.31590566e-05 
 6.65114000e-02  2.49992843e+00  3.83473177e+00  2.50519274e+00  2.50239559e+00 -3.31376098e-05 
 6.65164000e-02  2.49989714e+00  3.83770470e+00  2.50816203e+00  2.50536906e+00 -3.31162023e-05 
 6.65214000e-02  2.49986594e+00  3.84066926e+00  2.51112266e+00  2.50833662e+00 -3.30948551e-05 
 6.65264000e-02  2.49983488e+00  3.84362252e+00  2.51407170e+00  2.51129534e+00 -3.30735893e-05 
 6.65314000e-02  2.49980399e+00  3.84656157e+00  2.51700625e+00  2.51424231e+00 -3.30524259e-05 
 6.65364000e-02  2.49977328e+00  3.84948352e+00  2.51992343e+00  2.51717462e+00 -3.30313856e-05 
 6.65414000e-02  2.49974280e+00  3.85238550e+00  2.52282035e+00  2.52008939e+00 -3.30104892e-05 
 6.65464000e-02  2.49971257e+00  3.85526464e+00  2.52569417e+00  2.52298374e+00 -3.29897571e-05 
 6.65514000e-02  2.49968263e+00  3.85811812e+00  2.52854207e+00  2.52585484e+00 -3.29692097e-05 
 6.65564000e-02  2.49965300e+00  3.86094314e+00  2.53136125e+00  2.52869985e+00 -3.29488672e-05 
 6.65614000e-02  2.49962371e+00  3.86373693e+00  2.53414895e+00  2.53151600e+00 -3.29287495e-05 
 6.65664000e-02  2.49959479e+00  3.86649675e+00  2.53690243e+00  2.53430050e+00 -3.29088762e-05 
 6.65714000e-02  2.49956628e+00  3.86921990e+00  2.53961900e+00  2.53705065e+00 -3.28892668e-05 
 6.65764000e-02  2.49953819e+00  3.87190370e+00  2.54229599e+00  2.53976374e+00 -3.28699404e-05 
 6.65814000e-02  2.49951056e+00  3.87454554e+00  2.54493080e+00  2.54243711e+00 -3.28509159e-05 
 6.65864000e-02  2.49948341e+00  3.87714284e+00  2.54752084e+00  2.54506816e+00 -3.28322119e-05 
 6.65914000e-02  2.49945677e+00  3.87969305e+00  2.55006359e+00  2.54765431e+00 -3.28138464e-05 
 6.65964000e-02  2.49943066e+00  3.88219369e+00  2.55255656e+00  2.55019304e+00 -3.27958375e-05 
 6.66014000e-02  2.49940512e+00  3.88464233e+00  2.55499733e+00  2.55268186e+00 -3.27782025e-05 
 6.66064000e-02  2.49938017e+00  3.88703657e+00  2.55738351e+00  2.55511836e+00 -3.27609587e-05 
 6.66114000e-02  2.49935582e+00  3.88937408e+00  2.55971279e+00  2.55750016e+00 -3.27441227e-05 
 6.66164000e-02  2.49933212e+00  3.89165260e+00  2.56198290e+00  2.55982494e+00 -3.27277108e-05 
 6.66214000e-02  2.49930907e+00  3.89386990e+00  2.56419163e+00  2.56209044e+00 -3.27117390e-05 
 6.66264000e-02  2.49928670e+00  3.89602384e+00  2.56633683e+00  2.56429446e+00 -3.26962227e-05 
 6.66314000e-02  2.49926504e+00  3.89811231e+00  2.56841643e+00  2.56643486e+00 -3.26811769e-05 
 6.66364000e-02  2.49924410e+00  3.90013331e+00  2.57042841e+00  2.56850955e+00 -3.26666160e-05 
 6.66414000e-02  2.49922391e+00  3.90208486e+00  2.57237081e+00  2.57051654e+00 -3.26525543e-05 
 6.66464000e-02  2.49920448e+00  3.90396507e+00  2.57424176e+00  2.57245386e+00 -3.26390051e-05 
 6.66514000e-02  2.49918584e+00  3.90577214e+00  2.57603944e+00  2.57431965e+00 -3.26259816e-05 
 6.66564000e-02  2.49916801e+00  3.90750430e+00  2.57776212e+00  2.57611210e+00 -3.26134963e-05 
 6.66614000e-02  2.49915099e+00  3.90915988e+00  2.57940813e+00  2.57782948e+00 -3.26015612e-05 
 6.66664000e-02  2.49913481e+00  3.91073729e+00  2.58097588e+00  2.57947012e+00 -3.25901878e-05 
 6.66714000e-02  2.49911949e+00  3.91223500e+00  2.58246385e+00  2.58103245e+00 -3.25793870e-05 
 6.66764000e-02  2.49910503e+00  3.91365157e+00  2.58387062e+00  2.58251494e+00 -3.25691691e-05 
 6.66814000e-02  2.49909146e+00  3.91498562e+00  2.58519482e+00  2.58391618e+00 -3.25595440e-05 
 6.66864000e-02  2.49907879e+00  3.91623587e+00  2.58643517e+00  2.58523480e+00 -3.25505208e-05 
 6.66914000e-02  2.49906702e+00  3.91740112e+00  2.58759049e+00  2.58646954e+00 -3.25421083e-05 
 6.66964000e-02  2.49905618e+00  3.91848025e+00  2.58865965e+00  2.58761921e+00 -3.25343144e-05 
 6.67014000e-02  2.49904626e+00  3.91947221e+00  2.58964164e+00  2.58868271e+00 -3.25271467e-05 
 6.67064000e-02  2.49903729e+00  3.92037606e+00  2.59053549e+00  2.58965900e+00 -3.25206119e-05 
 6.67114000e-02  2.49902927e+00  3.92119091e+00  2.59134037e+00  2.59054714e+00 -3.25147164e-05 
 6.67164000e-02  2.49902220e+00  3.92191599e+00  2.59205548e+00  2.59134629e+00 -3.25094658e-05 
 6.67214000e-02  2.49901610e+00  3.92255060e+00  2.59268014e+00  2.59205568e+00 -3.25048650e-05 
 6.67264000e-02  2.49901097e+00  3.92309413e+00  2.59321376e+00  2.59267462e+00 -3.25009186e-05 
 6.67314000e-02  2.49900682e+00  3.92354606e+00  2.59365581e+00  2.59320251e+00 -3.24976301e-05 
 6.67364000e-02  2.49900365e+00  3.92390595e+00  2.59400588e+00  2.59363886e+00 -3.24950029e-05 
 6.67414000e-02  2.49900146e+00  3.92417345e+00  2.59426363e+00  2.59398323e+00 -3.24930394e-05 
 6.67464000e-02  2.49900026e+00  3.92434832e+00  2.59442881e+00  2.59423531e+00 -3.24917414e-05 
 6.67514000e-02  2.49900004e+00  3.92443038e+00  2.59450126e+00  2.59439484e+00 -3.24911103e-05 
 6.67564000e-02  2.49900081e+00  3.92441955e+00  2.59448092e+00  2.59446168e+00 -3.24911466e-05 
 6.67614000e-02  2.49900256e+00  3.92431584e+00  2.59436779e+00  2.59443576e+00 -3.24918503e-05 
 6.67664000e-02  2.49900530e+00  3.92411935e+00  2.59416200e+00  2.59431710e+00 -3.24932207e-05 
 6.67714000e-02  2.49900903e+00  3.92383028e+00  2.59386373e+00  2.59410583e+00 -3.24952566e-05 
 6.67764000e-02  2.49901373e+00  3.92344889e+00  2.59347328e+00  2.59380213e+00 -3.24979559e-05 
 6.67814000e-02  2.49901940e+00  3.92297556e+00  2.59299102e+00  2.59340631e+00 -3.25013161e-05 
 6.67864000e-02  2.49902604e+00  3.92241073e+00  2.59241742e+00  2.59291875e+00 -3.25053341e-05 
 6.67914000e-02  2.49903364e+00  3.92175496e+00  2.59175301e+00  2.59233991e+00 -3.25100059e-05 
 6.67964000e-02  2.49904220e+00  3.92100887e+00  2.59099846e+00  2.59167034e+00 -3.25153272e-05 
 6.68014000e-02  2.49905170e+00  3.92017318e+00  2.59015447e+00  2.59091070e+00 -3.25212928e-05 
 6.68064000e-02  2.49906214e+00  3.91924869e+00  2.58922186e+00  2.59006172e+00 -3.25278970e-05 
 6.68114000e-02  2.49907350e+00  3.91823629e+00  2.58820153e+00  2.58912420e+00 -3.25351336e-05 
 6.68164000e-02  2.49908577e+00  3.91713696e+00  2.58709445e+00  2.58809905e+00 -3.25429956e-05 
 6.68214000e-02  2.49909895e+00  3.91595176e+00  2.58590171e+00  2.58698727e+00 -3.25514755e-05 
 6.68264000e-02  2.49911302e+00  3.91468182e+00  2.58462444e+00  2.58578991e+00 -3.25605653e-05 
 6.68314000e-02  2.49912796e+00  3.91332837e+00  2.58326388e+00  2.58450814e+00 -3.25702561e-05 
 6.68364000e-02  2.49914377e+00  3.91189271e+00  2.58182133e+00  2.58314319e+00 -3.25805387e-05 
 6.68414000e-02  2.49916042e+00  3.91037624e+00  2.58029820e+00  2.58169637e+00 -3.25914032e-05 
 6.68464000e-02  2.49917790e+00  3.90878040e+00  2.57869595e+00  2.58016908e+00 -3.26028393e-05 
 6.68514000e-02  2.49919618e+00  3.90710676e+00  2.57701612e+00  2.57856280e+00 -3.26148360e-05 
 6.68564000e-02  2.49921527e+00  3.90535691e+00  2.57526034e+00  2.57687907e+00 -3.26273816e-05 
 6.68614000e-02  2.49923512e+00  3.90353256e+00  2.57343032e+00  2.57511953e+00 -3.26404642e-05 
 6.68664000e-02  2.49925574e+00  3.90163547e+00  2.57152781e+00  2.57328587e+00 -3.26540712e-05 
 6.68714000e-02  2.49927708e+00  3.89966747e+00  2.56955467e+00  2.57137988e+00 -3.26681894e-05 
 6.68764000e-02  2.49929914e+00  3.89763048e+00  2.56751280e+00  2.56940339e+00 -3.26828053e-05 
 6.68814000e-02  2.49932189e+00  3.89552646e+00  2.56540418e+00  2.56735832e+00 -3.26979048e-05 
 6.68864000e-02  2.49934531e+00  3.89335747e+00  2.56323086e+00  2.56524665e+00 -3.27134732e-05 
 6.68914000e-02  2.49936938e+00  3.89112559e+00  2.56099495e+00  2.56307044e+00 -3.27294955e-05 
 6.68964000e-02  2.49939407e+00  3.88883301e+00  2.55869863e+00  2.56083180e+00 -3.27459563e-05 
 6.69014000e-02  2.49941935e+00  3.88648195e+00  2.55634411e+00  2.55853289e+00 -3.27628395e-05 
 6.69064000e-02  2.49944521e+00  3.88407470e+00  2.55393371e+00  2.55617596e+00 -3.27801289e-05 
 6.69114000e-02  2.49947162e+00  3.88161360e+00  2.55146975e+00  2.55376330e+00 -3.27978076e-05 
 6.69164000e-02  2.49949855e+00  3.87910106e+00  2.54895465e+00  2.55129726e+00 -3.28158584e-05 
 6.69214000e-02  2.49952597e+00  3.87653952e+00  2.54639086e+00  2.54878024e+00 -3.28342639e-05 
 6.69264000e-02  2.49955386e+00  3.87393147e+00  2.54378087e+00  2.54621470e+00 -3.28530062e-05 
 6.69314000e-02  2.49958220e+00  3.87127948e+00  2.54112725e+00  2.54360315e+00 -3.28720669e-05 
 6.69364000e-02  2.49961094e+00  3.86858613e+00  2.53843258e+00  2.54094812e+00 -3.28914275e-05 
 6.69414000e-02  2.49964007e+00  3.86585406e+00  2.53569949e+00  2.53825223e+00 -3.29110691e-05 
 6.69464000e-02  2.49966955e+00  3.86308594e+00  2.53293067e+00  2.53551810e+00 -3.29309724e-05 
 6.69514000e-02  2.49969936e+00  3.86028448e+00  2.53012883e+00  2.53274841e+00 -3.29511182e-05 
 6.69564000e-02  2.49972947e+00  3.85745243e+00  2.52729671e+00  2.52994588e+00 -3.29714865e-05 
 6.69614000e-02  2.49975984e+00  3.85459257e+00  2.52443710e+00  2.52711326e+00 -3.29920576e-05 
 6.69664000e-02  2.49979045e+00  3.85170771e+00  2.52155280e+00  2.52425332e+00 -3.30128111e-05 
 6.69714000e-02  2.49982127e+00  3.84880068e+00  2.51864665e+00  2.52136888e+00 -3.30337268e-05 
 6.69764000e-02  2.49985226e+00  3.84587435e+00  2.51572150e+00  2.51846276e+00 -3.30547840e-05 
 6.69814000e-02  2.49988340e+00  3.84293158e+00  2.51278024e+00  2.51553784e+00 -3.30759621e-05 
 6.69864000e-02  2.49991465e+00  3.83997529e+00  2.50982576e+00  2.51259697e+00 -3.30972403e-05 
 6.69914000e-02  2.49994599e+00  3.83700839e+00  2.50686097e+00  2.50964308e+00 -3.31185975e-05 
 6.69964000e-02  2.49997738e+00  3.83403379e+00  2.50388880e+00  2.50667905e+00 -3.31400127e-05 
 6.70014000e-02  2.50000880e+00  3.83105444e+00  2.50091218e+00  2.50370783e+00 -3.31614647e-05 
 6.70064000e-02  2.50004020e+00  3.82807329e+00  2.49793406e+00  2.50073234e+00 -3.31829325e-05 
 6.70114000e-02  2.50007157e+00  3.82509327e+00  2.49495737e+00  2.49775552e+00 -3.32043946e-05 
 6.70164000e-02  2.50010286e+00  3.82211734e+00  2.49198507e+00  2.49478031e+00 -3.32258300e-05 
 6.70214000e-02  2.50013406e+00  3.81914843e+00  2.48902009e+00  2.49180966e+00 -3.32472173e-05 
 6.70264000e-02  2.50016512e+00  3.81618950e+00  2.48606536e+00  2.48884651e+00 -3.32685354e-05 
 6.70314000e-02  2.50019601e+00  3.81324347e+00  2.48312383e+00  2.48589379e+00 -3.32897632e-05 
 6.70364000e-02  2.50022672e+00  3.81031327e+00  2.48019839e+00  2.48295443e+00 -3.33108795e-05 
 6.70414000e-02  2.50025720e+00  3.80740179e+00  2.47729197e+00  2.48003134e+00 -3.33318633e-05 
 6.70464000e-02  2.50028743e+00  3.80451194e+00  2.47440744e+00  2.47712743e+00 -3.33526939e-05 
 6.70514000e-02  2.50031737e+00  3.80164658e+00  2.47154766e+00  2.47424557e+00 -3.33733504e-05 
 6.70564000e-02  2.50034700e+00  3.79880857e+00  2.46871549e+00  2.47138863e+00 -3.33938123e-05 
 6.70614000e-02  2.50037629e+00  3.79600071e+00  2.46591374e+00  2.46855945e+00 -3.34140592e-05 
 6.70664000e-02  2.50040521e+00  3.79322582e+00  2.46314519e+00  2.46576085e+00 -3.34340710e-05 
 6.70714000e-02  2.50043372e+00  3.79048664e+00  2.46041260e+00  2.46299560e+00 -3.34538276e-05 
 6.70764000e-02  2.50046181e+00  3.78778591e+00  2.45771869e+00  2.46026646e+00 -3.34733094e-05 
 6.70814000e-02  2.50048944e+00  3.78512632e+00  2.45506615e+00  2.45757616e+00 -3.34924968e-05 
 6.70864000e-02  2.50051659e+00  3.78251052e+00  2.45245762e+00  2.45492736e+00 -3.35113707e-05 
 6.70914000e-02  2.50054323e+00  3.77994112e+00  2.44989571e+00  2.45232271e+00 -3.35299123e-05 
 6.70964000e-02  2.50056934e+00  3.77742068e+00  2.44738296e+00  2.44976481e+00 -3.35481029e-05 
 6.71014000e-02  2.50059488e+00  3.77495172e+00  2.44492190e+00  2.44725621e+00 -3.35659243e-05 
 6.71064000e-02  2.50061983e+00  3.77253671e+00  2.44251497e+00  2.44479942e+00 -3.35833587e-05 
 6.71114000e-02  2.50064418e+00  3.77017805e+00  2.44016458e+00  2.44239689e+00 -3.36003886e-05 
 6.71164000e-02  2.50066788e+00  3.76787811e+00  2.43787308e+00  2.44005101e+00 -3.36169970e-05 
 6.71214000e-02  2.50069093e+00  3.76563918e+00  2.43564276e+00  2.43776414e+00 -3.36331671e-05 
 6.71264000e-02  2.50071330e+00  3.76346350e+00  2.43347585e+00  2.43553856e+00 -3.36488827e-05 
 6.71314000e-02  2.50073496e+00  3.76135325e+00  2.43137452e+00  2.43337650e+00 -3.36641281e-05 
 6.71364000e-02  2.50075590e+00  3.75931054e+00  2.42934088e+00  2.43128011e+00 -3.36788880e-05 
 6.71414000e-02  2.50077609e+00  3.75733742e+00  2.42737695e+00  2.42925150e+00 -3.36931475e-05 
 6.71464000e-02  2.50079552e+00  3.75543586e+00  2.42548470e+00  2.42729270e+00 -3.37068922e-05 
 6.71514000e-02  2.50081416e+00  3.75360777e+00  2.42366604e+00  2.42540566e+00 -3.37201084e-05 
 6.71564000e-02  2.50083199e+00  3.75185497e+00  2.42192277e+00  2.42359229e+00 -3.37327828e-05 
 6.71614000e-02  2.50084901e+00  3.75017922e+00  2.42025666e+00  2.42185439e+00 -3.37449025e-05 
 6.71664000e-02  2.50086519e+00  3.74858221e+00  2.41866936e+00  2.42019371e+00 -3.37564555e-05 
 6.71714000e-02  2.50088051e+00  3.74706554e+00  2.41716248e+00  2.41861191e+00 -3.37674300e-05 
 6.71764000e-02  2.50089497e+00  3.74563072e+00  2.41573751e+00  2.41711058e+00 -3.37778150e-05 
 6.71814000e-02  2.50090854e+00  3.74427919e+00  2.41439590e+00  2.41569122e+00 -3.37876001e-05 
 6.71864000e-02  2.50092121e+00  3.74301232e+00  2.41313898e+00  2.41435526e+00 -3.37967754e-05 
 6.71914000e-02  2.50093298e+00  3.74183136e+00  2.41196802e+00  2.41310404e+00 -3.38053316e-05 
 6.71964000e-02  2.50094382e+00  3.74073751e+00  2.41088419e+00  2.41193881e+00 -3.38132602e-05 
 6.72014000e-02  2.50095374e+00  3.73973186e+00  2.40988859e+00  2.41086074e+00 -3.38205531e-05 
 6.72064000e-02  2.50096271e+00  3.73881543e+00  2.40898220e+00  2.40987092e+00 -3.38272029e-05 
 6.72114000e-02  2.50097073e+00  3.73798912e+00  2.40816594e+00  2.40897033e+00 -3.38332031e-05 
 6.72164000e-02  2.50097780e+00  3.73725378e+00  2.40744063e+00  2.40815988e+00 -3.38385474e-05 
 6.72214000e-02  2.50098390e+00  3.73661014e+00  2.40680700e+00  2.40744039e+00 -3.38432306e-05 
 6.72264000e-02  2.50098903e+00  3.73605885e+00  2.40626568e+00  2.40681257e+00 -3.38472479e-05 
 6.72314000e-02  2.50099318e+00  3.73560045e+00  2.40581721e+00  2.40627707e+00 -3.38505952e-05 
 6.72364000e-02  2.50099635e+00  3.73523542e+00  2.40546206e+00  2.40583440e+00 -3.38532693e-05 
 6.72414000e-02  2.50099854e+00  3.73496411e+00  2.40520056e+00  2.40548503e+00 -3.38552673e-05 
 6.72464000e-02  2.50099974e+00  3.73478680e+00  2.40503300e+00  2.40522930e+00 -3.38565873e-05 
 6.72514000e-02  2.50099996e+00  3.73470366e+00  2.40495952e+00  2.40506747e+00 -3.38572279e-05 
 6.72564000e-02  2.50099919e+00  3.73471479e+00  2.40498022e+00  2.40499969e+00 -3.38571885e-05 
 6.72614000e-02  2.50099744e+00  3.73482016e+00  2.40509506e+00  2.40502605e+00 -3.38564692e-05 
 6.72664000e-02  2.50099470e+00  3.73501968e+00  2.40530394e+00  2.40514650e+00 -3.38550706e-05 
 6.72714000e-02  2.50099097e+00  3.73531314e+00  2.40560664e+00  2.40536094e+00 -3.38529942e-05 
 6.72764000e-02  2.50098627e+00  3.73570024e+00  2.40600286e+00  2.40566914e+00 -3.38502421e-05 
 6.72814000e-02  2.50098060e+00  3.73618061e+00  2.40649219e+00  2.40607080e+00 -3.38468170e-05 
 6.72864000e-02  2.50097396e+00  3.73675375e+00  2.40707416e+00  2.40656550e+00 -3.38427225e-05 
 6.72914000e-02  2.50096636e+00  3.73741909e+00  2.40774817e+00  2.40715277e+00 -3.38379626e-05 
 6.72964000e-02  2.50095780e+00  3.73817596e+00  2.40851355e+00  2.40783200e+00 -3.38325422e-05 
 6.73014000e-02  2.50094830e+00  3.73902360e+00  2.40936952e+00  2.40860251e+00 -3.38264668e-05 
 6.73064000e-02  2.50093786e+00  3.73996116e+00  2.41031524e+00  2.40946353e+00 -3.38197424e-05 
 6.73114000e-02  2.50092650e+00  3.74098770e+00  2.41134974e+00  2.41041420e+00 -3.38123758e-05 
 6.73164000e-02  2.50091423e+00  3.74210219e+00  2.41247200e+00  2.41145356e+00 -3.38043746e-05 
 6.73214000e-02  2.50090105e+00  3.74330351e+00  2.41368089e+00  2.41258056e+00 -3.37957467e-05 
 6.73264000e-02  2.50088698e+00  3.74459045e+00  2.41497518e+00  2.41379409e+00 -3.37865009e-05 
 6.73314000e-02  2.50087204e+00  3.74596172e+00  2.41635359e+00  2.41509291e+00 -3.37766464e-05 
 6.73364000e-02  2.50085623e+00  3.74741596e+00  2.41781474e+00  2.41647573e+00 -3.37661932e-05 
 6.73414000e-02  2.50083958e+00  3.74895169e+00  2.41935715e+00  2.41794115e+00 -3.37551519e-05 
 6.73464000e-02  2.50082210e+00  3.75056738e+00  2.42097927e+00  2.41948772e+00 -3.37435336e-05 
 6.73514000e-02  2.50080382e+00  3.75226141e+00  2.42267949e+00  2.42111388e+00 -3.37313500e-05 
 6.73564000e-02  2.50078473e+00  3.75403208e+00  2.42445611e+00  2.42281799e+00 -3.37186132e-05 
 6.73614000e-02  2.50076488e+00  3.75587762e+00  2.42630732e+00  2.42459835e+00 -3.37053363e-05 
 6.73664000e-02  2.50074426e+00  3.75779618e+00  2.42823130e+00  2.42645319e+00 -3.36915324e-05 
 6.73714000e-02  2.50072292e+00  3.75978583e+00  2.43022610e+00  2.42838063e+00 -3.36772156e-05 
 6.73764000e-02  2.50070086e+00  3.76184459e+00  2.43228973e+00  2.43037875e+00 -3.36624001e-05 
 6.73814000e-02  2.50067811e+00  3.76397039e+00  2.43442013e+00  2.43244554e+00 -3.36471009e-05 
 6.73864000e-02  2.50065469e+00  3.76616111e+00  2.43661516e+00  2.43457895e+00 -3.36313334e-05 
 6.73914000e-02  2.50063062e+00  3.76841455e+00  2.43887263e+00  2.43677683e+00 -3.36151133e-05 
 6.73964000e-02  2.50060593e+00  3.77072846e+00  2.44119028e+00  2.43903699e+00 -3.35984570e-05 
 6.74014000e-02  2.50058065e+00  3.77310053e+00  2.44356580e+00  2.44135716e+00 -3.35813812e-05 
 6.74064000e-02  2.50055479e+00  3.77552839e+00  2.44599680e+00  2.44373504e+00 -3.35639029e-05 
 6.74114000e-02  2.50052838e+00  3.77800962e+00  2.44848087e+00  2.44616823e+00 -3.35460398e-05 
 6.74164000e-02  2.50050145e+00  3.78054173e+00  2.45101552e+00  2.44865432e+00 -3.35278097e-05 
 6.74214000e-02  2.50047403e+00  3.78312219e+00  2.45359822e+00  2.45119081e+00 -3.35092308e-05 
 6.74264000e-02  2.50044614e+00  3.78574844e+00  2.45622639e+00  2.45377518e+00 -3.34903217e-05 
 6.74314000e-02  2.50041780e+00  3.78841786e+00  2.45889742e+00  2.45640485e+00 -3.34711014e-05 
 6.74364000e-02  2.50038906e+00  3.79112778e+00  2.46160865e+00  2.45907720e+00 -3.34515891e-05 
 6.74414000e-02  2.50035993e+00  3.79387551e+00  2.46435736e+00  2.46178957e+00 -3.34318042e-05 
 6.74464000e-02  2.50033045e+00  3.79665830e+00  2.46714083e+00  2.46453924e+00 -3.34117665e-05 
 6.74514000e-02  2.50030064e+00  3.79947340e+00  2.46995629e+00  2.46732349e+00 -3.33914960e-05 
 6.74564000e-02  2.50027053e+00  3.80231799e+00  2.47280093e+00  2.47013954e+00 -3.33710129e-05 
 6.74614000e-02  2.50024016e+00  3.80518925e+00  2.47567192e+00  2.47298460e+00 -3.33503376e-05 
 6.74664000e-02  2.50020955e+00  3.80808433e+00  2.47856642e+00  2.47585583e+00 -3.33294906e-05 
 6.74714000e-02  2.50017873e+00  3.81100035e+00  2.48148154e+00  2.47875038e+00 -3.33084928e-05 
 6.74764000e-02  2.50014774e+00  3.81393442e+00  2.48441440e+00  2.48166537e+00 -3.32873649e-05 
 6.74814000e-02  2.50011660e+00  3.81688363e+00  2.48736209e+00  2.48459792e+00 -3.32661280e-05 
 6.74864000e-02  2.50008535e+00  3.81984505e+00  2.49032167e+00  2.48754511e+00 -3.32448032e-05 
 6.74914000e-02  2.50005401e+00  3.82281575e+00  2.49329023e+00  2.49050403e+00 -3.32234115e-05 
 6.74964000e-02  2.50002262e+00  3.82579279e+00  2.49626483e+00  2.49347174e+00 -3.32019742e-05 
 6.75014000e-02  2.49999120e+00  3.82877322e+00  2.49924251e+00  2.49644530e+00 -3.31805126e-05 
 6.75064000e-02  2.49995980e+00  3.83175409e+00  2.50222034e+00  2.49942177e+00 -3.31590477e-05 
 6.75114000e-02  2.49992843e+00  3.83473247e+00  2.50519536e+00  2.50239822e+00 -3.31376010e-05 
 6.75164000e-02  2.49989714e+00  3.83770540e+00  2.50816466e+00  2.50537168e+00 -3.31161934e-05 
 6.75214000e-02  2.49986594e+00  3.84066996e+00  2.51112529e+00  2.50833924e+00 -3.30948462e-05 
 6.75264000e-02  2.49983488e+00  3.84362322e+00  2.51407433e+00  2.51129797e+00 -3.30735804e-05 
 6.75314000e-02  2.49980399e+00  3.84656228e+00  2.51700888e+00  2.51424494e+00 -3.30524170e-05 
 6.75364000e-02  2.49977328e+00  3.84948423e+00  2.51992605e+00  2.51717725e+00 -3.30313767e-05 
 6.75414000e-02  2.49974280e+00  3.85238620e+00  2.52282297e+00  2.52009201e+00 -3.30104803e-05 
 6.75464000e-02  2.49971257e+00  3.85526534e+00  2.52569679e+00  2.52298637e+00 -3.29897482e-05 
 6.75514000e-02  2.49968263e+00  3.85811883e+00  2.52854469e+00  2.52585746e+00 -3.29692008e-05 
 6.75564000e-02  2.49965300e+00  3.86094385e+00  2.53136388e+00  2.52870248e+00 -3.29488583e-05 
 6.75614000e-02  2.49962371e+00  3.86373764e+00  2.53415157e+00  2.53151862e+00 -3.29287406e-05 
 6.75664000e-02  2.49959479e+00  3.86649746e+00  2.53690505e+00  2.53430313e+00 -3.29088673e-05 
 6.75714000e-02  2.49956628e+00  3.86922060e+00  2.53962162e+00  2.53705327e+00 -3.28892579e-05 
 6.75764000e-02  2.49953819e+00  3.87190441e+00  2.54229862e+00  2.53976636e+00 -3.28699316e-05 
 6.75814000e-02  2.49951056e+00  3.87454625e+00  2.54493342e+00  2.54243974e+00 -3.28509071e-05 
 6.75864000e-02  2.49948341e+00  3.87714354e+00  2.54752347e+00  2.54507078e+00 -3.28322030e-05 
 6.75914000e-02  2.49945677e+00  3.87969376e+00  2.55006621e+00  2.54765693e+00 -3.28138375e-05 
 6.75964000e-02  2.49943066e+00  3.88219440e+00  2.55255919e+00  2.55019566e+00 -3.27958286e-05 
 6.76014000e-02  2.49940512e+00  3.88464303e+00  2.55499995e+00  2.55268449e+00 -3.27781936e-05 
 6.76064000e-02  2.49938017e+00  3.88703727e+00  2.55738614e+00  2.55512099e+00 -3.27609498e-05 
 6.76114000e-02  2.49935582e+00  3.88937479e+00  2.55971542e+00  2.55750279e+00 -3.27441138e-05 
 6.76164000e-02  2.49933212e+00  3.89165331e+00  2.56198552e+00  2.55982757e+00 -3.27277019e-05 
 6.76214000e-02  2.49930907e+00  3.89387061e+00  2.56419425e+00  2.56209307e+00 -3.27117301e-05 
 6.76264000e-02  2.49928670e+00  3.89602454e+00  2.56633946e+00  2.56429709e+00 -3.26962138e-05 
 6.76314000e-02  2.49926504e+00  3.89811302e+00  2.56841906e+00  2.56643748e+00 -3.26811680e-05 
 6.76364000e-02  2.49924410e+00  3.90013402e+00  2.57043103e+00  2.56851218e+00 -3.26666071e-05 
 6.76414000e-02  2.49922391e+00  3.90208557e+00  2.57237344e+00  2.57051916e+00 -3.26525454e-05 
 6.76464000e-02  2.49920448e+00  3.90396578e+00  2.57424438e+00  2.57245649e+00 -3.26389962e-05 
 6.76514000e-02  2.49918584e+00  3.90577285e+00  2.57604207e+00  2.57432228e+00 -3.26259727e-05 
 6.76564000e-02  2.49916801e+00  3.90750501e+00  2.57776475e+00  2.57611473e+00 -3.26134874e-05 
 6.76614000e-02  2.49915099e+00  3.90916059e+00  2.57941076e+00  2.57783211e+00 -3.26015523e-05 
 6.76664000e-02  2.49913481e+00  3.91073800e+00  2.58097850e+00  2.57947275e+00 -3.25901789e-05 
 6.76714000e-02  2.49911949e+00  3.91223571e+00  2.58246648e+00  2.58103507e+00 -3.25793781e-05 
 6.76764000e-02  2.49910503e+00  3.91365228e+00  2.58387324e+00  2.58251756e+00 -3.25691602e-05 
 6.76814000e-02  2.49909146e+00  3.91498633e+00  2.58519744e+00  2.58391880e+00 -3.25595350e-05 
 6.76864000e-02  2.49907879e+00  3.91623658e+00  2.58643780e+00  2.58523742e+00 -3.25505119e-05 
 6.76914000e-02  2.49906702e+00  3.91740184e+00  2.58759311e+00  2.58647217e+00 -3.25420994e-05 
 6.76964000e-02  2.49905618e+00  3.91848096e+00  2.58866228e+00  2.58762184e+00 -3.25343055e-05 
 6.77014000e-02  2.49904626e+00  3.91947292e+00  2.58964426e+00  2.58868533e+00 -3.25271378e-05 
 6.77064000e-02  2.49903729e+00  3.92037677e+00  2.59053812e+00  2.58966162e+00 -3.25206030e-05 
 6.77114000e-02  2.49902927e+00  3.92119162e+00  2.59134299e+00  2.59054977e+00 -3.25147075e-05 
 6.77164000e-02  2.49902220e+00  3.92191670e+00  2.59205810e+00  2.59134892e+00 -3.25094569e-05 
 6.77214000e-02  2.49901610e+00  3.92255131e+00  2.59268277e+00  2.59205830e+00 -3.25048561e-05 
 6.77264000e-02  2.49901097e+00  3.92309484e+00  2.59321638e+00  2.59267724e+00 -3.25009096e-05 
 6.77314000e-02  2.49900682e+00  3.92354677e+00  2.59365844e+00  2.59320514e+00 -3.24976212e-05 
 6.77364000e-02  2.49900365e+00  3.92390666e+00  2.59400851e+00  2.59364148e+00 -3.24949940e-05 
 6.77414000e-02  2.49900146e+00  3.92417417e+00  2.59426626e+00  2.59398586e+00 -3.24930305e-05 
 6.77464000e-02  2.49900026e+00  3.92434903e+00  2.59443144e+00  2.59423793e+00 -3.24917325e-05 
 6.77514000e-02  2.49900004e+00  3.92443109e+00  2.59450389e+00  2.59439747e+00 -3.24911014e-05 
 6.77564000e-02  2.49900081e+00  3.92442026e+00  2.59448354e+00  2.59446431e+00 -3.24911377e-05 
 6.77614000e-02  2.49900256e+00  3.92431656e+00  2.59437042e+00  2.59443839e+00 -3.24918413e-05 
 6.77664000e-02  2.49900530e+00  3.92412007e+00  2.59416463e+00  2.59431973e+00 -3.24932118e-05 
 6.77714000e-02  2.49900903e+00  3.92383100e+00  2.59386636e+00  2.59410845e+00 -3.24952476e-05 
 6.77764000e-02  2.49901373e+00  3.92344961e+00  2.59347591e+00  2.59380476e+00 -3.24979469e-05 
 6.77814000e-02  2.49901940e+00  3.92297628e+00  2.59299365e+00  2.59340894e+00 -3.25013072e-05 
 6.77864000e-02  2.49902604e+00  3.92241145e+00  2.59242004e+00  2.59292138e+00 -3.25053251e-05 
 6.77914000e-02  2.49903364e+00  3.92175568e+00  2.59175564e+00  2.59234253e+00 -3.25099969e-05 
 6.77964000e-02  2.49904220e+00  3.92100959e+00  2.59100108e+00  2.59167297e+00 -3.25153182e-05 
 6.78014000e-02  2.49905170e+00  3.92017390e+00  2.59015709e+00  2.59091333e+00 -3.25212838e-05 
 6.78064000e-02  2.49906214e+00  3.91924941e+00  2.58922448e+00  2.59006434e+00 -3.25278880e-05 
 6.78114000e-02  2.49907350e+00  3.91823701e+00  2.58820415e+00  2.58912683e+00 -3.25351246e-05 
 6.78164000e-02  2.49908577e+00  3.91713768e+00  2.58709708e+00  2.58810168e+00 -3.25429866e-05 
 6.78214000e-02  2.49909895e+00  3.91595248e+00  2.58590434e+00  2.58698990e+00 -3.25514666e-05 
 6.78264000e-02  2.49911302e+00  3.91468254e+00  2.58462707e+00  2.58579254e+00 -3.25605563e-05 
 6.78314000e-02  2.49912796e+00  3.91332909e+00  2.58326651e+00  2.58451077e+00 -3.25702471e-05 
 6.78364000e-02  2.49914377e+00  3.91189343e+00  2.58182396e+00  2.58314582e+00 -3.25805297e-05 
 6.78414000e-02  2.49916042e+00  3.91037696e+00  2.58030083e+00  2.58169900e+00 -3.25913942e-05 
 6.78464000e-02  2.49917790e+00  3.90878113e+00  2.57869858e+00  2.58017171e+00 -3.26028303e-05 
 6.78514000e-02  2.49919618e+00  3.90710748e+00  2.57701875e+00  2.57856543e+00 -3.26148269e-05 
 6.78564000e-02  2.49921527e+00  3.90535764e+00  2.57526298e+00  2.57688170e+00 -3.26273726e-05 
 6.78614000e-02  2.49923512e+00  3.90353329e+00  2.57343295e+00  2.57512216e+00 -3.26404552e-05 
 6.78664000e-02  2.49925574e+00  3.90163620e+00  2.57153044e+00  2.57328851e+00 -3.26540622e-05 
 6.78714000e-02  2.49927708e+00  3.89966820e+00  2.56955730e+00  2.57138251e+00 -3.26681804e-05 
 6.78764000e-02  2.49929914e+00  3.89763121e+00  2.56751543e+00  2.56940602e+00 -3.26827963e-05 
 6.78814000e-02  2.49932189e+00  3.89552719e+00  2.56540681e+00  2.56736095e+00 -3.26978957e-05 
 6.78864000e-02  2.49934531e+00  3.89335819e+00  2.56323350e+00  2.56524929e+00 -3.27134641e-05 
 6.78914000e-02  2.49936938e+00  3.89112632e+00  2.56099759e+00  2.56307308e+00 -3.27294865e-05 
 6.78964000e-02  2.49939407e+00  3.88883374e+00  2.55870126e+00  2.56083443e+00 -3.27459472e-05 
 6.79014000e-02  2.49941935e+00  3.88648268e+00  2.55634675e+00  2.55853552e+00 -3.27628304e-05 
 6.79064000e-02  2.49944521e+00  3.88407543e+00  2.55393634e+00  2.55617859e+00 -3.27801198e-05 
 6.79114000e-02  2.49947162e+00  3.88161434e+00  2.55147239e+00  2.55376594e+00 -3.27977985e-05 
 6.79164000e-02  2.49949855e+00  3.87910179e+00  2.54895729e+00  2.55129990e+00 -3.28158494e-05 
 6.79214000e-02  2.49952597e+00  3.87654025e+00  2.54639349e+00  2.54878288e+00 -3.28342549e-05 
 6.79264000e-02  2.49955386e+00  3.87393221e+00  2.54378351e+00  2.54621734e+00 -3.28529971e-05 
 6.79314000e-02  2.49958220e+00  3.87128022e+00  2.54112989e+00  2.54360578e+00 -3.28720578e-05 
 6.79364000e-02  2.49961094e+00  3.86858687e+00  2.53843521e+00  2.54095076e+00 -3.28914184e-05 
 6.79414000e-02  2.49964007e+00  3.86585480e+00  2.53570213e+00  2.53825486e+00 -3.29110600e-05 
 6.79464000e-02  2.49966955e+00  3.86308667e+00  2.53293331e+00  2.53552074e+00 -3.29309633e-05 
 6.79514000e-02  2.49969936e+00  3.86028522e+00  2.53013147e+00  2.53275105e+00 -3.29511091e-05 
 6.79564000e-02  2.49972947e+00  3.85745317e+00  2.52729935e+00  2.52994852e+00 -3.29714774e-05 
 6.79614000e-02  2.49975984e+00  3.85459331e+00  2.52443974e+00  2.52711590e+00 -3.29920485e-05 
 6.79664000e-02  2.49979045e+00  3.85170845e+00  2.52155544e+00  2.52425596e+00 -3.30128020e-05 
 6.79714000e-02  2.49982127e+00  3.84880142e+00  2.51864929e+00  2.52137152e+00 -3.30337177e-05 
 6.79764000e-02  2.49985226e+00  3.84587509e+00  2.51572414e+00  2.51846540e+00 -3.30547749e-05 
 6.79814000e-02  2.49988340e+00  3.84293233e+00  2.51278288e+00  2.51554048e+00 -3.30759530e-05 
 6.79864000e-02  2.49991465e+00  3.83997604e+00  2.50982840e+00  2.51259962e+00 -3.30972311e-05 
 6.79914000e-02  2.49994599e+00  3.83700913e+00  2.50686361e+00  2.50964572e+00 -3.31185883e-05 
 6.79964000e-02  2.49997738e+00  3.83403454e+00  2.50389144e+00  2.50668170e+00 -3.31400035e-05 
 6.80014000e-02  2.50000880e+00  3.83105519e+00  2.50091483e+00  2.50371047e+00 -3.31614556e-05 
 6.80064000e-02  2.50004020e+00  3.82807403e+00  2.49793671e+00  2.50073498e+00 -3.31829233e-05 
 6.80114000e-02  2.50007157e+00  3.82509402e+00  2.49496002e+00  2.49775816e+00 -3.32043855e-05 
 6.80164000e-02  2.50010286e+00  3.82211808e+00  2.49198771e+00  2.49478296e+00 -3.32258208e-05 
 6.80214000e-02  2.50013406e+00  3.81914918e+00  2.48902273e+00  2.49181231e+00 -3.32472082e-05 
 6.80264000e-02  2.50016512e+00  3.81619025e+00  2.48606801e+00  2.48884916e+00 -3.32685263e-05 
 6.80314000e-02  2.50019601e+00  3.81324422e+00  2.48312647e+00  2.48589644e+00 -3.32897540e-05 
 6.80364000e-02  2.50022672e+00  3.81031402e+00  2.48020104e+00  2.48295708e+00 -3.33108703e-05 
 6.80414000e-02  2.50025720e+00  3.80740254e+00  2.47729462e+00  2.48003399e+00 -3.33318541e-05 
 6.80464000e-02  2.50028743e+00  3.80451269e+00  2.47441009e+00  2.47713007e+00 -3.33526846e-05 
 6.80514000e-02  2.50031737e+00  3.80164734e+00  2.47155031e+00  2.47424822e+00 -3.33733412e-05 
 6.80564000e-02  2.50034700e+00  3.79880932e+00  2.46871814e+00  2.47139128e+00 -3.33938031e-05 
 6.80614000e-02  2.50037629e+00  3.79600147e+00  2.46591638e+00  2.46856210e+00 -3.34140500e-05 
 6.80664000e-02  2.50040521e+00  3.79322657e+00  2.46314783e+00  2.46576350e+00 -3.34340618e-05 
 6.80714000e-02  2.50043372e+00  3.79048740e+00  2.46041525e+00  2.46299825e+00 -3.34538184e-05 
 6.80764000e-02  2.50046181e+00  3.78778667e+00  2.45772134e+00  2.46026911e+00 -3.34733002e-05 
 6.80814000e-02  2.50048944e+00  3.78512708e+00  2.45506880e+00  2.45757880e+00 -3.34924876e-05 
 6.80864000e-02  2.50051659e+00  3.78251128e+00  2.45246027e+00  2.45493001e+00 -3.35113615e-05 
 6.80914000e-02  2.50054323e+00  3.77994188e+00  2.44989836e+00  2.45232536e+00 -3.35299030e-05 
 6.80964000e-02  2.50056934e+00  3.77742144e+00  2.44738562e+00  2.44976746e+00 -3.35480936e-05 
 6.81014000e-02  2.50059488e+00  3.77495248e+00  2.44492455e+00  2.44725887e+00 -3.35659150e-05 
 6.81064000e-02  2.50061983e+00  3.77253747e+00  2.44251762e+00  2.44480207e+00 -3.35833494e-05 
 6.81114000e-02  2.50064418e+00  3.77017881e+00  2.44016723e+00  2.44239954e+00 -3.36003793e-05 
 6.81164000e-02  2.50066788e+00  3.76787887e+00  2.43787573e+00  2.44005367e+00 -3.36169877e-05 
 6.81214000e-02  2.50069093e+00  3.76563994e+00  2.43564541e+00  2.43776680e+00 -3.36331578e-05 
 6.81264000e-02  2.50071330e+00  3.76346426e+00  2.43347850e+00  2.43554121e+00 -3.36488735e-05 
 6.81314000e-02  2.50073496e+00  3.76135401e+00  2.43137718e+00  2.43337915e+00 -3.36641189e-05 
 6.81364000e-02  2.50075590e+00  3.75931131e+00  2.42934353e+00  2.43128276e+00 -3.36788787e-05 
 6.81414000e-02  2.50077609e+00  3.75733818e+00  2.42737960e+00  2.42925415e+00 -3.36931382e-05 
 6.81464000e-02  2.50079552e+00  3.75543662e+00  2.42548736e+00  2.42729535e+00 -3.37068829e-05 
 6.81514000e-02  2.50081416e+00  3.75360853e+00  2.42366869e+00  2.42540832e+00 -3.37200991e-05 
 6.81564000e-02  2.50083199e+00  3.75185573e+00  2.42192543e+00  2.42359494e+00 -3.37327735e-05 
 6.81614000e-02  2.50084901e+00  3.75017999e+00  2.42025931e+00  2.42185705e+00 -3.37448932e-05 
 6.81664000e-02  2.50086519e+00  3.74858298e+00  2.41867202e+00  2.42019637e+00 -3.37564462e-05 
 6.81714000e-02  2.50088051e+00  3.74706631e+00  2.41716513e+00  2.41861457e+00 -3.37674207e-05 
 6.81764000e-02  2.50089497e+00  3.74563149e+00  2.41574017e+00  2.41711324e+00 -3.37778057e-05 
 6.81814000e-02  2.50090854e+00  3.74427996e+00  2.41439856e+00  2.41569388e+00 -3.37875908e-05 
 6.81864000e-02  2.50092121e+00  3.74301308e+00  2.41314164e+00  2.41435792e+00 -3.37967661e-05 
 6.81914000e-02  2.50093298e+00  3.74183213e+00  2.41197068e+00  2.41310670e+00 -3.38053223e-05 
 6.81964000e-02  2.50094382e+00  3.74073828e+00  2.41088685e+00  2.41194147e+00 -3.38132509e-05 
 6.82014000e-02  2.50095374e+00  3.73973263e+00  2.40989124e+00  2.41086340e+00 -3.38205437e-05 
 6.82064000e-02  2.50096271e+00  3.73881620e+00  2.40898486e+00  2.40987357e+00 -3.38271936e-05 
 6.82114000e-02  2.50097073e+00  3.73798990e+00  2.40816860e+00  2.40897299e+00 -3.38331937e-05 
 6.82164000e-02  2.50097780e+00  3.73725456e+00  2.40744329e+00  2.40816254e+00 -3.38385381e-05 
 6.82214000e-02  2.50098390e+00  3.73661092e+00  2.40680965e+00  2.40744305e+00 -3.38432213e-05 
 6.82264000e-02  2.50098903e+00  3.73605962e+00  2.40626833e+00  2.40681523e+00 -3.38472385e-05 
 6.82314000e-02  2.50099318e+00  3.73560123e+00  2.40581987e+00  2.40627973e+00 -3.38505859e-05 
 6.82364000e-02  2.50099635e+00  3.73523619e+00  2.40546471e+00  2.40583706e+00 -3.38532599e-05 
 6.82414000e-02  2.50099854e+00  3.73496488e+00  2.40520322e+00  2.40548769e+00 -3.38552579e-05 
 6.82464000e-02  2.50099974e+00  3.73478757e+00  2.40503566e+00  2.40523196e+00 -3.38565779e-05 
 6.82514000e-02  2.50099996e+00  3.73470444e+00  2.40496218e+00  2.40507013e+00 -3.38572185e-05 
 6.82564000e-02  2.50099919e+00  3.73471557e+00  2.40498288e+00  2.40500235e+00 -3.38571791e-05 
 6.82614000e-02  2.50099744e+00  3.73482094e+00  2.40509772e+00  2.40502871e+00 -3.38564598e-05 
 6.82664000e-02  2.50099470e+00  3.73502046e+00  2.40530660e+00  2.40514916e+00 -3.38550612e-05 
 6.82714000e-02  2.50099097e+00  3.73531392e+00  2.40560930e+00  2.40536360e+00 -3.38529848e-05 
 6.82764000e-02  2.50098627e+00  3.73570102e+00  2.40600552e+00  2.40567180e+00 -3.38502327e-05 
 6.82814000e-02  2.50098060e+00  3.73618139e+00  2.40649485e+00  2.40607346e+00 -3.38468077e-05 
 6.82864000e-02  2.50097396e+00  3.73675452e+00  2.40707682e+00  2.40656816e+00 -3.38427131e-05 
 6.82914000e-02  2.50096636e+00  3.73741986e+00  2.40775083e+00  2.40715543e+00 -3.38379533e-05 
 6.82964000e-02  2.50095780e+00  3.73817673e+00  2.40851621e+00  2.40783466e+00 -3.38325329e-05 
 6.83014000e-02  2.50094830e+00  3.73902437e+00  2.40937218e+00  2.40860517e+00 -3.38264574e-05 
 6.83064000e-02  2.50093786e+00  3.73996194e+00  2.41031790e+00  2.40946619e+00 -3.38197330e-05 
 6.83114000e-02  2.50092650e+00  3.74098848e+00  2.41135241e+00  2.41041686e+00 -3.38123665e-05 
 6.83164000e-02  2.50091423e+00  3.74210297e+00  2.41247466e+00  2.41145622e+00 -3.38043652e-05 
 6.83214000e-02  2.50090105e+00  3.74330429e+00  2.41368355e+00  2.41258322e+00 -3.37957373e-05 
 6.83264000e-02  2.50088698e+00  3.74459123e+00  2.41497784e+00  2.41379675e+00 -3.37864915e-05 
 6.83314000e-02  2.50087204e+00  3.74596251e+00  2.41635626e+00  2.41509557e+00 -3.37766370e-05 
 6.83364000e-02  2.50085623e+00  3.74741674e+00  2.41781740e+00  2.41647839e+00 -3.37661838e-05 
 6.83414000e-02  2.50083958e+00  3.74895247e+00  2.41935981e+00  2.41794381e+00 -3.37551425e-05 
 6.83464000e-02  2.50082210e+00  3.75056816e+00  2.42098193e+00  2.41949038e+00 -3.37435242e-05 
 6.83514000e-02  2.50080382e+00  3.75226219e+00  2.42268215e+00  2.42111654e+00 -3.37313406e-05 
 6.83564000e-02  2.50078473e+00  3.75403287e+00  2.42445877e+00  2.42282065e+00 -3.37186038e-05 
 6.83614000e-02  2.50076488e+00  3.75587840e+00  2.42630999e+00  2.42460101e+00 -3.37053269e-05 
 6.83664000e-02  2.50074426e+00  3.75779696e+00  2.42823396e+00  2.42645585e+00 -3.36915230e-05 
 6.83714000e-02  2.50072292e+00  3.75978661e+00  2.43022876e+00  2.42838329e+00 -3.36772061e-05 
 6.83764000e-02  2.50070086e+00  3.76184537e+00  2.43229240e+00  2.43038141e+00 -3.36623907e-05 
 6.83814000e-02  2.50067811e+00  3.76397117e+00  2.43442279e+00  2.43244820e+00 -3.36470915e-05 
 6.83864000e-02  2.50065469e+00  3.76616189e+00  2.43661783e+00  2.43458161e+00 -3.36313239e-05 
 6.83914000e-02  2.50063062e+00  3.76841533e+00  2.43887529e+00  2.43677949e+00 -3.36151039e-05 
 6.83964000e-02  2.50060593e+00  3.77072924e+00  2.44119294e+00  2.43903965e+00 -3.35984476e-05 
 6.84014000e-02  2.50058065e+00  3.77310132e+00  2.44356846e+00  2.44135983e+00 -3.35813718e-05 
 6.84064000e-02  2.50055479e+00  3.77552918e+00  2.44599946e+00  2.44373770e+00 -3.35638935e-05 
 6.84114000e-02  2.50052838e+00  3.77801040e+00  2.44848353e+00  2.44617089e+00 -3.35460304e-05 
 6.84164000e-02  2.50050145e+00  3.78054251e+00  2.45101818e+00  2.44865698e+00 -3.35278002e-05 
 6.84214000e-02  2.50047403e+00  3.78312298e+00  2.45360088e+00  2.45119347e+00 -3.35092214e-05 
 6.84264000e-02  2.50044614e+00  3.78574923e+00  2.45622905e+00  2.45377784e+00 -3.34903123e-05 
 6.84314000e-02  2.50041780e+00  3.78841865e+00  2.45890008e+00  2.45640751e+00 -3.34710920e-05 
 6.84364000e-02  2.50038906e+00  3.79112857e+00  2.46161131e+00  2.45907986e+00 -3.34515797e-05 
 6.84414000e-02  2.50035993e+00  3.79387629e+00  2.46436002e+00  2.46179223e+00 -3.34317948e-05 
 6.84464000e-02  2.50033045e+00  3.79665909e+00  2.46714349e+00  2.46454190e+00 -3.34117571e-05 
 6.84514000e-02  2.50030064e+00  3.79947418e+00  2.46995895e+00  2.46732615e+00 -3.33914866e-05 
 6.84564000e-02  2.50027053e+00  3.80231877e+00  2.47280358e+00  2.47014220e+00 -3.33710035e-05 
 6.84614000e-02  2.50024016e+00  3.80519004e+00  2.47567458e+00  2.47298726e+00 -3.33503281e-05 
 6.84664000e-02  2.50020955e+00  3.80808512e+00  2.47856907e+00  2.47585849e+00 -3.33294812e-05 
 6.84714000e-02  2.50017873e+00  3.81100114e+00  2.48148420e+00  2.47875303e+00 -3.33084833e-05 
 6.84764000e-02  2.50014774e+00  3.81393521e+00  2.48441706e+00  2.48166803e+00 -3.32873555e-05 
 6.84814000e-02  2.50011660e+00  3.81688441e+00  2.48736474e+00  2.48460058e+00 -3.32661186e-05 
 6.84864000e-02  2.50008535e+00  3.81984583e+00  2.49032433e+00  2.48754777e+00 -3.32447937e-05 
 6.84914000e-02  2.50005401e+00  3.82281653e+00  2.49329289e+00  2.49050669e+00 -3.32234021e-05 
 6.84964000e-02  2.50002262e+00  3.82579357e+00  2.49626748e+00  2.49347440e+00 -3.32019648e-05 
 6.85014000e-02  2.49999120e+00  3.82877400e+00  2.49924517e+00  2.49644796e+00 -3.31805031e-05 
 6.85064000e-02  2.49995980e+00  3.83175488e+00  2.50222299e+00  2.49942443e+00 -3.31590383e-05 
 6.85114000e-02  2.49992843e+00  3.83473326e+00  2.50519802e+00  2.50240087e+00 -3.31375915e-05 
 6.85164000e-02  2.49989714e+00  3.83770619e+00  2.50816731e+00  2.50537434e+00 -3.31161840e-05 
 6.85214000e-02  2.49986594e+00  3.84067075e+00  2.51112794e+00  2.50834190e+00 -3.30948368e-05 
 6.85264000e-02  2.49983488e+00  3.84362401e+00  2.51407698e+00  2.51130062e+00 -3.30735710e-05 
 6.85314000e-02  2.49980399e+00  3.84656306e+00  2.51701154e+00  2.51424759e+00 -3.30524076e-05 
 6.85364000e-02  2.49977328e+00  3.84948502e+00  2.51992871e+00  2.51717990e+00 -3.30313673e-05 
 6.85414000e-02  2.49974280e+00  3.85238699e+00  2.52282563e+00  2.52009467e+00 -3.30104709e-05 
 6.85464000e-02  2.49971257e+00  3.85526613e+00  2.52569945e+00  2.52298902e+00 -3.29897388e-05 
 6.85514000e-02  2.49968263e+00  3.85811961e+00  2.52854735e+00  2.52586012e+00 -3.29691914e-05 
 6.85564000e-02  2.49965300e+00  3.86094464e+00  2.53136653e+00  2.52870513e+00 -3.29488489e-05 
 6.85614000e-02  2.49962371e+00  3.86373843e+00  2.53415423e+00  2.53152128e+00 -3.29287312e-05 
 6.85664000e-02  2.49959479e+00  3.86649824e+00  2.53690771e+00  2.53430579e+00 -3.29088579e-05 
 6.85714000e-02  2.49956628e+00  3.86922139e+00  2.53962428e+00  2.53705593e+00 -3.28892485e-05 
 6.85764000e-02  2.49953819e+00  3.87190519e+00  2.54230127e+00  2.53976902e+00 -3.28699221e-05 
 6.85814000e-02  2.49951056e+00  3.87454704e+00  2.54493608e+00  2.54244239e+00 -3.28508976e-05 
 6.85864000e-02  2.49948341e+00  3.87714433e+00  2.54752612e+00  2.54507344e+00 -3.28321936e-05 
 6.85914000e-02  2.49945677e+00  3.87969454e+00  2.55006887e+00  2.54765959e+00 -3.28138281e-05 
 6.85964000e-02  2.49943066e+00  3.88219519e+00  2.55256184e+00  2.55019831e+00 -3.27958192e-05 
 6.86014000e-02  2.49940512e+00  3.88464382e+00  2.55500261e+00  2.55268714e+00 -3.27781842e-05 
 6.86064000e-02  2.49938017e+00  3.88703806e+00  2.55738879e+00  2.55512364e+00 -3.27609404e-05 
 6.86114000e-02  2.49935582e+00  3.88937558e+00  2.55971807e+00  2.55750544e+00 -3.27441044e-05 
 6.86164000e-02  2.49933212e+00  3.89165410e+00  2.56198818e+00  2.55983022e+00 -3.27276925e-05 
 6.86214000e-02  2.49930907e+00  3.89387140e+00  2.56419691e+00  2.56209572e+00 -3.27117207e-05 
 6.86264000e-02  2.49928670e+00  3.89602533e+00  2.56634211e+00  2.56429974e+00 -3.26962044e-05 
 6.86314000e-02  2.49926504e+00  3.89811381e+00  2.56842171e+00  2.56644014e+00 -3.26811585e-05 
 6.86364000e-02  2.49924410e+00  3.90013481e+00  2.57043369e+00  2.56851483e+00 -3.26665977e-05 
 6.86414000e-02  2.49922391e+00  3.90208636e+00  2.57237609e+00  2.57052182e+00 -3.26525359e-05 
 6.86464000e-02  2.49920448e+00  3.90396657e+00  2.57424704e+00  2.57245914e+00 -3.26389868e-05 
 6.86514000e-02  2.49918584e+00  3.90577364e+00  2.57604472e+00  2.57432493e+00 -3.26259633e-05 
 6.86564000e-02  2.49916801e+00  3.90750580e+00  2.57776740e+00  2.57611738e+00 -3.26134780e-05 
 6.86614000e-02  2.49915099e+00  3.90916138e+00  2.57941341e+00  2.57783476e+00 -3.26015429e-05 
 6.86664000e-02  2.49913481e+00  3.91073879e+00  2.58098116e+00  2.57947540e+00 -3.25901695e-05 
 6.86714000e-02  2.49911949e+00  3.91223650e+00  2.58246913e+00  2.58103772e+00 -3.25793686e-05 
 6.86764000e-02  2.49910503e+00  3.91365307e+00  2.58387590e+00  2.58252022e+00 -3.25691507e-05 
 6.86814000e-02  2.49909146e+00  3.91498712e+00  2.58520010e+00  2.58392145e+00 -3.25595256e-05 
 6.86864000e-02  2.49907879e+00  3.91623738e+00  2.58644045e+00  2.58524008e+00 -3.25505024e-05 
 6.86914000e-02  2.49906702e+00  3.91740263e+00  2.58759577e+00  2.58647482e+00 -3.25420899e-05 
 6.86964000e-02  2.49905618e+00  3.91848175e+00  2.58866493e+00  2.58762449e+00 -3.25342960e-05 
 6.87014000e-02  2.49904626e+00  3.91947372e+00  2.58964691e+00  2.58868799e+00 -3.25271283e-05 
 6.87064000e-02  2.49903729e+00  3.92037756e+00  2.59054077e+00  2.58966428e+00 -3.25205936e-05 
 6.87114000e-02  2.49902927e+00  3.92119241e+00  2.59134564e+00  2.59055242e+00 -3.25146981e-05 
 6.87164000e-02  2.49902220e+00  3.92191750e+00  2.59206076e+00  2.59135157e+00 -3.25094474e-05 
 6.87214000e-02  2.49901610e+00  3.92255211e+00  2.59268542e+00  2.59206096e+00 -3.25048467e-05 
 6.87264000e-02  2.49901097e+00  3.92309564e+00  2.59321904e+00  2.59267990e+00 -3.25009002e-05 
 6.87314000e-02  2.49900682e+00  3.92354757e+00  2.59366109e+00  2.59320779e+00 -3.24976118e-05 
 6.87364000e-02  2.49900365e+00  3.92390746e+00  2.59401116e+00  2.59364414e+00 -3.24949845e-05 
 6.87414000e-02  2.49900146e+00  3.92417496e+00  2.59426891e+00  2.59398851e+00 -3.24930210e-05 
 6.87464000e-02  2.49900026e+00  3.92434983e+00  2.59443409e+00  2.59424059e+00 -3.24917230e-05 
 6.87514000e-02  2.49900004e+00  3.92443189e+00  2.59450654e+00  2.59440012e+00 -3.24910919e-05 
 6.87564000e-02  2.49900081e+00  3.92442106e+00  2.59448620e+00  2.59446696e+00 -3.24911282e-05 
 6.87614000e-02  2.49900256e+00  3.92431735e+00  2.59437307e+00  2.59444104e+00 -3.24918319e-05 
 6.87664000e-02  2.49900530e+00  3.92412087e+00  2.59416728e+00  2.59432238e+00 -3.24932023e-05 
 6.87714000e-02  2.49900903e+00  3.92383179e+00  2.59386901e+00  2.59411111e+00 -3.24952381e-05 
 6.87764000e-02  2.49901373e+00  3.92345041e+00  2.59347856e+00  2.59380741e+00 -3.24979374e-05 
 6.87814000e-02  2.49901940e+00  3.92297707e+00  2.59299630e+00  2.59341160e+00 -3.25012977e-05 
 6.87864000e-02  2.49902604e+00  3.92241225e+00  2.59242270e+00  2.59292403e+00 -3.25053156e-05 
 6.87914000e-02  2.49903364e+00  3.92175648e+00  2.59175830e+00  2.59234519e+00 -3.25099874e-05 
 6.87964000e-02  2.49904220e+00  3.92101039e+00  2.59100374e+00  2.59167563e+00 -3.25153087e-05 
 6.88014000e-02  2.49905170e+00  3.92017470e+00  2.59015975e+00  2.59091599e+00 -3.25212743e-05 
 6.88064000e-02  2.49906214e+00  3.91925021e+00  2.58922714e+00  2.59006700e+00 -3.25278785e-05 
 6.88114000e-02  2.49907350e+00  3.91823782e+00  2.58820681e+00  2.58912948e+00 -3.25351151e-05 
 6.88164000e-02  2.49908577e+00  3.91713849e+00  2.58709974e+00  2.58810434e+00 -3.25429771e-05 
 6.88214000e-02  2.49909895e+00  3.91595328e+00  2.58590700e+00  2.58699255e+00 -3.25514570e-05 
 6.88264000e-02  2.49911302e+00  3.91468334e+00  2.58462973e+00  2.58579520e+00 -3.25605468e-05 
 6.88314000e-02  2.49912796e+00  3.91332989e+00  2.58326916e+00  2.58451343e+00 -3.25702376e-05 
 6.88364000e-02  2.49914377e+00  3.91189424e+00  2.58182662e+00  2.58314847e+00 -3.25805202e-05 
 6.88414000e-02  2.49916042e+00  3.91037776e+00  2.58030349e+00  2.58170165e+00 -3.25913847e-05 
 6.88464000e-02  2.49917790e+00  3.90878193e+00  2.57870123e+00  2.58017437e+00 -3.26028208e-05 
 6.88514000e-02  2.49919618e+00  3.90710829e+00  2.57702141e+00  2.57856809e+00 -3.26148174e-05 
 6.88564000e-02  2.49921527e+00  3.90535844e+00  2.57526563e+00  2.57688436e+00 -3.26273631e-05 
 6.88614000e-02  2.49923512e+00  3.90353409e+00  2.57343561e+00  2.57512482e+00 -3.26404457e-05 
 6.88664000e-02  2.49925574e+00  3.90163700e+00  2.57153310e+00  2.57329116e+00 -3.26540526e-05 
 6.88714000e-02  2.49927708e+00  3.89966901e+00  2.56955996e+00  2.57138517e+00 -3.26681709e-05 
 6.88764000e-02  2.49929914e+00  3.89763202e+00  2.56751809e+00  2.56940868e+00 -3.26827867e-05 
 6.88814000e-02  2.49932189e+00  3.89552800e+00  2.56540947e+00  2.56736361e+00 -3.26978862e-05 
 6.88864000e-02  2.49934531e+00  3.89335900e+00  2.56323616e+00  2.56525195e+00 -3.27134546e-05 
 6.88914000e-02  2.49936938e+00  3.89112713e+00  2.56100025e+00  2.56307574e+00 -3.27294769e-05 
 6.88964000e-02  2.49939407e+00  3.88883455e+00  2.55870392e+00  2.56083709e+00 -3.27459376e-05 
 6.89014000e-02  2.49941935e+00  3.88648349e+00  2.55634941e+00  2.55853818e+00 -3.27628209e-05 
 6.89064000e-02  2.49944521e+00  3.88407625e+00  2.55393900e+00  2.55618126e+00 -3.27801102e-05 
 6.89114000e-02  2.49947162e+00  3.88161515e+00  2.55147505e+00  2.55376860e+00 -3.27977889e-05 
 6.89164000e-02  2.49949855e+00  3.87910261e+00  2.54895995e+00  2.55130256e+00 -3.28158398e-05 
 6.89214000e-02  2.49952597e+00  3.87654106e+00  2.54639616e+00  2.54878554e+00 -3.28342453e-05 
 6.89264000e-02  2.49955386e+00  3.87393302e+00  2.54378617e+00  2.54622000e+00 -3.28529875e-05 
 6.89314000e-02  2.49958220e+00  3.87128103e+00  2.54113255e+00  2.54360845e+00 -3.28720482e-05 
 6.89364000e-02  2.49961094e+00  3.86858768e+00  2.53843788e+00  2.54095342e+00 -3.28914088e-05 
 6.89414000e-02  2.49964007e+00  3.86585561e+00  2.53570479e+00  2.53825753e+00 -3.29110503e-05 
 6.89464000e-02  2.49966955e+00  3.86308749e+00  2.53293598e+00  2.53552340e+00 -3.29309537e-05 
 6.89514000e-02  2.49969936e+00  3.86028603e+00  2.53013413e+00  2.53275372e+00 -3.29510995e-05 
 6.89564000e-02  2.49972947e+00  3.85745399e+00  2.52730202e+00  2.52995119e+00 -3.29714678e-05 
 6.89614000e-02  2.49975984e+00  3.85459413e+00  2.52444241e+00  2.52711857e+00 -3.29920388e-05 
 6.89664000e-02  2.49979045e+00  3.85170927e+00  2.52155811e+00  2.52425863e+00 -3.30127924e-05 
 6.89714000e-02  2.49982127e+00  3.84880224e+00  2.51865195e+00  2.52137419e+00 -3.30337080e-05 
 6.89764000e-02  2.49985226e+00  3.84587591e+00  2.51572681e+00  2.51846807e+00 -3.30547652e-05 
 6.89814000e-02  2.49988340e+00  3.84293315e+00  2.51278555e+00  2.51554314e+00 -3.30759434e-05 
 6.89864000e-02  2.49991465e+00  3.83997686e+00  2.50983107e+00  2.51260228e+00 -3.30972215e-05 
 6.89914000e-02  2.49994599e+00  3.83700995e+00  2.50686628e+00  2.50964839e+00 -3.31185787e-05 
 6.89964000e-02  2.49997738e+00  3.83403536e+00  2.50389411e+00  2.50668437e+00 -3.31399939e-05 
 6.90014000e-02  2.50000880e+00  3.83105602e+00  2.50091750e+00  2.50371314e+00 -3.31614459e-05 
 6.90064000e-02  2.50004020e+00  3.82807486e+00  2.49793937e+00  2.50073765e+00 -3.31829136e-05 
 6.90114000e-02  2.50007157e+00  3.82509484e+00  2.49496269e+00  2.49776083e+00 -3.32043758e-05 
 6.90164000e-02  2.50010286e+00  3.82211891e+00  2.49199038e+00  2.49478563e+00 -3.32258111e-05 
 6.90214000e-02  2.50013406e+00  3.81915001e+00  2.48902540e+00  2.49181498e+00 -3.32471985e-05 
 6.90264000e-02  2.50016512e+00  3.81619108e+00  2.48607068e+00  2.48885183e+00 -3.32685166e-05 
 6.90314000e-02  2.50019601e+00  3.81324505e+00  2.48312914e+00  2.48589911e+00 -3.32897443e-05 
 6.90364000e-02  2.50022672e+00  3.81031485e+00  2.48020371e+00  2.48295975e+00 -3.33108606e-05 
 6.90414000e-02  2.50025720e+00  3.80740337e+00  2.47729729e+00  2.48003666e+00 -3.33318444e-05 
 6.90464000e-02  2.50028743e+00  3.80451352e+00  2.47441276e+00  2.47713275e+00 -3.33526749e-05 
 6.90514000e-02  2.50031737e+00  3.80164817e+00  2.47155299e+00  2.47425089e+00 -3.33733314e-05 
 6.90564000e-02  2.50034700e+00  3.79881015e+00  2.46872081e+00  2.47139395e+00 -3.33937934e-05 
 6.90614000e-02  2.50037629e+00  3.79600230e+00  2.46591906e+00  2.46856477e+00 -3.34140403e-05 
 6.90664000e-02  2.50040521e+00  3.79322741e+00  2.46315051e+00  2.46576617e+00 -3.34340521e-05 
 6.90714000e-02  2.50043372e+00  3.79048823e+00  2.46041792e+00  2.46300092e+00 -3.34538087e-05 
 6.90764000e-02  2.50046181e+00  3.78778750e+00  2.45772401e+00  2.46027179e+00 -3.34732904e-05 
 6.90814000e-02  2.50048944e+00  3.78512791e+00  2.45507148e+00  2.45758148e+00 -3.34924778e-05 
 6.90864000e-02  2.50051659e+00  3.78251211e+00  2.45246295e+00  2.45493268e+00 -3.35113518e-05 
 6.90914000e-02  2.50054323e+00  3.77994271e+00  2.44990104e+00  2.45232804e+00 -3.35298933e-05 
 6.90964000e-02  2.50056934e+00  3.77742228e+00  2.44738829e+00  2.44977014e+00 -3.35480838e-05 
 6.91014000e-02  2.50059488e+00  3.77495332e+00  2.44492723e+00  2.44726154e+00 -3.35659053e-05 
 6.91064000e-02  2.50061983e+00  3.77253831e+00  2.44252030e+00  2.44480475e+00 -3.35833397e-05 
 6.91114000e-02  2.50064418e+00  3.77017965e+00  2.44016991e+00  2.44240222e+00 -3.36003696e-05 
 6.91164000e-02  2.50066788e+00  3.76787971e+00  2.43787841e+00  2.44005634e+00 -3.36169779e-05 
 6.91214000e-02  2.50069093e+00  3.76564078e+00  2.43564809e+00  2.43776947e+00 -3.36331480e-05 
 6.91264000e-02  2.50071330e+00  3.76346510e+00  2.43348118e+00  2.43554389e+00 -3.36488637e-05 
 6.91314000e-02  2.50073496e+00  3.76135485e+00  2.43137986e+00  2.43338183e+00 -3.36641091e-05 
 6.91364000e-02  2.50075590e+00  3.75931215e+00  2.42934621e+00  2.43128544e+00 -3.36788689e-05 
 6.91414000e-02  2.50077609e+00  3.75733903e+00  2.42738228e+00  2.42925683e+00 -3.36931284e-05 
 6.91464000e-02  2.50079552e+00  3.75543747e+00  2.42549004e+00  2.42729803e+00 -3.37068731e-05 
 6.91514000e-02  2.50081416e+00  3.75360937e+00  2.42367137e+00  2.42541100e+00 -3.37200893e-05 
 6.91564000e-02  2.50083199e+00  3.75185658e+00  2.42192811e+00  2.42359763e+00 -3.37327637e-05 
 6.91614000e-02  2.50084901e+00  3.75018084e+00  2.42026200e+00  2.42185973e+00 -3.37448834e-05 
 6.91664000e-02  2.50086519e+00  3.74858383e+00  2.41867470e+00  2.42019905e+00 -3.37564363e-05 
 6.91714000e-02  2.50088051e+00  3.74706715e+00  2.41716782e+00  2.41861725e+00 -3.37674109e-05 
 6.91764000e-02  2.50089497e+00  3.74563233e+00  2.41574285e+00  2.41711592e+00 -3.37777959e-05 
 6.91814000e-02  2.50090854e+00  3.74428081e+00  2.41440124e+00  2.41569656e+00 -3.37875810e-05 
 6.91864000e-02  2.50092121e+00  3.74301393e+00  2.41314432e+00  2.41436060e+00 -3.37967562e-05 
 6.91914000e-02  2.50093298e+00  3.74183298e+00  2.41197336e+00  2.41310938e+00 -3.38053125e-05 
 6.91964000e-02  2.50094382e+00  3.74073913e+00  2.41088953e+00  2.41194415e+00 -3.38132410e-05 
 6.92014000e-02  2.50095374e+00  3.73973348e+00  2.40989393e+00  2.41086608e+00 -3.38205339e-05 
 6.92064000e-02  2.50096271e+00  3.73881705e+00  2.40898754e+00  2.40987626e+00 -3.38271838e-05 
 6.92114000e-02  2.50097073e+00  3.73799075e+00  2.40817128e+00  2.40897567e+00 -3.38331839e-05 
 6.92164000e-02  2.50097780e+00  3.73725541e+00  2.40744597e+00  2.40816522e+00 -3.38385282e-05 
 6.92214000e-02  2.50098390e+00  3.73661177e+00  2.40681234e+00  2.40744573e+00 -3.38432114e-05 
 6.92264000e-02  2.50098903e+00  3.73606047e+00  2.40627102e+00  2.40681792e+00 -3.38472287e-05 
 6.92314000e-02  2.50099318e+00  3.73560208e+00  2.40582255e+00  2.40628241e+00 -3.38505760e-05 
 6.92364000e-02  2.50099635e+00  3.73523704e+00  2.40546740e+00  2.40583975e+00 -3.38532501e-05 
 6.92414000e-02  2.50099854e+00  3.73496574e+00  2.40520591e+00  2.40549038e+00 -3.38552481e-05 
 6.92464000e-02  2.50099974e+00  3.73478843e+00  2.40503834e+00  2.40523464e+00 -3.38565680e-05 
 6.92514000e-02  2.50099996e+00  3.73470529e+00  2.40496487e+00  2.40507281e+00 -3.38572087e-05 
 6.92564000e-02  2.50099919e+00  3.73471642e+00  2.40498556e+00  2.40500504e+00 -3.38571693e-05 
 6.92614000e-02  2.50099744e+00  3.73482179e+00  2.40510041e+00  2.40503139e+00 -3.38564499e-05 
 6.92664000e-02  2.50099470e+00  3.73502131e+00  2.40530928e+00  2.40515185e+00 -3.38550513e-05 
 6.92714000e-02  2.50099097e+00  3.73531477e+00  2.40561198e+00  2.40536628e+00 -3.38529749e-05 
 6.92764000e-02  2.50098627e+00  3.73570188e+00  2.40600820e+00  2.40567448e+00 -3.38502228e-05 
 6.92814000e-02  2.50098060e+00  3.73618224e+00  2.40649754e+00  2.40607614e+00 -3.38467978e-05 
 6.92864000e-02  2.50097396e+00  3.73675538e+00  2.40707950e+00  2.40657085e+00 -3.38427032e-05 
 6.92914000e-02  2.50096636e+00  3.73742072e+00  2.40775351e+00  2.40715811e+00 -3.38379434e-05 
 6.92964000e-02  2.50095780e+00  3.73817759e+00  2.40851889e+00  2.40783734e+00 -3.38325230e-05 
 6.93014000e-02  2.50094830e+00  3.73902523e+00  2.40937487e+00  2.40860785e+00 -3.38264475e-05 
 6.93064000e-02  2.50093786e+00  3.73996279e+00  2.41032058e+00  2.40946888e+00 -3.38197231e-05 
 6.93114000e-02  2.50092650e+00  3.74098933e+00  2.41135509e+00  2.41041954e+00 -3.38123566e-05 
 6.93164000e-02  2.50091423e+00  3.74210382e+00  2.41247735e+00  2.41145890e+00 -3.38043553e-05 
 6.93214000e-02  2.50090105e+00  3.74330514e+00  2.41368623e+00  2.41258591e+00 -3.37957274e-05 
 6.93264000e-02  2.50088698e+00  3.74459209e+00  2.41498053e+00  2.41379943e+00 -3.37864816e-05 
 6.93314000e-02  2.50087204e+00  3.74596336e+00  2.41635894e+00  2.41509825e+00 -3.37766271e-05 
 6.93364000e-02  2.50085623e+00  3.74741760e+00  2.41782008e+00  2.41648107e+00 -3.37661740e-05 
 6.93414000e-02  2.50083958e+00  3.74895333e+00  2.41936249e+00  2.41794650e+00 -3.37551327e-05 
 6.93464000e-02  2.50082210e+00  3.75056902e+00  2.42098462e+00  2.41949307e+00 -3.37435143e-05 
 6.93514000e-02  2.50080382e+00  3.75226305e+00  2.42268484e+00  2.42111922e+00 -3.37313307e-05 
 6.93564000e-02  2.50078473e+00  3.75403372e+00  2.42446145e+00  2.42282333e+00 -3.37185939e-05 
 6.93614000e-02  2.50076488e+00  3.75587926e+00  2.42631267e+00  2.42460370e+00 -3.37053170e-05 
 6.93664000e-02  2.50074426e+00  3.75779782e+00  2.42823664e+00  2.42645853e+00 -3.36915131e-05 
 6.93714000e-02  2.50072292e+00  3.75978747e+00  2.43023145e+00  2.42838597e+00 -3.36771962e-05 
 6.93764000e-02  2.50070086e+00  3.76184623e+00  2.43229508e+00  2.43038409e+00 -3.36623808e-05 
 6.93814000e-02  2.50067811e+00  3.76397203e+00  2.43442548e+00  2.43245089e+00 -3.36470816e-05 
 6.93864000e-02  2.50065469e+00  3.76616275e+00  2.43662051e+00  2.43458429e+00 -3.36313140e-05 
 6.93914000e-02  2.50063062e+00  3.76841619e+00  2.43887798e+00  2.43678218e+00 -3.36150940e-05 
 6.93964000e-02  2.50060593e+00  3.77073010e+00  2.44119563e+00  2.43904233e+00 -3.35984377e-05 
 6.94014000e-02  2.50058065e+00  3.77310218e+00  2.44357114e+00  2.44136251e+00 -3.35813618e-05 
 6.94064000e-02  2.50055479e+00  3.77553004e+00  2.44600215e+00  2.44374038e+00 -3.35638836e-05 
 6.94114000e-02  2.50052838e+00  3.77801126e+00  2.44848621e+00  2.44617357e+00 -3.35460205e-05 
 6.94164000e-02  2.50050145e+00  3.78054337e+00  2.45102086e+00  2.44865966e+00 -3.35277903e-05 
 6.94214000e-02  2.50047403e+00  3.78312384e+00  2.45360356e+00  2.45119615e+00 -3.35092114e-05 
 6.94264000e-02  2.50044614e+00  3.78575009e+00  2.45623174e+00  2.45378052e+00 -3.34903024e-05 
 6.94314000e-02  2.50041780e+00  3.78841951e+00  2.45890277e+00  2.45641020e+00 -3.34710821e-05 
 6.94364000e-02  2.50038906e+00  3.79112943e+00  2.46161399e+00  2.45908254e+00 -3.34515698e-05 
 6.94414000e-02  2.50035993e+00  3.79387715e+00  2.46436270e+00  2.46179491e+00 -3.34317849e-05 
 6.94464000e-02  2.50033045e+00  3.79665995e+00  2.46714617e+00  2.46454458e+00 -3.34117472e-05 
 6.94514000e-02  2.50030064e+00  3.79947504e+00  2.46996163e+00  2.46732883e+00 -3.33914767e-05 
 6.94564000e-02  2.50027053e+00  3.80231964e+00  2.47280627e+00  2.47014488e+00 -3.33709936e-05 
 6.94614000e-02  2.50024016e+00  3.80519090e+00  2.47567726e+00  2.47298994e+00 -3.33503182e-05 
 6.94664000e-02  2.50020955e+00  3.80808598e+00  2.47857176e+00  2.47586117e+00 -3.33294713e-05 
 6.94714000e-02  2.50017873e+00  3.81100200e+00  2.48148688e+00  2.47875572e+00 -3.33084734e-05 
 6.94764000e-02  2.50014774e+00  3.81393607e+00  2.48441974e+00  2.48167071e+00 -3.32873456e-05 
 6.94814000e-02  2.50011660e+00  3.81688528e+00  2.48736742e+00  2.48460326e+00 -3.32661087e-05 
 6.94864000e-02  2.50008535e+00  3.81984670e+00  2.49032701e+00  2.48755045e+00 -3.32447838e-05 
 6.94914000e-02  2.50005401e+00  3.82281740e+00  2.49329557e+00  2.49050937e+00 -3.32233922e-05 
 6.94964000e-02  2.50002262e+00  3.82579443e+00  2.49627016e+00  2.49347708e+00 -3.32019549e-05 
 6.95014000e-02  2.49999120e+00  3.82877487e+00  2.49924785e+00  2.49645064e+00 -3.31804932e-05 
 6.95064000e-02  2.49995980e+00  3.83175574e+00  2.50222567e+00  2.49942711e+00 -3.31590284e-05 
 6.95114000e-02  2.49992843e+00  3.83473412e+00  2.50520070e+00  2.50240355e+00 -3.31375816e-05 
 6.95164000e-02  2.49989714e+00  3.83770705e+00  2.50816999e+00  2.50537702e+00 -3.31161741e-05 
 6.95214000e-02  2.49986594e+00  3.84067161e+00  2.51113062e+00  2.50834458e+00 -3.30948269e-05 
 6.95264000e-02  2.49983488e+00  3.84362487e+00  2.51407966e+00  2.51130330e+00 -3.30735611e-05 
 6.95314000e-02  2.49980399e+00  3.84656393e+00  2.51701421e+00  2.51425027e+00 -3.30523977e-05 
 6.95364000e-02  2.49977328e+00  3.84948588e+00  2.51993139e+00  2.51718258e+00 -3.30313574e-05 
 6.95414000e-02  2.49974280e+00  3.85238785e+00  2.52282831e+00  2.52009735e+00 -3.30104610e-05 
 6.95464000e-02  2.49971257e+00  3.85526699e+00  2.52570213e+00  2.52299170e+00 -3.29897289e-05 
 6.95514000e-02  2.49968263e+00  3.85812048e+00  2.52855003e+00  2.52586280e+00 -3.29691815e-05 
 6.95564000e-02  2.49965300e+00  3.86094550e+00  2.53136921e+00  2.52870781e+00 -3.29488390e-05 
 6.95614000e-02  2.49962371e+00  3.86373929e+00  2.53415691e+00  2.53152395e+00 -3.29287213e-05 
 6.95664000e-02  2.49959479e+00  3.86649911e+00  2.53691039e+00  2.53430846e+00 -3.29088480e-05 
 6.95714000e-02  2.49956628e+00  3.86922225e+00  2.53962695e+00  2.53705861e+00 -3.28892386e-05 
 6.95764000e-02  2.49953819e+00  3.87190606e+00  2.54230395e+00  2.53977169e+00 -3.28699122e-05 
 6.95814000e-02  2.49951056e+00  3.87454790e+00  2.54493876e+00  2.54244507e+00 -3.28508877e-05 
 6.95864000e-02  2.49948341e+00  3.87714519e+00  2.54752880e+00  2.54507612e+00 -3.28321837e-05 
 6.95914000e-02  2.49945677e+00  3.87969541e+00  2.55007154e+00  2.54766226e+00 -3.28138182e-05 
 6.95964000e-02  2.49943066e+00  3.88219605e+00  2.55256452e+00  2.55020099e+00 -3.27958093e-05 
 6.96014000e-02  2.49940512e+00  3.88464469e+00  2.55500528e+00  2.55268982e+00 -3.27781743e-05 
 6.96064000e-02  2.49938017e+00  3.88703893e+00  2.55739147e+00  2.55512632e+00 -3.27609305e-05 
 6.96114000e-02  2.49935582e+00  3.88937644e+00  2.55972075e+00  2.55750812e+00 -3.27440945e-05 
 6.96164000e-02  2.49933212e+00  3.89165496e+00  2.56199085e+00  2.55983290e+00 -3.27276826e-05 
 6.96214000e-02  2.49930907e+00  3.89387226e+00  2.56419958e+00  2.56209840e+00 -3.27117108e-05 
 6.96264000e-02  2.49928670e+00  3.89602620e+00  2.56634479e+00  2.56430242e+00 -3.26961945e-05 
 6.96314000e-02  2.49926504e+00  3.89811468e+00  2.56842439e+00  2.56644281e+00 -3.26811486e-05 
 6.96364000e-02  2.49924410e+00  3.90013567e+00  2.57043636e+00  2.56851751e+00 -3.26665878e-05 
 6.96414000e-02  2.49922391e+00  3.90208722e+00  2.57237876e+00  2.57052449e+00 -3.26525260e-05 
 6.96464000e-02  2.49920448e+00  3.90396744e+00  2.57424971e+00  2.57246182e+00 -3.26389769e-05 
 6.96514000e-02  2.49918584e+00  3.90577450e+00  2.57604740e+00  2.57432761e+00 -3.26259534e-05 
 6.96564000e-02  2.49916801e+00  3.90750666e+00  2.57777007e+00  2.57612006e+00 -3.26134681e-05 
 6.96614000e-02  2.49915099e+00  3.90916225e+00  2.57941608e+00  2.57783743e+00 -3.26015330e-05 
 6.96664000e-02  2.49913481e+00  3.91073966e+00  2.58098383e+00  2.57947807e+00 -3.25901596e-05 
 6.96714000e-02  2.49911949e+00  3.91223737e+00  2.58247181e+00  2.58104040e+00 -3.25793587e-05 
 6.96764000e-02  2.49910503e+00  3.91365393e+00  2.58387857e+00  2.58252289e+00 -3.25691408e-05 
 6.96814000e-02  2.49909146e+00  3.91498799e+00  2.58520277e+00  2.58392413e+00 -3.25595157e-05 
 6.96864000e-02  2.49907879e+00  3.91623824e+00  2.58644312e+00  2.58524275e+00 -3.25504925e-05 
 6.96914000e-02  2.49906702e+00  3.91740349e+00  2.58759844e+00  2.58647749e+00 -3.25420800e-05 
 6.96964000e-02  2.49905618e+00  3.91848262e+00  2.58866760e+00  2.58762717e+00 -3.25342861e-05 
 6.97014000e-02  2.49904626e+00  3.91947458e+00  2.58964959e+00  2.58869066e+00 -3.25271184e-05 
 6.97064000e-02  2.49903729e+00  3.92037843e+00  2.59054344e+00  2.58966695e+00 -3.25205837e-05 
 6.97114000e-02  2.49902927e+00  3.92119328e+00  2.59134832e+00  2.59055510e+00 -3.25146881e-05 
 6.97164000e-02  2.49902220e+00  3.92191836e+00  2.59206343e+00  2.59135425e+00 -3.25094375e-05 
 6.97214000e-02  2.49901610e+00  3.92255298e+00  2.59268809e+00  2.59206363e+00 -3.25048367e-05 
 6.97264000e-02  2.49901097e+00  3.92309651e+00  2.59322171e+00  2.59268257e+00 -3.25008903e-05 
 6.97314000e-02  2.49900682e+00  3.92354843e+00  2.59366377e+00  2.59321046e+00 -3.24976018e-05 
 6.97364000e-02  2.49900365e+00  3.92390833e+00  2.59401384e+00  2.59364681e+00 -3.24949746e-05 
 6.97414000e-02  2.49900146e+00  3.92417583e+00  2.59427159e+00  2.59399119e+00 -3.24930111e-05 
 6.97464000e-02  2.49900026e+00  3.92435070e+00  2.59443676e+00  2.59424326e+00 -3.24917131e-05 
 6.97514000e-02  2.49900004e+00  3.92443276e+00  2.59450922e+00  2.59440280e+00 -3.24910820e-05 
 6.97564000e-02  2.49900081e+00  3.92442193e+00  2.59448887e+00  2.59446963e+00 -3.24911183e-05 
 6.97614000e-02  2.49900256e+00  3.92431822e+00  2.59437575e+00  2.59444371e+00 -3.24918219e-05 
 6.97664000e-02  2.49900530e+00  3.92412174e+00  2.59416995e+00  2.59432506e+00 -3.24931924e-05 
 6.97714000e-02  2.49900903e+00  3.92383266e+00  2.59387169e+00  2.59411378e+00 -3.24952282e-05 
 6.97764000e-02  2.49901373e+00  3.92345128e+00  2.59348124e+00  2.59381009e+00 -3.24979275e-05 
 6.97814000e-02  2.49901940e+00  3.92297795e+00  2.59299898e+00  2.59341427e+00 -3.25012877e-05 
 6.97864000e-02  2.49902604e+00  3.92241312e+00  2.59242537e+00  2.59292670e+00 -3.25053057e-05 
 6.97914000e-02  2.49903364e+00  3.92175735e+00  2.59176097e+00  2.59234786e+00 -3.25099775e-05 
 6.97964000e-02  2.49904220e+00  3.92101126e+00  2.59100641e+00  2.59167830e+00 -3.25152987e-05 
 6.98014000e-02  2.49905170e+00  3.92017557e+00  2.59016242e+00  2.59091866e+00 -3.25212643e-05 
 6.98064000e-02  2.49906214e+00  3.91925109e+00  2.58922982e+00  2.59006967e+00 -3.25278686e-05 
 6.98114000e-02  2.49907350e+00  3.91823869e+00  2.58820949e+00  2.58913216e+00 -3.25351052e-05 
 6.98164000e-02  2.49908577e+00  3.91713936e+00  2.58710242e+00  2.58810701e+00 -3.25429672e-05 
 6.98214000e-02  2.49909895e+00  3.91595416e+00  2.58590967e+00  2.58699523e+00 -3.25514471e-05 
 6.98264000e-02  2.49911302e+00  3.91468422e+00  2.58463240e+00  2.58579787e+00 -3.25605368e-05 
 6.98314000e-02  2.49912796e+00  3.91333077e+00  2.58327184e+00  2.58451610e+00 -3.25702276e-05 
 6.98364000e-02  2.49914377e+00  3.91189511e+00  2.58182930e+00  2.58315115e+00 -3.25805102e-05 
 6.98414000e-02  2.49916042e+00  3.91037864e+00  2.58030616e+00  2.58170433e+00 -3.25913747e-05 
 6.98464000e-02  2.49917790e+00  3.90878281e+00  2.57870391e+00  2.58017704e+00 -3.26028108e-05 
 6.98514000e-02  2.49919618e+00  3.90710917e+00  2.57702409e+00  2.57857076e+00 -3.26148074e-05 
 6.98564000e-02  2.49921527e+00  3.90535932e+00  2.57526831e+00  2.57688704e+00 -3.26273531e-05 
 6.98614000e-02  2.49923512e+00  3.90353497e+00  2.57343829e+00  2.57512750e+00 -3.26404357e-05 
 6.98664000e-02  2.49925574e+00  3.90163788e+00  2.57153578e+00  2.57329384e+00 -3.26540426e-05 
 6.98714000e-02  2.49927708e+00  3.89966989e+00  2.56956264e+00  2.57138785e+00 -3.26681609e-05 
 6.98764000e-02  2.49929914e+00  3.89763290e+00  2.56752077e+00  2.56941136e+00 -3.26827767e-05 
 6.98814000e-02  2.49932189e+00  3.89552888e+00  2.56541215e+00  2.56736629e+00 -3.26978762e-05 
 6.98864000e-02  2.49934531e+00  3.89335989e+00  2.56323884e+00  2.56525463e+00 -3.27134445e-05 
 6.98914000e-02  2.49936938e+00  3.89112802e+00  2.56100293e+00  2.56307842e+00 -3.27294669e-05 
 6.98964000e-02  2.49939407e+00  3.88883544e+00  2.55870660e+00  2.56083977e+00 -3.27459276e-05 
 6.99014000e-02  2.49941935e+00  3.88648438e+00  2.55635209e+00  2.55854086e+00 -3.27628108e-05 
 6.99064000e-02  2.49944521e+00  3.88407713e+00  2.55394168e+00  2.55618394e+00 -3.27801002e-05 
 6.99114000e-02  2.49947162e+00  3.88161604e+00  2.55147773e+00  2.55377128e+00 -3.27977789e-05 
 6.99164000e-02  2.49949855e+00  3.87910349e+00  2.54896263e+00  2.55130524e+00 -3.28158297e-05 
 6.99214000e-02  2.49952597e+00  3.87654195e+00  2.54639884e+00  2.54878822e+00 -3.28342352e-05 
 6.99264000e-02  2.49955386e+00  3.87393391e+00  2.54378886e+00  2.54622269e+00 -3.28529774e-05 
 6.99314000e-02  2.49958220e+00  3.87128192e+00  2.54113523e+00  2.54361113e+00 -3.28720381e-05 
 6.99364000e-02  2.49961094e+00  3.86858857e+00  2.53844056e+00  2.54095611e+00 -3.28913987e-05 
 6.99414000e-02  2.49964007e+00  3.86585650e+00  2.53570748e+00  2.53826021e+00 -3.29110403e-05 
 6.99464000e-02  2.49966955e+00  3.86308838e+00  2.53293866e+00  2.53552608e+00 -3.29309437e-05 
 6.99514000e-02  2.49969936e+00  3.86028693e+00  2.53013682e+00  2.53275640e+00 -3.29510894e-05 
 6.99564000e-02  2.49972947e+00  3.85745488e+00  2.52730470e+00  2.52995387e+00 -3.29714577e-05 
 6.99614000e-02  2.49975984e+00  3.85459502e+00  2.52444509e+00  2.52712125e+00 -3.29920287e-05 
 6.99664000e-02  2.49979045e+00  3.85171016e+00  2.52156079e+00  2.52426131e+00 -3.30127823e-05 
 6.99714000e-02  2.49982127e+00  3.84880314e+00  2.51865464e+00  2.52137687e+00 -3.30336979e-05 
 6.99764000e-02  2.49985226e+00  3.84587680e+00  2.51572949e+00  2.51847076e+00 -3.30547551e-05 
 6.99814000e-02  2.49988340e+00  3.84293404e+00  2.51278823e+00  2.51554583e+00 -3.30759332e-05 
 6.99864000e-02  2.49991465e+00  3.83997775e+00  2.50983375e+00  2.51260497e+00 -3.30972114e-05 
 6.99914000e-02  2.49994599e+00  3.83701085e+00  2.50686897e+00  2.50965107e+00 -3.31185686e-05 
 6.99964000e-02  2.49997738e+00  3.83403626e+00  2.50389680e+00  2.50668705e+00 -3.31399837e-05 
 7.00014000e-02  2.50000880e+00  3.83105691e+00  2.50092019e+00  2.50371583e+00 -3.31614358e-05 
 7.00064000e-02  2.50004020e+00  3.82807576e+00  2.49794206e+00  2.50074034e+00 -3.31829035e-05 
 7.00114000e-02  2.50007157e+00  3.82509574e+00  2.49496538e+00  2.49776352e+00 -3.32043656e-05 
 7.00164000e-02  2.50010286e+00  3.82211981e+00  2.49199307e+00  2.49478832e+00 -3.32258010e-05 
 7.00214000e-02  2.50013406e+00  3.81915091e+00  2.48902809e+00  2.49181767e+00 -3.32471883e-05 
 7.00264000e-02  2.50016512e+00  3.81619198e+00  2.48607337e+00  2.48885452e+00 -3.32685064e-05 
 7.00314000e-02  2.50019601e+00  3.81324595e+00  2.48313183e+00  2.48590180e+00 -3.32897341e-05 
 7.00364000e-02  2.50022672e+00  3.81031575e+00  2.48020640e+00  2.48296244e+00 -3.33108504e-05 
 7.00414000e-02  2.50025720e+00  3.80740428e+00  2.47729998e+00  2.48003935e+00 -3.33318342e-05 
 7.00464000e-02  2.50028743e+00  3.80451443e+00  2.47441545e+00  2.47713544e+00 -3.33526648e-05 
 7.00514000e-02  2.50031737e+00  3.80164907e+00  2.47155568e+00  2.47425358e+00 -3.33733213e-05 
 7.00564000e-02  2.50034700e+00  3.79881106e+00  2.46872351e+00  2.47139664e+00 -3.33937832e-05 
 7.00614000e-02  2.50037629e+00  3.79600321e+00  2.46592175e+00  2.46856747e+00 -3.34140301e-05 
 7.00664000e-02  2.50040521e+00  3.79322831e+00  2.46315320e+00  2.46576886e+00 -3.34340419e-05 
 7.00714000e-02  2.50043372e+00  3.79048914e+00  2.46042061e+00  2.46300362e+00 -3.34537985e-05 
 7.00764000e-02  2.50046181e+00  3.78778841e+00  2.45772671e+00  2.46027448e+00 -3.34732802e-05 
 7.00814000e-02  2.50048944e+00  3.78512882e+00  2.45507417e+00  2.45758417e+00 -3.34924676e-05 
 7.00864000e-02  2.50051659e+00  3.78251302e+00  2.45246564e+00  2.45493538e+00 -3.35113416e-05 
 7.00914000e-02  2.50054323e+00  3.77994362e+00  2.44990373e+00  2.45233073e+00 -3.35298831e-05 
 7.00964000e-02  2.50056934e+00  3.77742319e+00  2.44739099e+00  2.44977283e+00 -3.35480736e-05 
 7.01014000e-02  2.50059488e+00  3.77495423e+00  2.44492992e+00  2.44726424e+00 -3.35658950e-05 
 7.01064000e-02  2.50061983e+00  3.77253922e+00  2.44252299e+00  2.44480745e+00 -3.35833294e-05 
 7.01114000e-02  2.50064418e+00  3.77018056e+00  2.44017260e+00  2.44240491e+00 -3.36003593e-05 
 7.01164000e-02  2.50066788e+00  3.76788062e+00  2.43788111e+00  2.44005904e+00 -3.36169677e-05 
 7.01214000e-02  2.50069093e+00  3.76564169e+00  2.43565079e+00  2.43777217e+00 -3.36331378e-05 
 7.01264000e-02  2.50071330e+00  3.76346601e+00  2.43348388e+00  2.43554659e+00 -3.36488534e-05 
 7.01314000e-02  2.50073496e+00  3.76135577e+00  2.43138255e+00  2.43338453e+00 -3.36640988e-05 
 7.01364000e-02  2.50075590e+00  3.75931306e+00  2.42934891e+00  2.43128814e+00 -3.36788587e-05 
 7.01414000e-02  2.50077609e+00  3.75733994e+00  2.42738498e+00  2.42925953e+00 -3.36931181e-05 
 7.01464000e-02  2.50079552e+00  3.75543838e+00  2.42549273e+00  2.42730073e+00 -3.37068629e-05 
 7.01514000e-02  2.50081416e+00  3.75361029e+00  2.42367407e+00  2.42541370e+00 -3.37200791e-05 
 7.01564000e-02  2.50083199e+00  3.75185749e+00  2.42193081e+00  2.42360032e+00 -3.37327534e-05 
 7.01614000e-02  2.50084901e+00  3.75018175e+00  2.42026469e+00  2.42186243e+00 -3.37448731e-05 
 7.01664000e-02  2.50086519e+00  3.74858474e+00  2.41867740e+00  2.42020175e+00 -3.37564261e-05 
 7.01714000e-02  2.50088051e+00  3.74706807e+00  2.41717052e+00  2.41861995e+00 -3.37674006e-05 
 7.01764000e-02  2.50089497e+00  3.74563325e+00  2.41574555e+00  2.41711862e+00 -3.37777856e-05 
 7.01814000e-02  2.50090854e+00  3.74428173e+00  2.41440394e+00  2.41569926e+00 -3.37875707e-05 
 7.01864000e-02  2.50092121e+00  3.74301485e+00  2.41314702e+00  2.41436330e+00 -3.37967460e-05 
 7.01914000e-02  2.50093298e+00  3.74183390e+00  2.41197606e+00  2.41311208e+00 -3.38053022e-05 
 7.01964000e-02  2.50094382e+00  3.74074005e+00  2.41089223e+00  2.41194685e+00 -3.38132307e-05 
 7.02014000e-02  2.50095374e+00  3.73973440e+00  2.40989663e+00  2.41086878e+00 -3.38205236e-05 
 7.02064000e-02  2.50096271e+00  3.73881797e+00  2.40899024e+00  2.40987896e+00 -3.38271735e-05 
 7.02114000e-02  2.50097073e+00  3.73799167e+00  2.40817398e+00  2.40897837e+00 -3.38331736e-05 
 7.02164000e-02  2.50097780e+00  3.73725633e+00  2.40744867e+00  2.40816792e+00 -3.38385179e-05 
 7.02214000e-02  2.50098390e+00  3.73661269e+00  2.40681504e+00  2.40744843e+00 -3.38432011e-05 
 7.02264000e-02  2.50098903e+00  3.73606140e+00  2.40627372e+00  2.40682062e+00 -3.38472184e-05 
 7.02314000e-02  2.50099318e+00  3.73560300e+00  2.40582526e+00  2.40628511e+00 -3.38505657e-05 
 7.02364000e-02  2.50099635e+00  3.73523797e+00  2.40547010e+00  2.40584245e+00 -3.38532398e-05 
 7.02414000e-02  2.50099854e+00  3.73496666e+00  2.40520861e+00  2.40549308e+00 -3.38552378e-05 
 7.02464000e-02  2.50099974e+00  3.73478935e+00  2.40504104e+00  2.40523735e+00 -3.38565577e-05 
 7.02514000e-02  2.50099996e+00  3.73470622e+00  2.40496757e+00  2.40507551e+00 -3.38571983e-05 
 7.02564000e-02  2.50099919e+00  3.73471734e+00  2.40498827e+00  2.40500774e+00 -3.38571590e-05 
 7.02614000e-02  2.50099744e+00  3.73482272e+00  2.40510311e+00  2.40503409e+00 -3.38564396e-05 
 7.02664000e-02  2.50099470e+00  3.73502224e+00  2.40531199e+00  2.40515455e+00 -3.38550410e-05 
 7.02714000e-02  2.50099097e+00  3.73531570e+00  2.40561469e+00  2.40536898e+00 -3.38529646e-05 
 7.02764000e-02  2.50098627e+00  3.73570280e+00  2.40601090e+00  2.40567719e+00 -3.38502125e-05 
 7.02814000e-02  2.50098060e+00  3.73618317e+00  2.40650024e+00  2.40607884e+00 -3.38467875e-05 
 7.02864000e-02  2.50097396e+00  3.73675631e+00  2.40708220e+00  2.40657355e+00 -3.38426929e-05 
 7.02914000e-02  2.50096636e+00  3.73742165e+00  2.40775621e+00  2.40716081e+00 -3.38379331e-05 
 7.02964000e-02  2.50095780e+00  3.73817852e+00  2.40852159e+00  2.40784004e+00 -3.38325126e-05 
 7.03014000e-02  2.50094830e+00  3.73902616e+00  2.40937757e+00  2.40861056e+00 -3.38264372e-05 
 7.03064000e-02  2.50093786e+00  3.73996372e+00  2.41032329e+00  2.40947158e+00 -3.38197128e-05 
 7.03114000e-02  2.50092650e+00  3.74099026e+00  2.41135779e+00  2.41042224e+00 -3.38123462e-05 
 7.03164000e-02  2.50091423e+00  3.74210475e+00  2.41248005e+00  2.41146160e+00 -3.38043450e-05 
 7.03214000e-02  2.50090105e+00  3.74330607e+00  2.41368893e+00  2.41258861e+00 -3.37957171e-05 
 7.03264000e-02  2.50088698e+00  3.74459301e+00  2.41498323e+00  2.41380213e+00 -3.37864712e-05 
 7.03314000e-02  2.50087204e+00  3.74596429e+00  2.41636164e+00  2.41510095e+00 -3.37766168e-05 
 7.03364000e-02  2.50085623e+00  3.74741853e+00  2.41782278e+00  2.41648377e+00 -3.37661636e-05 
 7.03414000e-02  2.50083958e+00  3.74895426e+00  2.41936519e+00  2.41794920e+00 -3.37551223e-05 
 7.03464000e-02  2.50082210e+00  3.75056995e+00  2.42098732e+00  2.41949577e+00 -3.37435040e-05 
 7.03514000e-02  2.50080382e+00  3.75226398e+00  2.42268754e+00  2.42112192e+00 -3.37313203e-05 
 7.03564000e-02  2.50078473e+00  3.75403465e+00  2.42446415e+00  2.42282604e+00 -3.37185836e-05 
 7.03614000e-02  2.50076488e+00  3.75588019e+00  2.42631537e+00  2.42460640e+00 -3.37053066e-05 
 7.03664000e-02  2.50074426e+00  3.75779875e+00  2.42823934e+00  2.42646123e+00 -3.36915028e-05 
 7.03714000e-02  2.50072292e+00  3.75978840e+00  2.43023415e+00  2.42838867e+00 -3.36771859e-05 
 7.03764000e-02  2.50070086e+00  3.76184716e+00  2.43229778e+00  2.43038679e+00 -3.36623704e-05 
 7.03814000e-02  2.50067811e+00  3.76397296e+00  2.43442818e+00  2.43245359e+00 -3.36470712e-05 
 7.03864000e-02  2.50065469e+00  3.76616368e+00  2.43662321e+00  2.43458699e+00 -3.36313037e-05 
 7.03914000e-02  2.50063062e+00  3.76841712e+00  2.43888068e+00  2.43678488e+00 -3.36150836e-05 
 7.03964000e-02  2.50060593e+00  3.77073104e+00  2.44119833e+00  2.43904503e+00 -3.35984273e-05 
 7.04014000e-02  2.50058065e+00  3.77310311e+00  2.44357384e+00  2.44136521e+00 -3.35813515e-05 
 7.04064000e-02  2.50055479e+00  3.77553097e+00  2.44600485e+00  2.44374308e+00 -3.35638733e-05 
 7.04114000e-02  2.50052838e+00  3.77801219e+00  2.44848891e+00  2.44617627e+00 -3.35460101e-05 
 7.04164000e-02  2.50050145e+00  3.78054430e+00  2.45102356e+00  2.44866236e+00 -3.35277800e-05 
 7.04214000e-02  2.50047403e+00  3.78312477e+00  2.45360626e+00  2.45119885e+00 -3.35092011e-05 
 7.04264000e-02  2.50044614e+00  3.78575102e+00  2.45623443e+00  2.45378322e+00 -3.34902921e-05 
 7.04314000e-02  2.50041780e+00  3.78842044e+00  2.45890547e+00  2.45641289e+00 -3.34710718e-05 
 7.04364000e-02  2.50038906e+00  3.79113036e+00  2.46161669e+00  2.45908524e+00 -3.34515594e-05 
 7.04414000e-02  2.50035993e+00  3.79387809e+00  2.46436540e+00  2.46179761e+00 -3.34317745e-05 
 7.04464000e-02  2.50033045e+00  3.79666088e+00  2.46714887e+00  2.46454728e+00 -3.34117369e-05 
 7.04514000e-02  2.50030064e+00  3.79947597e+00  2.46996433e+00  2.46733153e+00 -3.33914663e-05 
 7.04564000e-02  2.50027053e+00  3.80232057e+00  2.47280896e+00  2.47014758e+00 -3.33709832e-05 
 7.04614000e-02  2.50024016e+00  3.80519183e+00  2.47567996e+00  2.47299264e+00 -3.33503079e-05 
 7.04664000e-02  2.50020955e+00  3.80808691e+00  2.47857445e+00  2.47586386e+00 -3.33294609e-05 
 7.04714000e-02  2.50017873e+00  3.81100293e+00  2.48148958e+00  2.47875841e+00 -3.33084631e-05 
 7.04764000e-02  2.50014774e+00  3.81393700e+00  2.48442244e+00  2.48167341e+00 -3.32873352e-05 
 7.04814000e-02  2.50011660e+00  3.81688621e+00  2.48737012e+00  2.48460596e+00 -3.32660983e-05 
 7.04864000e-02  2.50008535e+00  3.81984763e+00  2.49032971e+00  2.48755315e+00 -3.32447735e-05 
 7.04914000e-02  2.50005401e+00  3.82281833e+00  2.49329827e+00  2.49051207e+00 -3.32233818e-05 
 7.04964000e-02  2.50002262e+00  3.82579537e+00  2.49627286e+00  2.49347977e+00 -3.32019446e-05 
 7.05014000e-02  2.49999120e+00  3.82877580e+00  2.49925054e+00  2.49645333e+00 -3.31804829e-05 
 7.05064000e-02  2.49995980e+00  3.83175667e+00  2.50222837e+00  2.49942981e+00 -3.31590181e-05 
 7.05114000e-02  2.49992843e+00  3.83473505e+00  2.50520340e+00  2.50240625e+00 -3.31375713e-05 
 7.05164000e-02  2.49989714e+00  3.83770798e+00  2.50817269e+00  2.50537972e+00 -3.31161638e-05 
 7.05214000e-02  2.49986594e+00  3.84067254e+00  2.51113331e+00  2.50834728e+00 -3.30948166e-05 
 7.05264000e-02  2.49983488e+00  3.84362581e+00  2.51408236e+00  2.51130600e+00 -3.30735508e-05 
 7.05314000e-02  2.49980399e+00  3.84656486e+00  2.51701691e+00  2.51425297e+00 -3.30523873e-05 
 7.05364000e-02  2.49977328e+00  3.84948681e+00  2.51993408e+00  2.51718528e+00 -3.30313471e-05 
 7.05414000e-02  2.49974280e+00  3.85238878e+00  2.52283100e+00  2.52010004e+00 -3.30104506e-05 
 7.05464000e-02  2.49971257e+00  3.85526793e+00  2.52570482e+00  2.52299440e+00 -3.29897186e-05 
 7.05514000e-02  2.49968263e+00  3.85812141e+00  2.52855272e+00  2.52586549e+00 -3.29691712e-05 
 7.05564000e-02  2.49965300e+00  3.86094643e+00  2.53137190e+00  2.52871050e+00 -3.29488287e-05 
 7.05614000e-02  2.49962371e+00  3.86374022e+00  2.53415960e+00  2.53152665e+00 -3.29287110e-05 
 7.05664000e-02  2.49959479e+00  3.86650004e+00  2.53691308e+00  2.53431115e+00 -3.29088377e-05 
 7.05714000e-02  2.49956628e+00  3.86922318e+00  2.53962965e+00  2.53706130e+00 -3.28892283e-05 
 7.05764000e-02  2.49953819e+00  3.87190699e+00  2.54230664e+00  2.53977439e+00 -3.28699019e-05 
 7.05814000e-02  2.49951056e+00  3.87454883e+00  2.54494145e+00  2.54244776e+00 -3.28508774e-05 
 7.05864000e-02  2.49948341e+00  3.87714613e+00  2.54753149e+00  2.54507881e+00 -3.28321733e-05 
 7.05914000e-02  2.49945677e+00  3.87969634e+00  2.55007423e+00  2.54766496e+00 -3.28138079e-05 
 7.05964000e-02  2.49943066e+00  3.88219698e+00  2.55256721e+00  2.55020368e+00 -3.27957989e-05 
 7.06014000e-02  2.49940512e+00  3.88464562e+00  2.55500797e+00  2.55269251e+00 -3.27781640e-05 
 7.06064000e-02  2.49938017e+00  3.88703986e+00  2.55739416e+00  2.55512901e+00 -3.27609201e-05 
 7.06114000e-02  2.49935582e+00  3.88937737e+00  2.55972344e+00  2.55751081e+00 -3.27440841e-05 
 7.06164000e-02  2.49933212e+00  3.89165589e+00  2.56199354e+00  2.55983559e+00 -3.27276723e-05 
 7.06214000e-02  2.49930907e+00  3.89387319e+00  2.56420227e+00  2.56210109e+00 -3.27117005e-05 
 7.06264000e-02  2.49928670e+00  3.89602713e+00  2.56634748e+00  2.56430510e+00 -3.26961842e-05 
 7.06314000e-02  2.49926504e+00  3.89811561e+00  2.56842707e+00  2.56644550e+00 -3.26811383e-05 
 7.06364000e-02  2.49924410e+00  3.90013660e+00  2.57043905e+00  2.56852020e+00 -3.26665775e-05 
 7.06414000e-02  2.49922391e+00  3.90208815e+00  2.57238145e+00  2.57052718e+00 -3.26525157e-05 
 7.06464000e-02  2.49920448e+00  3.90396837e+00  2.57425240e+00  2.57246450e+00 -3.26389666e-05 
 7.06514000e-02  2.49918584e+00  3.90577543e+00  2.57605008e+00  2.57433029e+00 -3.26259431e-05 
 7.06564000e-02  2.49916801e+00  3.90750760e+00  2.57777276e+00  2.57612274e+00 -3.26134578e-05 
 7.06614000e-02  2.49915099e+00  3.90916318e+00  2.57941877e+00  2.57784012e+00 -3.26015227e-05 
 7.06664000e-02  2.49913481e+00  3.91074059e+00  2.58098652e+00  2.57948076e+00 -3.25901492e-05 
 7.06714000e-02  2.49911949e+00  3.91223830e+00  2.58247449e+00  2.58104308e+00 -3.25793484e-05 
 7.06764000e-02  2.49910503e+00  3.91365487e+00  2.58388126e+00  2.58252558e+00 -3.25691305e-05 
 7.06814000e-02  2.49909146e+00  3.91498892e+00  2.58520546e+00  2.58392681e+00 -3.25595054e-05 
 7.06864000e-02  2.49907879e+00  3.91623917e+00  2.58644581e+00  2.58524544e+00 -3.25504822e-05 
 7.06914000e-02  2.49906702e+00  3.91740443e+00  2.58760113e+00  2.58648018e+00 -3.25420697e-05 
 7.06964000e-02  2.49905618e+00  3.91848355e+00  2.58867029e+00  2.58762985e+00 -3.25342758e-05 
 7.07014000e-02  2.49904626e+00  3.91947552e+00  2.58965227e+00  2.58869335e+00 -3.25271081e-05 
 7.07064000e-02  2.49903729e+00  3.92037936e+00  2.59054613e+00  2.58966964e+00 -3.25205733e-05 
 7.07114000e-02  2.49902927e+00  3.92119422e+00  2.59135100e+00  2.59055778e+00 -3.25146778e-05 
 7.07164000e-02  2.49902220e+00  3.92191930e+00  2.59206612e+00  2.59135693e+00 -3.25094272e-05 
 7.07214000e-02  2.49901610e+00  3.92255391e+00  2.59269078e+00  2.59206632e+00 -3.25048264e-05 
 7.07264000e-02  2.49901097e+00  3.92309744e+00  2.59322440e+00  2.59268526e+00 -3.25008799e-05 
 7.07314000e-02  2.49900682e+00  3.92354937e+00  2.59366645e+00  2.59321315e+00 -3.24975915e-05 
 7.07364000e-02  2.49900365e+00  3.92390926e+00  2.59401652e+00  2.59364950e+00 -3.24949643e-05 
 7.07414000e-02  2.49900146e+00  3.92417677e+00  2.59427427e+00  2.59399387e+00 -3.24930007e-05 
 7.07464000e-02  2.49900026e+00  3.92435164e+00  2.59443945e+00  2.59424595e+00 -3.24917028e-05 
 7.07514000e-02  2.49900004e+00  3.92443369e+00  2.59451190e+00  2.59440548e+00 -3.24910716e-05 
 7.07564000e-02  2.49900081e+00  3.92442287e+00  2.59449156e+00  2.59447232e+00 -3.24911079e-05 
 7.07614000e-02  2.49900256e+00  3.92431916e+00  2.59437843e+00  2.59444640e+00 -3.24918116e-05 
 7.07664000e-02  2.49900530e+00  3.92412268e+00  2.59417264e+00  2.59432775e+00 -3.24931820e-05 
 7.07714000e-02  2.49900903e+00  3.92383360e+00  2.59387438e+00  2.59411647e+00 -3.24952178e-05 
 7.07764000e-02  2.49901373e+00  3.92345222e+00  2.59348393e+00  2.59381278e+00 -3.24979172e-05 
 7.07814000e-02  2.49901940e+00  3.92297889e+00  2.59300167e+00  2.59341696e+00 -3.25012774e-05 
 7.07864000e-02  2.49902604e+00  3.92241406e+00  2.59242806e+00  2.59292939e+00 -3.25052953e-05 
 7.07914000e-02  2.49903364e+00  3.92175829e+00  2.59176366e+00  2.59235055e+00 -3.25099671e-05 
 7.07964000e-02  2.49904220e+00  3.92101220e+00  2.59100910e+00  2.59168099e+00 -3.25152884e-05 
 7.08014000e-02  2.49905170e+00  3.92017651e+00  2.59016511e+00  2.59092135e+00 -3.25212540e-05 
 7.08064000e-02  2.49906214e+00  3.91925203e+00  2.58923250e+00  2.59007236e+00 -3.25278582e-05 
 7.08114000e-02  2.49907350e+00  3.91823963e+00  2.58821217e+00  2.58913485e+00 -3.25350948e-05 
 7.08164000e-02  2.49908577e+00  3.91714030e+00  2.58710510e+00  2.58810970e+00 -3.25429568e-05 
 7.08214000e-02  2.49909895e+00  3.91595510e+00  2.58591236e+00  2.58699792e+00 -3.25514367e-05 
 7.08264000e-02  2.49911302e+00  3.91468516e+00  2.58463509e+00  2.58580056e+00 -3.25605264e-05 
 7.08314000e-02  2.49912796e+00  3.91333171e+00  2.58327453e+00  2.58451879e+00 -3.25702172e-05 
 7.08364000e-02  2.49914377e+00  3.91189606e+00  2.58183199e+00  2.58315384e+00 -3.25804998e-05 
 7.08414000e-02  2.49916042e+00  3.91037959e+00  2.58030885e+00  2.58170702e+00 -3.25913643e-05 
 7.08464000e-02  2.49917790e+00  3.90878376e+00  2.57870660e+00  2.58017973e+00 -3.26028004e-05 
 7.08514000e-02  2.49919618e+00  3.90711011e+00  2.57702678e+00  2.57857345e+00 -3.26147970e-05 
 7.08564000e-02  2.49921527e+00  3.90536027e+00  2.57527100e+00  2.57688973e+00 -3.26273427e-05 
 7.08614000e-02  2.49923512e+00  3.90353592e+00  2.57344098e+00  2.57513019e+00 -3.26404253e-05 
 7.08664000e-02  2.49925574e+00  3.90163883e+00  2.57153847e+00  2.57329653e+00 -3.26540322e-05 
 7.08714000e-02  2.49927708e+00  3.89967084e+00  2.56956533e+00  2.57139054e+00 -3.26681504e-05 
 7.08764000e-02  2.49929914e+00  3.89763385e+00  2.56752346e+00  2.56941405e+00 -3.26827663e-05 
 7.08814000e-02  2.49932189e+00  3.89552983e+00  2.56541484e+00  2.56736898e+00 -3.26978657e-05 
 7.08864000e-02  2.49934531e+00  3.89336084e+00  2.56324153e+00  2.56525732e+00 -3.27134341e-05 
 7.08914000e-02  2.49936938e+00  3.89112896e+00  2.56100562e+00  2.56308111e+00 -3.27294564e-05 
 7.08964000e-02  2.49939407e+00  3.88883639e+00  2.55870930e+00  2.56084246e+00 -3.27459172e-05 
 7.09014000e-02  2.49941935e+00  3.88648533e+00  2.55635478e+00  2.55854356e+00 -3.27628004e-05 
 7.09064000e-02  2.49944521e+00  3.88407808e+00  2.55394438e+00  2.55618663e+00 -3.27800897e-05 
 7.09114000e-02  2.49947162e+00  3.88161699e+00  2.55148043e+00  2.55377397e+00 -3.27977684e-05 
 7.09164000e-02  2.49949855e+00  3.87910444e+00  2.54896533e+00  2.55130793e+00 -3.28158193e-05 
 7.09214000e-02  2.49952597e+00  3.87654290e+00  2.54640153e+00  2.54879092e+00 -3.28342248e-05 
 7.09264000e-02  2.49955386e+00  3.87393486e+00  2.54379155e+00  2.54622538e+00 -3.28529670e-05 
 7.09314000e-02  2.49958220e+00  3.87128288e+00  2.54113793e+00  2.54361382e+00 -3.28720277e-05 
 7.09364000e-02  2.49961094e+00  3.86858953e+00  2.53844326e+00  2.54095880e+00 -3.28913882e-05 
 7.09414000e-02  2.49964007e+00  3.86585746e+00  2.53571017e+00  2.53826291e+00 -3.29110298e-05 
 7.09464000e-02  2.49966955e+00  3.86308934e+00  2.53294135e+00  2.53552878e+00 -3.29309332e-05 
 7.09514000e-02  2.49969936e+00  3.86028788e+00  2.53013951e+00  2.53275910e+00 -3.29510789e-05 
 7.09564000e-02  2.49972947e+00  3.85745584e+00  2.52730740e+00  2.52995657e+00 -3.29714472e-05 
 7.09614000e-02  2.49975984e+00  3.85459598e+00  2.52444779e+00  2.52712395e+00 -3.29920183e-05 
 7.09664000e-02  2.49979045e+00  3.85171112e+00  2.52156349e+00  2.52426401e+00 -3.30127718e-05 
 7.09714000e-02  2.49982127e+00  3.84880410e+00  2.51865734e+00  2.52137957e+00 -3.30336874e-05 
 7.09764000e-02  2.49985226e+00  3.84587776e+00  2.51573219e+00  2.51847345e+00 -3.30547446e-05 
 7.09814000e-02  2.49988340e+00  3.84293500e+00  2.51279093e+00  2.51554853e+00 -3.30759227e-05 
 7.09864000e-02  2.49991465e+00  3.83997872e+00  2.50983645e+00  2.51260767e+00 -3.30972009e-05 
 7.09914000e-02  2.49994599e+00  3.83701181e+00  2.50687167e+00  2.50965377e+00 -3.31185580e-05 
 7.09964000e-02  2.49997738e+00  3.83403722e+00  2.50389950e+00  2.50668975e+00 -3.31399732e-05 
 7.10014000e-02  2.50000880e+00  3.83105788e+00  2.50092289e+00  2.50371853e+00 -3.31614252e-05 
 7.10064000e-02  2.50004020e+00  3.82807672e+00  2.49794476e+00  2.50074304e+00 -3.31828930e-05 
 7.10114000e-02  2.50007157e+00  3.82509671e+00  2.49496808e+00  2.49776622e+00 -3.32043551e-05 
 7.10164000e-02  2.50010286e+00  3.82212078e+00  2.49199578e+00  2.49479102e+00 -3.32257905e-05 
 7.10214000e-02  2.50013406e+00  3.81915187e+00  2.48903079e+00  2.49182037e+00 -3.32471778e-05 
 7.10264000e-02  2.50016512e+00  3.81619294e+00  2.48607607e+00  2.48885722e+00 -3.32684959e-05 
 7.10314000e-02  2.50019601e+00  3.81324692e+00  2.48313454e+00  2.48590450e+00 -3.32897236e-05 
 7.10364000e-02  2.50022672e+00  3.81031672e+00  2.48020911e+00  2.48296514e+00 -3.33108398e-05 
 7.10414000e-02  2.50025720e+00  3.80740524e+00  2.47730268e+00  2.48004205e+00 -3.33318237e-05 
 7.10464000e-02  2.50028743e+00  3.80451540e+00  2.47441815e+00  2.47713814e+00 -3.33526542e-05 
 7.10514000e-02  2.50031737e+00  3.80165004e+00  2.47155838e+00  2.47425628e+00 -3.33733107e-05 
 7.10564000e-02  2.50034700e+00  3.79881203e+00  2.46872621e+00  2.47139935e+00 -3.33937726e-05 
 7.10614000e-02  2.50037629e+00  3.79600418e+00  2.46592446e+00  2.46857017e+00 -3.34140195e-05 
 7.10664000e-02  2.50040521e+00  3.79322928e+00  2.46315591e+00  2.46577157e+00 -3.34340313e-05 
 7.10714000e-02  2.50043372e+00  3.79049011e+00  2.46042332e+00  2.46300632e+00 -3.34537879e-05 
 7.10764000e-02  2.50046181e+00  3.78778938e+00  2.45772941e+00  2.46027719e+00 -3.34732696e-05 
 7.10814000e-02  2.50048944e+00  3.78512979e+00  2.45507688e+00  2.45758688e+00 -3.34924570e-05 
 7.10864000e-02  2.50051659e+00  3.78251400e+00  2.45246835e+00  2.45493808e+00 -3.35113309e-05 
 7.10914000e-02  2.50054323e+00  3.77994460e+00  2.44990644e+00  2.45233344e+00 -3.35298725e-05 
 7.10964000e-02  2.50056934e+00  3.77742416e+00  2.44739369e+00  2.44977554e+00 -3.35480630e-05 
 7.11014000e-02  2.50059488e+00  3.77495521e+00  2.44493263e+00  2.44726694e+00 -3.35658844e-05 
 7.11064000e-02  2.50061983e+00  3.77254019e+00  2.44252570e+00  2.44481015e+00 -3.35833188e-05 
 7.11114000e-02  2.50064418e+00  3.77018154e+00  2.44017531e+00  2.44240762e+00 -3.36003487e-05 
 7.11164000e-02  2.50066788e+00  3.76788160e+00  2.43788381e+00  2.44006175e+00 -3.36169571e-05 
 7.11214000e-02  2.50069093e+00  3.76564267e+00  2.43565350e+00  2.43777488e+00 -3.36331272e-05 
 7.11264000e-02  2.50071330e+00  3.76346699e+00  2.43348659e+00  2.43554930e+00 -3.36488428e-05 
 7.11314000e-02  2.50073496e+00  3.76135675e+00  2.43138526e+00  2.43338723e+00 -3.36640882e-05 
 7.11364000e-02  2.50075590e+00  3.75931404e+00  2.42935162e+00  2.43129085e+00 -3.36788480e-05 
 7.11414000e-02  2.50077609e+00  3.75734092e+00  2.42738769e+00  2.42926224e+00 -3.36931075e-05 
 7.11464000e-02  2.50079552e+00  3.75543936e+00  2.42549544e+00  2.42730344e+00 -3.37068522e-05 
 7.11514000e-02  2.50081416e+00  3.75361127e+00  2.42367678e+00  2.42541641e+00 -3.37200684e-05 
 7.11564000e-02  2.50083199e+00  3.75185848e+00  2.42193352e+00  2.42360303e+00 -3.37327427e-05 
 7.11614000e-02  2.50084901e+00  3.75018273e+00  2.42026740e+00  2.42186514e+00 -3.37448625e-05 
 7.11664000e-02  2.50086519e+00  3.74858573e+00  2.41868011e+00  2.42020446e+00 -3.37564154e-05 
 7.11714000e-02  2.50088051e+00  3.74706905e+00  2.41717323e+00  2.41862266e+00 -3.37673899e-05 
 7.11764000e-02  2.50089497e+00  3.74563423e+00  2.41574826e+00  2.41712133e+00 -3.37777749e-05 
 7.11814000e-02  2.50090854e+00  3.74428271e+00  2.41440665e+00  2.41570197e+00 -3.37875600e-05 
 7.11864000e-02  2.50092121e+00  3.74301583e+00  2.41314973e+00  2.41436601e+00 -3.37967353e-05 
 7.11914000e-02  2.50093298e+00  3.74183488e+00  2.41197877e+00  2.41311479e+00 -3.38052915e-05 
 7.11964000e-02  2.50094382e+00  3.74074103e+00  2.41089495e+00  2.41194956e+00 -3.38132201e-05 
 7.12014000e-02  2.50095374e+00  3.73973539e+00  2.40989934e+00  2.41087149e+00 -3.38205129e-05 
 7.12064000e-02  2.50096271e+00  3.73881895e+00  2.40899295e+00  2.40988167e+00 -3.38271628e-05 
 7.12114000e-02  2.50097073e+00  3.73799265e+00  2.40817669e+00  2.40898108e+00 -3.38331629e-05 
 7.12164000e-02  2.50097780e+00  3.73725731e+00  2.40745138e+00  2.40817063e+00 -3.38385072e-05 
 7.12214000e-02  2.50098390e+00  3.73661367e+00  2.40681775e+00  2.40745114e+00 -3.38431904e-05 
 7.12264000e-02  2.50098903e+00  3.73606238e+00  2.40627643e+00  2.40682333e+00 -3.38472077e-05 
 7.12314000e-02  2.50099318e+00  3.73560399e+00  2.40582797e+00  2.40628782e+00 -3.38505550e-05 
 7.12364000e-02  2.50099635e+00  3.73523895e+00  2.40547281e+00  2.40584516e+00 -3.38532291e-05 
 7.12414000e-02  2.50099854e+00  3.73496765e+00  2.40521132e+00  2.40549579e+00 -3.38552271e-05 
 7.12464000e-02  2.50099974e+00  3.73479034e+00  2.40504375e+00  2.40524006e+00 -3.38565470e-05 
 7.12514000e-02  2.50099996e+00  3.73470721e+00  2.40497028e+00  2.40507822e+00 -3.38571876e-05 
 7.12564000e-02  2.50099919e+00  3.73471833e+00  2.40499098e+00  2.40501045e+00 -3.38571482e-05 
 7.12614000e-02  2.50099744e+00  3.73482371e+00  2.40510582e+00  2.40503680e+00 -3.38564289e-05 
 7.12664000e-02  2.50099470e+00  3.73502323e+00  2.40531470e+00  2.40515726e+00 -3.38550303e-05 
 7.12714000e-02  2.50099097e+00  3.73531669e+00  2.40561740e+00  2.40537170e+00 -3.38529539e-05 
 7.12764000e-02  2.50098627e+00  3.73570379e+00  2.40601361e+00  2.40567990e+00 -3.38502018e-05 
 7.12814000e-02  2.50098060e+00  3.73618416e+00  2.40650295e+00  2.40608155e+00 -3.38467767e-05 
 7.12864000e-02  2.50097396e+00  3.73675730e+00  2.40708492e+00  2.40657626e+00 -3.38426822e-05 
 7.12914000e-02  2.50096636e+00  3.73742264e+00  2.40775893e+00  2.40716353e+00 -3.38379223e-05 
 7.12964000e-02  2.50095780e+00  3.73817951e+00  2.40852430e+00  2.40784275e+00 -3.38325019e-05 
 7.13014000e-02  2.50094830e+00  3.73902715e+00  2.40938028e+00  2.40861327e+00 -3.38264265e-05 
 7.13064000e-02  2.50093786e+00  3.73996471e+00  2.41032600e+00  2.40947429e+00 -3.38197021e-05 
 7.13114000e-02  2.50092650e+00  3.74099125e+00  2.41136050e+00  2.41042496e+00 -3.38123355e-05 
 7.13164000e-02  2.50091423e+00  3.74210574e+00  2.41248276e+00  2.41146431e+00 -3.38043342e-05 
 7.13214000e-02  2.50090105e+00  3.74330706e+00  2.41369165e+00  2.41259132e+00 -3.37957063e-05 
 7.13264000e-02  2.50088698e+00  3.74459401e+00  2.41498594e+00  2.41380484e+00 -3.37864605e-05 
 7.13314000e-02  2.50087204e+00  3.74596528e+00  2.41636435e+00  2.41510367e+00 -3.37766060e-05 
 7.13364000e-02  2.50085623e+00  3.74741952e+00  2.41782549e+00  2.41648648e+00 -3.37661529e-05 
 7.13414000e-02  2.50083958e+00  3.74895525e+00  2.41936790e+00  2.41795191e+00 -3.37551116e-05 
 7.13464000e-02  2.50082210e+00  3.75057094e+00  2.42099003e+00  2.41949848e+00 -3.37434933e-05 
 7.13514000e-02  2.50080382e+00  3.75226497e+00  2.42269025e+00  2.42112463e+00 -3.37313096e-05 
 7.13564000e-02  2.50078473e+00  3.75403565e+00  2.42446686e+00  2.42282875e+00 -3.37185729e-05 
 7.13614000e-02  2.50076488e+00  3.75588119e+00  2.42631808e+00  2.42460911e+00 -3.37052959e-05 
 7.13664000e-02  2.50074426e+00  3.75779974e+00  2.42824206e+00  2.42646394e+00 -3.36914920e-05 
 7.13714000e-02  2.50072292e+00  3.75978940e+00  2.43023686e+00  2.42839138e+00 -3.36771752e-05 
 7.13764000e-02  2.50070086e+00  3.76184815e+00  2.43230049e+00  2.43038950e+00 -3.36623597e-05 
 7.13814000e-02  2.50067811e+00  3.76397395e+00  2.43443089e+00  2.43245630e+00 -3.36470605e-05 
 7.13864000e-02  2.50065469e+00  3.76616467e+00  2.43662592e+00  2.43458970e+00 -3.36312930e-05 
 7.13914000e-02  2.50063062e+00  3.76841811e+00  2.43888339e+00  2.43678759e+00 -3.36150729e-05 
 7.13964000e-02  2.50060593e+00  3.77073203e+00  2.44120104e+00  2.43904774e+00 -3.35984166e-05 
 7.14014000e-02  2.50058065e+00  3.77310410e+00  2.44357655e+00  2.44136792e+00 -3.35813408e-05 
 7.14064000e-02  2.50055479e+00  3.77553196e+00  2.44600755e+00  2.44374579e+00 -3.35638625e-05 
 7.14114000e-02  2.50052838e+00  3.77801319e+00  2.44849162e+00  2.44617898e+00 -3.35459994e-05 
 7.14164000e-02  2.50050145e+00  3.78054530e+00  2.45102627e+00  2.44866507e+00 -3.35277693e-05 
 7.14214000e-02  2.50047403e+00  3.78312576e+00  2.45360897e+00  2.45120156e+00 -3.35091904e-05 
 7.14264000e-02  2.50044614e+00  3.78575201e+00  2.45623714e+00  2.45378593e+00 -3.34902813e-05 
 7.14314000e-02  2.50041780e+00  3.78842143e+00  2.45890817e+00  2.45641560e+00 -3.34710610e-05 
 7.14364000e-02  2.50038906e+00  3.79113135e+00  2.46161940e+00  2.45908795e+00 -3.34515487e-05 
 7.14414000e-02  2.50035993e+00  3.79387908e+00  2.46436811e+00  2.46180031e+00 -3.34317638e-05 
 7.14464000e-02  2.50033045e+00  3.79666187e+00  2.46715158e+00  2.46454999e+00 -3.34117261e-05 
 7.14514000e-02  2.50030064e+00  3.79947697e+00  2.46996703e+00  2.46733424e+00 -3.33914556e-05 
 7.14564000e-02  2.50027053e+00  3.80232156e+00  2.47281167e+00  2.47015029e+00 -3.33709725e-05 
 7.14614000e-02  2.50024016e+00  3.80519282e+00  2.47568266e+00  2.47299534e+00 -3.33502972e-05 
 7.14664000e-02  2.50020955e+00  3.80808790e+00  2.47857716e+00  2.47586657e+00 -3.33294502e-05 
 7.14714000e-02  2.50017873e+00  3.81100392e+00  2.48149228e+00  2.47876112e+00 -3.33084524e-05 
 7.14764000e-02  2.50014774e+00  3.81393799e+00  2.48442514e+00  2.48167611e+00 -3.32873245e-05 
 7.14814000e-02  2.50011660e+00  3.81688720e+00  2.48737282e+00  2.48460866e+00 -3.32660876e-05 
 7.14864000e-02  2.50008535e+00  3.81984862e+00  2.49033241e+00  2.48755585e+00 -3.32447628e-05 
 7.14914000e-02  2.50005401e+00  3.82281932e+00  2.49330097e+00  2.49051477e+00 -3.32233711e-05 
 7.14964000e-02  2.50002262e+00  3.82579636e+00  2.49627556e+00  2.49348248e+00 -3.32019338e-05 
 7.15014000e-02  2.49999120e+00  3.82877679e+00  2.49925324e+00  2.49645604e+00 -3.31804722e-05 
 7.15064000e-02  2.49995980e+00  3.83175767e+00  2.50223107e+00  2.49943251e+00 -3.31590074e-05 
 7.15114000e-02  2.49992843e+00  3.83473604e+00  2.50520610e+00  2.50240895e+00 -3.31375606e-05 
 7.15164000e-02  2.49989714e+00  3.83770898e+00  2.50817539e+00  2.50538242e+00 -3.31161530e-05 
 7.15214000e-02  2.49986594e+00  3.84067354e+00  2.51113602e+00  2.50834998e+00 -3.30948059e-05 
 7.15264000e-02  2.49983488e+00  3.84362680e+00  2.51408506e+00  2.51130870e+00 -3.30735401e-05 
 7.15314000e-02  2.49980399e+00  3.84656585e+00  2.51701961e+00  2.51425567e+00 -3.30523766e-05 
 7.15364000e-02  2.49977328e+00  3.84948780e+00  2.51993678e+00  2.51718798e+00 -3.30313363e-05 
 7.15414000e-02  2.49974280e+00  3.85238978e+00  2.52283370e+00  2.52010274e+00 -3.30104399e-05 
 7.15464000e-02  2.49971257e+00  3.85526892e+00  2.52570752e+00  2.52299710e+00 -3.29897078e-05 
 7.15514000e-02  2.49968263e+00  3.85812240e+00  2.52855542e+00  2.52586819e+00 -3.29691605e-05 
 7.15564000e-02  2.49965300e+00  3.86094742e+00  2.53137460e+00  2.52871320e+00 -3.29488180e-05 
 7.15614000e-02  2.49962371e+00  3.86374121e+00  2.53416230e+00  2.53152935e+00 -3.29287003e-05 
 7.15664000e-02  2.49959479e+00  3.86650103e+00  2.53691578e+00  2.53431385e+00 -3.29088270e-05 
 7.15714000e-02  2.49956628e+00  3.86922418e+00  2.53963234e+00  2.53706400e+00 -3.28892176e-05 
 7.15764000e-02  2.49953819e+00  3.87190798e+00  2.54230934e+00  2.53977708e+00 -3.28698912e-05 
 7.15814000e-02  2.49951056e+00  3.87454982e+00  2.54494415e+00  2.54245046e+00 -3.28508667e-05 
 7.15864000e-02  2.49948341e+00  3.87714712e+00  2.54753419e+00  2.54508151e+00 -3.28321626e-05 
 7.15914000e-02  2.49945677e+00  3.87969733e+00  2.55007693e+00  2.54766765e+00 -3.28137972e-05 
 7.15964000e-02  2.49943066e+00  3.88219798e+00  2.55256990e+00  2.55020638e+00 -3.27957882e-05 
 7.16014000e-02  2.49940512e+00  3.88464661e+00  2.55501067e+00  2.55269520e+00 -3.27781533e-05 
 7.16064000e-02  2.49938017e+00  3.88704085e+00  2.55739686e+00  2.55513170e+00 -3.27609094e-05 
 7.16114000e-02  2.49935582e+00  3.88937837e+00  2.55972613e+00  2.55751350e+00 -3.27440734e-05 
 7.16164000e-02  2.49933212e+00  3.89165688e+00  2.56199624e+00  2.55983828e+00 -3.27276616e-05 
 7.16214000e-02  2.49930907e+00  3.89387419e+00  2.56420497e+00  2.56210378e+00 -3.27116898e-05 
 7.16264000e-02  2.49928670e+00  3.89602812e+00  2.56635017e+00  2.56430780e+00 -3.26961735e-05 
 7.16314000e-02  2.49926504e+00  3.89811660e+00  2.56842977e+00  2.56644820e+00 -3.26811276e-05 
 7.16364000e-02  2.49924410e+00  3.90013759e+00  2.57044175e+00  2.56852289e+00 -3.26665668e-05 
 7.16414000e-02  2.49922391e+00  3.90208915e+00  2.57238415e+00  2.57052987e+00 -3.26525050e-05 
 7.16464000e-02  2.49920448e+00  3.90396936e+00  2.57425510e+00  2.57246720e+00 -3.26389559e-05 
 7.16514000e-02  2.49918584e+00  3.90577643e+00  2.57605278e+00  2.57433299e+00 -3.26259324e-05 
 7.16564000e-02  2.49916801e+00  3.90750859e+00  2.57777546e+00  2.57612544e+00 -3.26134471e-05 
 7.16614000e-02  2.49915099e+00  3.90916417e+00  2.57942147e+00  2.57784282e+00 -3.26015120e-05 
 7.16664000e-02  2.49913481e+00  3.91074158e+00  2.58098921e+00  2.57948346e+00 -3.25901385e-05 
 7.16714000e-02  2.49911949e+00  3.91223929e+00  2.58247719e+00  2.58104578e+00 -3.25793377e-05 
 7.16764000e-02  2.49910503e+00  3.91365586e+00  2.58388395e+00  2.58252827e+00 -3.25691198e-05 
 7.16814000e-02  2.49909146e+00  3.91498991e+00  2.58520815e+00  2.58392951e+00 -3.25594947e-05 
 7.16864000e-02  2.49907879e+00  3.91624017e+00  2.58644850e+00  2.58524813e+00 -3.25504715e-05 
 7.16914000e-02  2.49906702e+00  3.91740542e+00  2.58760382e+00  2.58648288e+00 -3.25420590e-05 
 7.16964000e-02  2.49905618e+00  3.91848455e+00  2.58867298e+00  2.58763255e+00 -3.25342651e-05 
 7.17014000e-02  2.49904626e+00  3.91947651e+00  2.58965497e+00  2.58869604e+00 -3.25270974e-05 
 7.17064000e-02  2.49903729e+00  3.92038036e+00  2.59054883e+00  2.58967233e+00 -3.25205626e-05 
 7.17114000e-02  2.49902927e+00  3.92119521e+00  2.59135370e+00  2.59056048e+00 -3.25146671e-05 
 7.17164000e-02  2.49902220e+00  3.92192029e+00  2.59206881e+00  2.59135963e+00 -3.25094165e-05 
 7.17214000e-02  2.49901610e+00  3.92255491e+00  2.59269347e+00  2.59206901e+00 -3.25048157e-05 
 7.17264000e-02  2.49901097e+00  3.92309844e+00  2.59322709e+00  2.59268795e+00 -3.25008692e-05 
 7.17314000e-02  2.49900682e+00  3.92355037e+00  2.59366915e+00  2.59321584e+00 -3.24975808e-05 
 7.17364000e-02  2.49900365e+00  3.92391026e+00  2.59401922e+00  2.59365219e+00 -3.24949536e-05 
 7.17414000e-02  2.49900146e+00  3.92417776e+00  2.59427696e+00  2.59399656e+00 -3.24929900e-05 
 7.17464000e-02  2.49900026e+00  3.92435263e+00  2.59444214e+00  2.59424864e+00 -3.24916921e-05 
 7.17514000e-02  2.49900004e+00  3.92443469e+00  2.59451460e+00  2.59440818e+00 -3.24910609e-05 
 7.17564000e-02  2.49900081e+00  3.92442386e+00  2.59449425e+00  2.59447501e+00 -3.24910972e-05 
 7.17614000e-02  2.49900256e+00  3.92432016e+00  2.59438113e+00  2.59444909e+00 -3.24918009e-05 
 7.17664000e-02  2.49900530e+00  3.92412367e+00  2.59417533e+00  2.59433044e+00 -3.24931713e-05 
 7.17714000e-02  2.49900903e+00  3.92383460e+00  2.59387707e+00  2.59411916e+00 -3.24952071e-05 
 7.17764000e-02  2.49901373e+00  3.92345321e+00  2.59348662e+00  2.59381547e+00 -3.24979064e-05 
 7.17814000e-02  2.49901940e+00  3.92297988e+00  2.59300436e+00  2.59341965e+00 -3.25012667e-05 
 7.17864000e-02  2.49902604e+00  3.92241506e+00  2.59243075e+00  2.59293209e+00 -3.25052846e-05 
 7.17914000e-02  2.49903364e+00  3.92175929e+00  2.59176635e+00  2.59235324e+00 -3.25099564e-05 
 7.17964000e-02  2.49904220e+00  3.92101320e+00  2.59101179e+00  2.59168368e+00 -3.25152777e-05 
 7.18014000e-02  2.49905170e+00  3.92017751e+00  2.59016781e+00  2.59092404e+00 -3.25212432e-05 
 7.18064000e-02  2.49906214e+00  3.91925303e+00  2.58923520e+00  2.59007506e+00 -3.25278475e-05 
 7.18114000e-02  2.49907350e+00  3.91824063e+00  2.58821487e+00  2.58913754e+00 -3.25350840e-05 
 7.18164000e-02  2.49908577e+00  3.91714130e+00  2.58710780e+00  2.58811240e+00 -3.25429461e-05 
 7.18214000e-02  2.49909895e+00  3.91595610e+00  2.58591505e+00  2.58700061e+00 -3.25514260e-05 
 7.18264000e-02  2.49911302e+00  3.91468616e+00  2.58463779e+00  2.58580326e+00 -3.25605157e-05 
 7.18314000e-02  2.49912796e+00  3.91333271e+00  2.58327723e+00  2.58452149e+00 -3.25702064e-05 
 7.18364000e-02  2.49914377e+00  3.91189706e+00  2.58183468e+00  2.58315653e+00 -3.25804890e-05 
 7.18414000e-02  2.49916042e+00  3.91038059e+00  2.58031155e+00  2.58170972e+00 -3.25913536e-05 
 7.18464000e-02  2.49917790e+00  3.90878476e+00  2.57870930e+00  2.58018243e+00 -3.26027897e-05 
 7.18514000e-02  2.49919618e+00  3.90711112e+00  2.57702947e+00  2.57857615e+00 -3.26147863e-05 
 7.18564000e-02  2.49921527e+00  3.90536127e+00  2.57527370e+00  2.57689242e+00 -3.26273319e-05 
 7.18614000e-02  2.49923512e+00  3.90353693e+00  2.57344367e+00  2.57513288e+00 -3.26404145e-05 
 7.18664000e-02  2.49925574e+00  3.90163984e+00  2.57154117e+00  2.57329923e+00 -3.26540214e-05 
 7.18714000e-02  2.49927708e+00  3.89967184e+00  2.56956803e+00  2.57139324e+00 -3.26681397e-05 
 7.18764000e-02  2.49929914e+00  3.89763485e+00  2.56752616e+00  2.56941675e+00 -3.26827555e-05 
 7.18814000e-02  2.49932189e+00  3.89553084e+00  2.56541754e+00  2.56737168e+00 -3.26978549e-05 
 7.18864000e-02  2.49934531e+00  3.89336184e+00  2.56324423e+00  2.56526002e+00 -3.27134233e-05 
 7.18914000e-02  2.49936938e+00  3.89112997e+00  2.56100832e+00  2.56308380e+00 -3.27294456e-05 
 7.18964000e-02  2.49939407e+00  3.88883740e+00  2.55871199e+00  2.56084516e+00 -3.27459064e-05 
 7.19014000e-02  2.49941935e+00  3.88648634e+00  2.55635748e+00  2.55854626e+00 -3.27627896e-05 
 7.19064000e-02  2.49944521e+00  3.88407909e+00  2.55394708e+00  2.55618933e+00 -3.27800789e-05 
 7.19114000e-02  2.49947162e+00  3.88161800e+00  2.55148312e+00  2.55377667e+00 -3.27977576e-05 
 7.19164000e-02  2.49949855e+00  3.87910546e+00  2.54896803e+00  2.55131063e+00 -3.28158085e-05 
 7.19214000e-02  2.49952597e+00  3.87654392e+00  2.54640423e+00  2.54879362e+00 -3.28342140e-05 
 7.19264000e-02  2.49955386e+00  3.87393588e+00  2.54379425e+00  2.54622808e+00 -3.28529562e-05 
 7.19314000e-02  2.49958220e+00  3.87128389e+00  2.54114063e+00  2.54361652e+00 -3.28720168e-05 
 7.19364000e-02  2.49961094e+00  3.86859054e+00  2.53844596e+00  2.54096150e+00 -3.28913774e-05 
 7.19414000e-02  2.49964007e+00  3.86585847e+00  2.53571287e+00  2.53826561e+00 -3.29110190e-05 
 7.19464000e-02  2.49966955e+00  3.86309035e+00  2.53294406e+00  2.53553148e+00 -3.29309223e-05 
 7.19514000e-02  2.49969936e+00  3.86028890e+00  2.53014222e+00  2.53276180e+00 -3.29510680e-05 
 7.19564000e-02  2.49972947e+00  3.85745685e+00  2.52731010e+00  2.52995927e+00 -3.29714364e-05 
 7.19614000e-02  2.49975984e+00  3.85459700e+00  2.52445049e+00  2.52712665e+00 -3.29920074e-05 
 7.19664000e-02  2.49979045e+00  3.85171214e+00  2.52156619e+00  2.52426671e+00 -3.30127609e-05 
 7.19714000e-02  2.49982127e+00  3.84880512e+00  2.51866004e+00  2.52138227e+00 -3.30336766e-05 
 7.19764000e-02  2.49985226e+00  3.84587878e+00  2.51573490e+00  2.51847616e+00 -3.30547338e-05 
 7.19814000e-02  2.49988340e+00  3.84293602e+00  2.51279363e+00  2.51555123e+00 -3.30759119e-05 
 7.19864000e-02  2.49991465e+00  3.83997974e+00  2.50983916e+00  2.51261037e+00 -3.30971900e-05 
 7.19914000e-02  2.49994599e+00  3.83701283e+00  2.50687437e+00  2.50965648e+00 -3.31185472e-05 
 7.19964000e-02  2.49997738e+00  3.83403824e+00  2.50390220e+00  2.50669246e+00 -3.31399623e-05 
 7.20014000e-02  2.50000880e+00  3.83105890e+00  2.50092559e+00  2.50372124e+00 -3.31614144e-05 
 7.20064000e-02  2.50004020e+00  3.82807775e+00  2.49794747e+00  2.50074575e+00 -3.31828821e-05 
 7.20114000e-02  2.50007157e+00  3.82509773e+00  2.49497078e+00  2.49776893e+00 -3.32043442e-05 
 7.20164000e-02  2.50010286e+00  3.82212180e+00  2.49199848e+00  2.49479372e+00 -3.32257795e-05 
 7.20214000e-02  2.50013406e+00  3.81915290e+00  2.48903350e+00  2.49182308e+00 -3.32471669e-05 
 7.20264000e-02  2.50016512e+00  3.81619397e+00  2.48607878e+00  2.48885993e+00 -3.32684850e-05 
 7.20314000e-02  2.50019601e+00  3.81324794e+00  2.48313724e+00  2.48590721e+00 -3.32897127e-05 
 7.20364000e-02  2.50022672e+00  3.81031774e+00  2.48021181e+00  2.48296785e+00 -3.33108289e-05 
 7.20414000e-02  2.50025720e+00  3.80740627e+00  2.47730539e+00  2.48004476e+00 -3.33318127e-05 
 7.20464000e-02  2.50028743e+00  3.80451642e+00  2.47442086e+00  2.47714085e+00 -3.33526433e-05 
 7.20514000e-02  2.50031737e+00  3.80165107e+00  2.47156109e+00  2.47425899e+00 -3.33732998e-05 
 7.20564000e-02  2.50034700e+00  3.79881306e+00  2.46872892e+00  2.47140206e+00 -3.33937617e-05 
 7.20614000e-02  2.50037629e+00  3.79600521e+00  2.46592717e+00  2.46857288e+00 -3.34140086e-05 
 7.20664000e-02  2.50040521e+00  3.79323031e+00  2.46315862e+00  2.46577428e+00 -3.34340203e-05 
 7.20714000e-02  2.50043372e+00  3.79049114e+00  2.46042603e+00  2.46300903e+00 -3.34537769e-05 
 7.20764000e-02  2.50046181e+00  3.78779041e+00  2.45773212e+00  2.46027990e+00 -3.34732587e-05 
 7.20814000e-02  2.50048944e+00  3.78513083e+00  2.45507959e+00  2.45758959e+00 -3.34924461e-05 
 7.20864000e-02  2.50051659e+00  3.78251503e+00  2.45247106e+00  2.45494079e+00 -3.35113200e-05 
 7.20914000e-02  2.50054323e+00  3.77994563e+00  2.44990915e+00  2.45233615e+00 -3.35298615e-05 
 7.20964000e-02  2.50056934e+00  3.77742520e+00  2.44739641e+00  2.44977825e+00 -3.35480520e-05 
 7.21014000e-02  2.50059488e+00  3.77495624e+00  2.44493534e+00  2.44726966e+00 -3.35658735e-05 
 7.21064000e-02  2.50061983e+00  3.77254123e+00  2.44252841e+00  2.44481286e+00 -3.35833078e-05 
 7.21114000e-02  2.50064418e+00  3.77018257e+00  2.44017802e+00  2.44241033e+00 -3.36003377e-05 
 7.21164000e-02  2.50066788e+00  3.76788263e+00  2.43788653e+00  2.44006446e+00 -3.36169461e-05 
 7.21214000e-02  2.50069093e+00  3.76564370e+00  2.43565621e+00  2.43777759e+00 -3.36331162e-05 
 7.21264000e-02  2.50071330e+00  3.76346803e+00  2.43348930e+00  2.43555201e+00 -3.36488318e-05 
 7.21314000e-02  2.50073496e+00  3.76135778e+00  2.43138797e+00  2.43338995e+00 -3.36640772e-05 
 7.21364000e-02  2.50075590e+00  3.75931508e+00  2.42935433e+00  2.43129356e+00 -3.36788370e-05 
 7.21414000e-02  2.50077609e+00  3.75734196e+00  2.42739040e+00  2.42926495e+00 -3.36930965e-05 
 7.21464000e-02  2.50079552e+00  3.75544040e+00  2.42549816e+00  2.42730615e+00 -3.37068412e-05 
 7.21514000e-02  2.50081416e+00  3.75361231e+00  2.42367949e+00  2.42541912e+00 -3.37200574e-05 
 7.21564000e-02  2.50083199e+00  3.75185951e+00  2.42193623e+00  2.42360575e+00 -3.37327317e-05 
 7.21614000e-02  2.50084901e+00  3.75018377e+00  2.42027012e+00  2.42186785e+00 -3.37448515e-05 
 7.21664000e-02  2.50086519e+00  3.74858677e+00  2.41868282e+00  2.42020717e+00 -3.37564044e-05 
 7.21714000e-02  2.50088051e+00  3.74707009e+00  2.41717594e+00  2.41862537e+00 -3.37673789e-05 
 7.21764000e-02  2.50089497e+00  3.74563528e+00  2.41575098e+00  2.41712404e+00 -3.37777639e-05 
 7.21814000e-02  2.50090854e+00  3.74428375e+00  2.41440936e+00  2.41570469e+00 -3.37875490e-05 
 7.21864000e-02  2.50092121e+00  3.74301688e+00  2.41315245e+00  2.41436873e+00 -3.37967243e-05 
 7.21914000e-02  2.50093298e+00  3.74183592e+00  2.41198149e+00  2.41311751e+00 -3.38052805e-05 
 7.21964000e-02  2.50094382e+00  3.74074207e+00  2.41089766e+00  2.41195228e+00 -3.38132090e-05 
 7.22014000e-02  2.50095374e+00  3.73973643e+00  2.40990205e+00  2.41087421e+00 -3.38205019e-05 
 7.22064000e-02  2.50096271e+00  3.73882000e+00  2.40899567e+00  2.40988438e+00 -3.38271517e-05 
 7.22114000e-02  2.50097073e+00  3.73799370e+00  2.40817941e+00  2.40898380e+00 -3.38331519e-05 
 7.22164000e-02  2.50097780e+00  3.73725836e+00  2.40745410e+00  2.40817335e+00 -3.38384962e-05 
 7.22214000e-02  2.50098390e+00  3.73661472e+00  2.40682047e+00  2.40745386e+00 -3.38431794e-05 
 7.22264000e-02  2.50098903e+00  3.73606343e+00  2.40627915e+00  2.40682604e+00 -3.38471967e-05 
 7.22314000e-02  2.50099318e+00  3.73560503e+00  2.40583068e+00  2.40629054e+00 -3.38505440e-05 
 7.22364000e-02  2.50099635e+00  3.73524000e+00  2.40547553e+00  2.40584788e+00 -3.38532180e-05 
 7.22414000e-02  2.50099854e+00  3.73496869e+00  2.40521403e+00  2.40549850e+00 -3.38552160e-05 
 7.22464000e-02  2.50099974e+00  3.73479138e+00  2.40504647e+00  2.40524277e+00 -3.38565360e-05 
 7.22514000e-02  2.50099996e+00  3.73470825e+00  2.40497300e+00  2.40508094e+00 -3.38571766e-05 
 7.22564000e-02  2.50099919e+00  3.73471938e+00  2.40499369e+00  2.40501317e+00 -3.38571372e-05 
 7.22614000e-02  2.50099744e+00  3.73482476e+00  2.40510854e+00  2.40503952e+00 -3.38564178e-05 
 7.22664000e-02  2.50099470e+00  3.73502427e+00  2.40531741e+00  2.40515998e+00 -3.38550192e-05 
 7.22714000e-02  2.50099097e+00  3.73531773e+00  2.40562011e+00  2.40537441e+00 -3.38529428e-05 
 7.22764000e-02  2.50098627e+00  3.73570484e+00  2.40601633e+00  2.40568261e+00 -3.38501907e-05 
 7.22814000e-02  2.50098060e+00  3.73618521e+00  2.40650567e+00  2.40608427e+00 -3.38467657e-05 
 7.22864000e-02  2.50097396e+00  3.73675835e+00  2.40708763e+00  2.40657898e+00 -3.38426711e-05 
 7.22914000e-02  2.50096636e+00  3.73742368e+00  2.40776164e+00  2.40716624e+00 -3.38379113e-05 
 7.22964000e-02  2.50095780e+00  3.73818056e+00  2.40852702e+00  2.40784547e+00 -3.38324909e-05 
 7.23014000e-02  2.50094830e+00  3.73902820e+00  2.40938300e+00  2.40861598e+00 -3.38264154e-05 
 7.23064000e-02  2.50093786e+00  3.73996576e+00  2.41032871e+00  2.40947700e+00 -3.38196910e-05 
 7.23114000e-02  2.50092650e+00  3.74099230e+00  2.41136322e+00  2.41042767e+00 -3.38123244e-05 
 7.23164000e-02  2.50091423e+00  3.74210679e+00  2.41248548e+00  2.41146703e+00 -3.38043232e-05 
 7.23214000e-02  2.50090105e+00  3.74330811e+00  2.41369436e+00  2.41259404e+00 -3.37956953e-05 
 7.23264000e-02  2.50088698e+00  3.74459506e+00  2.41498866e+00  2.41380756e+00 -3.37864494e-05 
 7.23314000e-02  2.50087204e+00  3.74596633e+00  2.41636707e+00  2.41510638e+00 -3.37765950e-05 
 7.23364000e-02  2.50085623e+00  3.74742057e+00  2.41782821e+00  2.41648920e+00 -3.37661418e-05 
 7.23414000e-02  2.50083958e+00  3.74895630e+00  2.41937062e+00  2.41795463e+00 -3.37551005e-05 
 7.23464000e-02  2.50082210e+00  3.75057199e+00  2.42099274e+00  2.41950119e+00 -3.37434822e-05 
 7.23514000e-02  2.50080382e+00  3.75226602e+00  2.42269297e+00  2.42112735e+00 -3.37312985e-05 
 7.23564000e-02  2.50078473e+00  3.75403670e+00  2.42446958e+00  2.42283146e+00 -3.37185618e-05 
 7.23614000e-02  2.50076488e+00  3.75588224e+00  2.42632079e+00  2.42461182e+00 -3.37052848e-05 
 7.23664000e-02  2.50074426e+00  3.75780079e+00  2.42824477e+00  2.42646666e+00 -3.36914810e-05 
 7.23714000e-02  2.50072292e+00  3.75979045e+00  2.43023957e+00  2.42839410e+00 -3.36771641e-05 
 7.23764000e-02  2.50070086e+00  3.76184920e+00  2.43230320e+00  2.43039221e+00 -3.36623486e-05 
 7.23814000e-02  2.50067811e+00  3.76397501e+00  2.43443360e+00  2.43245901e+00 -3.36470494e-05 
 7.23864000e-02  2.50065469e+00  3.76616572e+00  2.43662863e+00  2.43459242e+00 -3.36312819e-05 
 7.23914000e-02  2.50063062e+00  3.76841917e+00  2.43888610e+00  2.43679030e+00 -3.36150618e-05 
 7.23964000e-02  2.50060593e+00  3.77073308e+00  2.44120375e+00  2.43905046e+00 -3.35984055e-05 
 7.24014000e-02  2.50058065e+00  3.77310515e+00  2.44357926e+00  2.44137063e+00 -3.35813297e-05 
 7.24064000e-02  2.50055479e+00  3.77553301e+00  2.44601027e+00  2.44374850e+00 -3.35638515e-05 
 7.24114000e-02  2.50052838e+00  3.77801424e+00  2.44849433e+00  2.44618169e+00 -3.35459883e-05 
 7.24164000e-02  2.50050145e+00  3.78054635e+00  2.45102898e+00  2.44866778e+00 -3.35277582e-05 
 7.24214000e-02  2.50047403e+00  3.78312681e+00  2.45361168e+00  2.45120427e+00 -3.35091793e-05 
 7.24264000e-02  2.50044614e+00  3.78575307e+00  2.45623985e+00  2.45378864e+00 -3.34902703e-05 
 7.24314000e-02  2.50041780e+00  3.78842248e+00  2.45891088e+00  2.45641831e+00 -3.34710500e-05 
 7.24364000e-02  2.50038906e+00  3.79113240e+00  2.46162211e+00  2.45909066e+00 -3.34515376e-05 
 7.24414000e-02  2.50035993e+00  3.79388013e+00  2.46437082e+00  2.46180302e+00 -3.34317528e-05 
 7.24464000e-02  2.50033045e+00  3.79666292e+00  2.46715429e+00  2.46455270e+00 -3.34117151e-05 
 7.24514000e-02  2.50030064e+00  3.79947802e+00  2.46996974e+00  2.46733695e+00 -3.33914446e-05 
 7.24564000e-02  2.50027053e+00  3.80232261e+00  2.47281438e+00  2.47015300e+00 -3.33709614e-05 
 7.24614000e-02  2.50024016e+00  3.80519387e+00  2.47568537e+00  2.47299805e+00 -3.33502861e-05 
 7.24664000e-02  2.50020955e+00  3.80808895e+00  2.47857987e+00  2.47586928e+00 -3.33294392e-05 
 7.24714000e-02  2.50017873e+00  3.81100497e+00  2.48149499e+00  2.47876383e+00 -3.33084413e-05 
 7.24764000e-02  2.50014774e+00  3.81393904e+00  2.48442785e+00  2.48167882e+00 -3.32873135e-05 
 7.24814000e-02  2.50011660e+00  3.81688825e+00  2.48737553e+00  2.48461137e+00 -3.32660766e-05 
 7.24864000e-02  2.50008535e+00  3.81984967e+00  2.49033512e+00  2.48755856e+00 -3.32447517e-05 
 7.24914000e-02  2.50005401e+00  3.82282037e+00  2.49330368e+00  2.49051748e+00 -3.32233601e-05 
 7.24964000e-02  2.50002262e+00  3.82579741e+00  2.49627827e+00  2.49348518e+00 -3.32019228e-05 
 7.25014000e-02  2.49999120e+00  3.82877784e+00  2.49925595e+00  2.49645874e+00 -3.31804611e-05 
 7.25064000e-02  2.49995980e+00  3.83175872e+00  2.50223378e+00  2.49943522e+00 -3.31589963e-05 
 7.25114000e-02  2.49992843e+00  3.83473709e+00  2.50520880e+00  2.50241166e+00 -3.31375495e-05 
 7.25164000e-02  2.49989714e+00  3.83771003e+00  2.50817809e+00  2.50538512e+00 -3.31161420e-05 
 7.25214000e-02  2.49986594e+00  3.84067459e+00  2.51113872e+00  2.50835268e+00 -3.30947948e-05 
 7.25264000e-02  2.49983488e+00  3.84362785e+00  2.51408776e+00  2.51131140e+00 -3.30735290e-05 
 7.25314000e-02  2.49980399e+00  3.84656690e+00  2.51702231e+00  2.51425837e+00 -3.30523656e-05 
 7.25364000e-02  2.49977328e+00  3.84948885e+00  2.51993948e+00  2.51719068e+00 -3.30313253e-05 
 7.25414000e-02  2.49974280e+00  3.85239083e+00  2.52283640e+00  2.52010545e+00 -3.30104289e-05 
 7.25464000e-02  2.49971257e+00  3.85526997e+00  2.52571022e+00  2.52299980e+00 -3.29896968e-05 
 7.25514000e-02  2.49968263e+00  3.85812345e+00  2.52855812e+00  2.52587089e+00 -3.29691494e-05 
 7.25564000e-02  2.49965300e+00  3.86094847e+00  2.53137730e+00  2.52871591e+00 -3.29488069e-05 
 7.25614000e-02  2.49962371e+00  3.86374226e+00  2.53416500e+00  2.53153205e+00 -3.29286892e-05 
 7.25664000e-02  2.49959479e+00  3.86650208e+00  2.53691848e+00  2.53431656e+00 -3.29088159e-05 
 7.25714000e-02  2.49956628e+00  3.86922523e+00  2.53963505e+00  2.53706670e+00 -3.28892065e-05 
 7.25764000e-02  2.49953819e+00  3.87190903e+00  2.54231204e+00  2.53977979e+00 -3.28698802e-05 
 7.25814000e-02  2.49951056e+00  3.87455087e+00  2.54494685e+00  2.54245316e+00 -3.28508557e-05 
 7.25864000e-02  2.49948341e+00  3.87714817e+00  2.54753689e+00  2.54508421e+00 -3.28321516e-05 
 7.25914000e-02  2.49945677e+00  3.87969838e+00  2.55007963e+00  2.54767035e+00 -3.28137862e-05 
 7.25964000e-02  2.49943066e+00  3.88219902e+00  2.55257260e+00  2.55020908e+00 -3.27957772e-05 
 7.26014000e-02  2.49940512e+00  3.88464766e+00  2.55501337e+00  2.55269790e+00 -3.27781423e-05 
 7.26064000e-02  2.49938017e+00  3.88704190e+00  2.55739955e+00  2.55513440e+00 -3.27608984e-05 
 7.26114000e-02  2.49935582e+00  3.88937941e+00  2.55972883e+00  2.55751620e+00 -3.27440624e-05 
 7.26164000e-02  2.49933212e+00  3.89165793e+00  2.56199894e+00  2.55984098e+00 -3.27276506e-05 
 7.26214000e-02  2.49930907e+00  3.89387524e+00  2.56420766e+00  2.56210648e+00 -3.27116788e-05 
 7.26264000e-02  2.49928670e+00  3.89602917e+00  2.56635287e+00  2.56431050e+00 -3.26961624e-05 
 7.26314000e-02  2.49926504e+00  3.89811765e+00  2.56843247e+00  2.56645089e+00 -3.26811166e-05 
 7.26364000e-02  2.49924410e+00  3.90013864e+00  2.57044444e+00  2.56852559e+00 -3.26665558e-05 
 7.26414000e-02  2.49922391e+00  3.90209019e+00  2.57238684e+00  2.57053257e+00 -3.26524940e-05 
 7.26464000e-02  2.49920448e+00  3.90397041e+00  2.57425779e+00  2.57246990e+00 -3.26389449e-05 
 7.26514000e-02  2.49918584e+00  3.90577747e+00  2.57605547e+00  2.57433569e+00 -3.26259214e-05 
 7.26564000e-02  2.49916801e+00  3.90750964e+00  2.57777815e+00  2.57612814e+00 -3.26134361e-05 
 7.26614000e-02  2.49915099e+00  3.90916522e+00  2.57942416e+00  2.57784551e+00 -3.26015010e-05 
 7.26664000e-02  2.49913481e+00  3.91074263e+00  2.58099191e+00  2.57948615e+00 -3.25901275e-05 
 7.26714000e-02  2.49911949e+00  3.91224034e+00  2.58247988e+00  2.58104847e+00 -3.25793267e-05 
 7.26764000e-02  2.49910503e+00  3.91365691e+00  2.58388665e+00  2.58253097e+00 -3.25691088e-05 
 7.26814000e-02  2.49909146e+00  3.91499096e+00  2.58521085e+00  2.58393220e+00 -3.25594837e-05 
 7.26864000e-02  2.49907879e+00  3.91624122e+00  2.58645120e+00  2.58525083e+00 -3.25504605e-05 
 7.26914000e-02  2.49906702e+00  3.91740647e+00  2.58760651e+00  2.58648557e+00 -3.25420480e-05 
 7.26964000e-02  2.49905618e+00  3.91848560e+00  2.58867568e+00  2.58763524e+00 -3.25342541e-05 
 7.27014000e-02  2.49904626e+00  3.91947756e+00  2.58965766e+00  2.58869873e+00 -3.25270864e-05 
 7.27064000e-02  2.49903729e+00  3.92038141e+00  2.59055152e+00  2.58967502e+00 -3.25205516e-05 
 7.27114000e-02  2.49902927e+00  3.92119626e+00  2.59135639e+00  2.59056317e+00 -3.25146561e-05 
 7.27164000e-02  2.49902220e+00  3.92192134e+00  2.59207150e+00  2.59136232e+00 -3.25094054e-05 
 7.27214000e-02  2.49901610e+00  3.92255595e+00  2.59269617e+00  2.59207171e+00 -3.25048047e-05 
 7.27264000e-02  2.49901097e+00  3.92309949e+00  2.59322978e+00  2.59269064e+00 -3.25008582e-05 
 7.27314000e-02  2.49900682e+00  3.92355142e+00  2.59367184e+00  2.59321854e+00 -3.24975698e-05 
 7.27364000e-02  2.49900365e+00  3.92391131e+00  2.59402191e+00  2.59365488e+00 -3.24949425e-05 
 7.27414000e-02  2.49900146e+00  3.92417882e+00  2.59427966e+00  2.59399926e+00 -3.24929790e-05 
 7.27464000e-02  2.49900026e+00  3.92435368e+00  2.59444484e+00  2.59425133e+00 -3.24916810e-05 
 7.27514000e-02  2.49900004e+00  3.92443574e+00  2.59451729e+00  2.59441087e+00 -3.24910499e-05 
 7.27564000e-02  2.49900081e+00  3.92442491e+00  2.59449694e+00  2.59447771e+00 -3.24910862e-05 
 7.27614000e-02  2.49900256e+00  3.92432121e+00  2.59438382e+00  2.59445179e+00 -3.24917899e-05 
 7.27664000e-02  2.49900530e+00  3.92412472e+00  2.59417803e+00  2.59433313e+00 -3.24931603e-05 
 7.27714000e-02  2.49900903e+00  3.92383565e+00  2.59387976e+00  2.59412186e+00 -3.24951961e-05 
 7.27764000e-02  2.49901373e+00  3.92345427e+00  2.59348931e+00  2.59381816e+00 -3.24978954e-05 
 7.27814000e-02  2.49901940e+00  3.92298094e+00  2.59300705e+00  2.59342234e+00 -3.25012556e-05 
 7.27864000e-02  2.49902604e+00  3.92241612e+00  2.59243345e+00  2.59293478e+00 -3.25052736e-05 
 7.27914000e-02  2.49903364e+00  3.92176035e+00  2.59176905e+00  2.59235594e+00 -3.25099454e-05 
 7.27964000e-02  2.49904220e+00  3.92101426e+00  2.59101449e+00  2.59168637e+00 -3.25152666e-05 
 7.28014000e-02  2.49905170e+00  3.92017857e+00  2.59017050e+00  2.59092674e+00 -3.25212322e-05 
 7.28064000e-02  2.49906214e+00  3.91925408e+00  2.58923789e+00  2.59007775e+00 -3.25278364e-05 
 7.28114000e-02  2.49907350e+00  3.91824169e+00  2.58821756e+00  2.58914023e+00 -3.25350730e-05 
 7.28164000e-02  2.49908577e+00  3.91714236e+00  2.58711049e+00  2.58811509e+00 -3.25429350e-05 
 7.28214000e-02  2.49909895e+00  3.91595715e+00  2.58591775e+00  2.58700331e+00 -3.25514149e-05 
 7.28264000e-02  2.49911302e+00  3.91468722e+00  2.58464048e+00  2.58580595e+00 -3.25605046e-05 
 7.28314000e-02  2.49912796e+00  3.91333377e+00  2.58327992e+00  2.58452418e+00 -3.25701954e-05 
 7.28364000e-02  2.49914377e+00  3.91189812e+00  2.58183738e+00  2.58315923e+00 -3.25804780e-05 
 7.28414000e-02  2.49916042e+00  3.91038165e+00  2.58031424e+00  2.58171241e+00 -3.25913425e-05 
 7.28464000e-02  2.49917790e+00  3.90878582e+00  2.57871199e+00  2.58018512e+00 -3.26027786e-05 
 7.28514000e-02  2.49919618e+00  3.90711217e+00  2.57703217e+00  2.57857884e+00 -3.26147752e-05 
 7.28564000e-02  2.49921527e+00  3.90536233e+00  2.57527639e+00  2.57689512e+00 -3.26273208e-05 
 7.28614000e-02  2.49923512e+00  3.90353799e+00  2.57344637e+00  2.57513558e+00 -3.26404034e-05 
 7.28664000e-02  2.49925574e+00  3.90164090e+00  2.57154387e+00  2.57330193e+00 -3.26540104e-05 
 7.28714000e-02  2.49927708e+00  3.89967290e+00  2.56957072e+00  2.57139593e+00 -3.26681286e-05 
 7.28764000e-02  2.49929914e+00  3.89763591e+00  2.56752885e+00  2.56941944e+00 -3.26827444e-05 
 7.28814000e-02  2.49932189e+00  3.89553190e+00  2.56542024e+00  2.56737438e+00 -3.26978438e-05 
 7.28864000e-02  2.49934531e+00  3.89336291e+00  2.56324692e+00  2.56526271e+00 -3.27134122e-05 
 7.28914000e-02  2.49936938e+00  3.89113104e+00  2.56101102e+00  2.56308650e+00 -3.27294345e-05 
 7.28964000e-02  2.49939407e+00  3.88883846e+00  2.55871469e+00  2.56084786e+00 -3.27458953e-05 
 7.29014000e-02  2.49941935e+00  3.88648740e+00  2.55636018e+00  2.55854895e+00 -3.27627785e-05 
 7.29064000e-02  2.49944521e+00  3.88408016e+00  2.55394977e+00  2.55619203e+00 -3.27800678e-05 
 7.29114000e-02  2.49947162e+00  3.88161906e+00  2.55148582e+00  2.55377937e+00 -3.27977465e-05 
 7.29164000e-02  2.49949855e+00  3.87910652e+00  2.54897072e+00  2.55131333e+00 -3.28157973e-05 
 7.29214000e-02  2.49952597e+00  3.87654498e+00  2.54640693e+00  2.54879632e+00 -3.28342028e-05 
 7.29264000e-02  2.49955386e+00  3.87393694e+00  2.54379695e+00  2.54623078e+00 -3.28529450e-05 
 7.29314000e-02  2.49958220e+00  3.87128496e+00  2.54114333e+00  2.54361922e+00 -3.28720057e-05 
 7.29364000e-02  2.49961094e+00  3.86859161e+00  2.53844866e+00  2.54096420e+00 -3.28913663e-05 
 7.29414000e-02  2.49964007e+00  3.86585954e+00  2.53571557e+00  2.53826831e+00 -3.29110078e-05 
 7.29464000e-02  2.49966955e+00  3.86309142e+00  2.53294676e+00  2.53553418e+00 -3.29309112e-05 
 7.29514000e-02  2.49969936e+00  3.86028997e+00  2.53014492e+00  2.53276450e+00 -3.29510569e-05 
 7.29564000e-02  2.49972947e+00  3.85745792e+00  2.52731280e+00  2.52996197e+00 -3.29714252e-05 
 7.29614000e-02  2.49975984e+00  3.85459807e+00  2.52445319e+00  2.52712935e+00 -3.29919962e-05 
 7.29664000e-02  2.49979045e+00  3.85171321e+00  2.52156889e+00  2.52426941e+00 -3.30127497e-05 
 7.29714000e-02  2.49982127e+00  3.84880619e+00  2.51866274e+00  2.52138497e+00 -3.30336654e-05 
 7.29764000e-02  2.49985226e+00  3.84587986e+00  2.51573760e+00  2.51847886e+00 -3.30547226e-05 
 7.29814000e-02  2.49988340e+00  3.84293710e+00  2.51279634e+00  2.51555393e+00 -3.30759007e-05 
 7.29864000e-02  2.49991465e+00  3.83998081e+00  2.50984186e+00  2.51261308e+00 -3.30971788e-05 
 7.29914000e-02  2.49994599e+00  3.83701391e+00  2.50687707e+00  2.50965918e+00 -3.31185360e-05 
 7.29964000e-02  2.49997738e+00  3.83403932e+00  2.50390491e+00  2.50669516e+00 -3.31399511e-05 
 7.30014000e-02  2.50000880e+00  3.83105997e+00  2.50092829e+00  2.50372394e+00 -3.31614032e-05 
 7.30064000e-02  2.50004020e+00  3.82807882e+00  2.49795017e+00  2.50074845e+00 -3.31828709e-05 
 7.30114000e-02  2.50007157e+00  3.82509881e+00  2.49497349e+00  2.49777163e+00 -3.32043330e-05 
 7.30164000e-02  2.50010286e+00  3.82212288e+00  2.49200119e+00  2.49479643e+00 -3.32257683e-05 
 7.30214000e-02  2.50013406e+00  3.81915398e+00  2.48903621e+00  2.49182578e+00 -3.32471556e-05 
 7.30264000e-02  2.50016512e+00  3.81619505e+00  2.48608148e+00  2.48886263e+00 -3.32684737e-05 
 7.30314000e-02  2.50019601e+00  3.81324902e+00  2.48313995e+00  2.48590991e+00 -3.32897014e-05 
 7.30364000e-02  2.50022672e+00  3.81031882e+00  2.48021452e+00  2.48297055e+00 -3.33108177e-05 
 7.30414000e-02  2.50025720e+00  3.80740735e+00  2.47730810e+00  2.48004747e+00 -3.33318015e-05 
 7.30464000e-02  2.50028743e+00  3.80451751e+00  2.47442357e+00  2.47714356e+00 -3.33526320e-05 
 7.30514000e-02  2.50031737e+00  3.80165215e+00  2.47156380e+00  2.47426170e+00 -3.33732885e-05 
 7.30564000e-02  2.50034700e+00  3.79881414e+00  2.46873163e+00  2.47140476e+00 -3.33937504e-05 
 7.30614000e-02  2.50037629e+00  3.79600629e+00  2.46592987e+00  2.46857559e+00 -3.34139973e-05 
 7.30664000e-02  2.50040521e+00  3.79323140e+00  2.46316132e+00  2.46577698e+00 -3.34340091e-05 
 7.30714000e-02  2.50043372e+00  3.79049222e+00  2.46042874e+00  2.46301174e+00 -3.34537657e-05 
 7.30764000e-02  2.50046181e+00  3.78779150e+00  2.45773483e+00  2.46028260e+00 -3.34732474e-05 
 7.30814000e-02  2.50048944e+00  3.78513191e+00  2.45508230e+00  2.45759230e+00 -3.34924348e-05 
 7.30864000e-02  2.50051659e+00  3.78251611e+00  2.45247377e+00  2.45494350e+00 -3.35113087e-05 
 7.30914000e-02  2.50054323e+00  3.77994672e+00  2.44991186e+00  2.45233886e+00 -3.35298502e-05 
 7.30964000e-02  2.50056934e+00  3.77742628e+00  2.44739912e+00  2.44978096e+00 -3.35480408e-05 
 7.31014000e-02  2.50059488e+00  3.77495733e+00  2.44493805e+00  2.44727237e+00 -3.35658622e-05 
 7.31064000e-02  2.50061983e+00  3.77254231e+00  2.44253112e+00  2.44481557e+00 -3.35832966e-05 
 7.31114000e-02  2.50064418e+00  3.77018366e+00  2.44018074e+00  2.44241304e+00 -3.36003264e-05 
 7.31164000e-02  2.50066788e+00  3.76788372e+00  2.43788924e+00  2.44006717e+00 -3.36169348e-05 
 7.31214000e-02  2.50069093e+00  3.76564479e+00  2.43565892e+00  2.43778030e+00 -3.36331049e-05 
 7.31264000e-02  2.50071330e+00  3.76346912e+00  2.43349201e+00  2.43555472e+00 -3.36488205e-05 
 7.31314000e-02  2.50073496e+00  3.76135887e+00  2.43139069e+00  2.43339266e+00 -3.36640659e-05 
 7.31364000e-02  2.50075590e+00  3.75931617e+00  2.42935704e+00  2.43129627e+00 -3.36788257e-05 
 7.31414000e-02  2.50077609e+00  3.75734305e+00  2.42739311e+00  2.42926766e+00 -3.36930852e-05 
 7.31464000e-02  2.50079552e+00  3.75544149e+00  2.42550087e+00  2.42730886e+00 -3.37068299e-05 
 7.31514000e-02  2.50081416e+00  3.75361340e+00  2.42368221e+00  2.42542183e+00 -3.37200461e-05 
 7.31564000e-02  2.50083199e+00  3.75186061e+00  2.42193894e+00  2.42360846e+00 -3.37327204e-05 
 7.31614000e-02  2.50084901e+00  3.75018487e+00  2.42027283e+00  2.42187056e+00 -3.37448401e-05 
 7.31664000e-02  2.50086519e+00  3.74858786e+00  2.41868554e+00  2.42020988e+00 -3.37563931e-05 
 7.31714000e-02  2.50088051e+00  3.74707119e+00  2.41717865e+00  2.41862809e+00 -3.37673676e-05 
 7.31764000e-02  2.50089497e+00  3.74563637e+00  2.41575369e+00  2.41712676e+00 -3.37777526e-05 
 7.31814000e-02  2.50090854e+00  3.74428485e+00  2.41441208e+00  2.41570740e+00 -3.37875377e-05 
 7.31864000e-02  2.50092121e+00  3.74301797e+00  2.41315516e+00  2.41437144e+00 -3.37967129e-05 
 7.31914000e-02  2.50093298e+00  3.74183702e+00  2.41198420e+00  2.41312022e+00 -3.38052691e-05 
 7.31964000e-02  2.50094382e+00  3.74074317e+00  2.41090037e+00  2.41195499e+00 -3.38131977e-05 
 7.32014000e-02  2.50095374e+00  3.73973752e+00  2.40990477e+00  2.41087692e+00 -3.38204905e-05 
 7.32064000e-02  2.50096271e+00  3.73882109e+00  2.40899838e+00  2.40988710e+00 -3.38271404e-05 
 7.32114000e-02  2.50097073e+00  3.73799479e+00  2.40818212e+00  2.40898651e+00 -3.38331405e-05 
 7.32164000e-02  2.50097780e+00  3.73725945e+00  2.40745681e+00  2.40817606e+00 -3.38384848e-05 
 7.32214000e-02  2.50098390e+00  3.73661582e+00  2.40682318e+00  2.40745657e+00 -3.38431680e-05 
 7.32264000e-02  2.50098903e+00  3.73606452e+00  2.40628186e+00  2.40682876e+00 -3.38471853e-05 
 7.32314000e-02  2.50099318e+00  3.73560613e+00  2.40583340e+00  2.40629325e+00 -3.38505326e-05 
 7.32364000e-02  2.50099635e+00  3.73524110e+00  2.40547824e+00  2.40585059e+00 -3.38532066e-05 
 7.32414000e-02  2.50099854e+00  3.73496979e+00  2.40521675e+00  2.40550122e+00 -3.38552046e-05 
 7.32464000e-02  2.50099974e+00  3.73479248e+00  2.40504918e+00  2.40524549e+00 -3.38565246e-05 
 7.32514000e-02  2.50099996e+00  3.73470935e+00  2.40497571e+00  2.40508365e+00 -3.38571652e-05 
 7.32564000e-02  2.50099919e+00  3.73472048e+00  2.40499641e+00  2.40501588e+00 -3.38571258e-05 
 7.32614000e-02  2.50099744e+00  3.73482585e+00  2.40511125e+00  2.40504223e+00 -3.38564065e-05 
 7.32664000e-02  2.50099470e+00  3.73502537e+00  2.40532013e+00  2.40516269e+00 -3.38550079e-05 
 7.32714000e-02  2.50099097e+00  3.73531883e+00  2.40562283e+00  2.40537713e+00 -3.38529315e-05 
 7.32764000e-02  2.50098627e+00  3.73570594e+00  2.40601904e+00  2.40568533e+00 -3.38501794e-05 
 7.32814000e-02  2.50098060e+00  3.73618630e+00  2.40650838e+00  2.40608698e+00 -3.38467543e-05 
 7.32864000e-02  2.50097396e+00  3.73675945e+00  2.40709035e+00  2.40658169e+00 -3.38426598e-05 
 7.32914000e-02  2.50096636e+00  3.73742479e+00  2.40776436e+00  2.40716895e+00 -3.38378999e-05 
 7.32964000e-02  2.50095780e+00  3.73818166e+00  2.40852973e+00  2.40784818e+00 -3.38324795e-05 
 7.33014000e-02  2.50094830e+00  3.73902930e+00  2.40938571e+00  2.40861870e+00 -3.38264040e-05 
 7.33064000e-02  2.50093786e+00  3.73996686e+00  2.41033143e+00  2.40947972e+00 -3.38196796e-05 
 7.33114000e-02  2.50092650e+00  3.74099340e+00  2.41136593e+00  2.41043038e+00 -3.38123131e-05 
 7.33164000e-02  2.50091423e+00  3.74210789e+00  2.41248819e+00  2.41146974e+00 -3.38043118e-05 
 7.33214000e-02  2.50090105e+00  3.74330921e+00  2.41369707e+00  2.41259675e+00 -3.37956839e-05 
 7.33264000e-02  2.50088698e+00  3.74459616e+00  2.41499137e+00  2.41381027e+00 -3.37864380e-05 
 7.33314000e-02  2.50087204e+00  3.74596743e+00  2.41636978e+00  2.41510909e+00 -3.37765836e-05 
 7.33364000e-02  2.50085623e+00  3.74742167e+00  2.41783092e+00  2.41649191e+00 -3.37661304e-05 
 7.33414000e-02  2.50083958e+00  3.74895740e+00  2.41937333e+00  2.41795734e+00 -3.37550891e-05 
 7.33464000e-02  2.50082210e+00  3.75057309e+00  2.42099546e+00  2.41950390e+00 -3.37434708e-05 
 7.33514000e-02  2.50080382e+00  3.75226713e+00  2.42269568e+00  2.42113006e+00 -3.37312871e-05 
 7.33564000e-02  2.50078473e+00  3.75403780e+00  2.42447229e+00  2.42283417e+00 -3.37185504e-05 
 7.33614000e-02  2.50076488e+00  3.75588334e+00  2.42632351e+00  2.42461454e+00 -3.37052734e-05 
 7.33664000e-02  2.50074426e+00  3.75780189e+00  2.42824748e+00  2.42646937e+00 -3.36914696e-05 
 7.33714000e-02  2.50072292e+00  3.75979155e+00  2.43024228e+00  2.42839681e+00 -3.36771527e-05 
 7.33764000e-02  2.50070086e+00  3.76185031e+00  2.43230591e+00  2.43039492e+00 -3.36623373e-05 
 7.33814000e-02  2.50067811e+00  3.76397611e+00  2.43443631e+00  2.43246172e+00 -3.36470381e-05 
 7.33864000e-02  2.50065469e+00  3.76616682e+00  2.43663134e+00  2.43459513e+00 -3.36312705e-05 
 7.33914000e-02  2.50063062e+00  3.76842027e+00  2.43888881e+00  2.43679301e+00 -3.36150505e-05 
 7.33964000e-02  2.50060593e+00  3.77073418e+00  2.44120646e+00  2.43905317e+00 -3.35983942e-05 
 7.34014000e-02  2.50058065e+00  3.77310625e+00  2.44358197e+00  2.44137334e+00 -3.35813183e-05 
 7.34064000e-02  2.50055479e+00  3.77553411e+00  2.44601297e+00  2.44375121e+00 -3.35638401e-05 
 7.34114000e-02  2.50052838e+00  3.77801534e+00  2.44849704e+00  2.44618440e+00 -3.35459770e-05 
 7.34164000e-02  2.50050145e+00  3.78054745e+00  2.45103169e+00  2.44867049e+00 -3.35277468e-05 
 7.34214000e-02  2.50047403e+00  3.78312792e+00  2.45361439e+00  2.45120698e+00 -3.35091679e-05 
 7.34264000e-02  2.50044614e+00  3.78575417e+00  2.45624256e+00  2.45379135e+00 -3.34902589e-05 
 7.34314000e-02  2.50041780e+00  3.78842358e+00  2.45891359e+00  2.45642102e+00 -3.34710386e-05 
 7.34364000e-02  2.50038906e+00  3.79113351e+00  2.46162481e+00  2.45909337e+00 -3.34515263e-05 
 7.34414000e-02  2.50035993e+00  3.79388123e+00  2.46437353e+00  2.46180573e+00 -3.34317414e-05 
 7.34464000e-02  2.50033045e+00  3.79666403e+00  2.46715699e+00  2.46455540e+00 -3.34117037e-05 
 7.34514000e-02  2.50030064e+00  3.79947912e+00  2.46997245e+00  2.46733965e+00 -3.33914332e-05 
 7.34564000e-02  2.50027053e+00  3.80232371e+00  2.47281708e+00  2.47015570e+00 -3.33709501e-05 
 7.34614000e-02  2.50024016e+00  3.80519497e+00  2.47568808e+00  2.47300076e+00 -3.33502748e-05 
 7.34664000e-02  2.50020955e+00  3.80809005e+00  2.47858257e+00  2.47587198e+00 -3.33294278e-05 
 7.34714000e-02  2.50017873e+00  3.81100608e+00  2.48149769e+00  2.47876653e+00 -3.33084300e-05 
 7.34764000e-02  2.50014774e+00  3.81394014e+00  2.48443055e+00  2.48168152e+00 -3.32873021e-05 
 7.34814000e-02  2.50011660e+00  3.81688935e+00  2.48737824e+00  2.48461407e+00 -3.32660652e-05 
 7.34864000e-02  2.50008535e+00  3.81985077e+00  2.49033782e+00  2.48756126e+00 -3.32447404e-05 
 7.34914000e-02  2.50005401e+00  3.82282147e+00  2.49330638e+00  2.49052018e+00 -3.32233487e-05 
 7.34964000e-02  2.50002262e+00  3.82579851e+00  2.49628097e+00  2.49348789e+00 -3.32019114e-05 
 7.35014000e-02  2.49999120e+00  3.82877894e+00  2.49925865e+00  2.49646145e+00 -3.31804498e-05 
 7.35064000e-02  2.49995980e+00  3.83175982e+00  2.50223648e+00  2.49943792e+00 -3.31589850e-05 
 7.35114000e-02  2.49992843e+00  3.83473819e+00  2.50521150e+00  2.50241436e+00 -3.31375382e-05 
 7.35164000e-02  2.49989714e+00  3.83771113e+00  2.50818080e+00  2.50538782e+00 -3.31161307e-05 
 7.35214000e-02  2.49986594e+00  3.84067569e+00  2.51114142e+00  2.50835538e+00 -3.30947835e-05 
 7.35264000e-02  2.49983488e+00  3.84362895e+00  2.51409046e+00  2.51131410e+00 -3.30735177e-05 
 7.35314000e-02  2.49980399e+00  3.84656800e+00  2.51702501e+00  2.51426107e+00 -3.30523543e-05 
 7.35364000e-02  2.49977328e+00  3.84948995e+00  2.51994218e+00  2.51719338e+00 -3.30313140e-05 
 7.35414000e-02  2.49974280e+00  3.85239192e+00  2.52283910e+00  2.52010815e+00 -3.30104175e-05 
 7.35464000e-02  2.49971257e+00  3.85527107e+00  2.52571292e+00  2.52300250e+00 -3.29896855e-05 
 7.35514000e-02  2.49968263e+00  3.85812455e+00  2.52856082e+00  2.52587359e+00 -3.29691381e-05 
 7.35564000e-02  2.49965300e+00  3.86094957e+00  2.53138000e+00  2.52871860e+00 -3.29487956e-05 
 7.35614000e-02  2.49962371e+00  3.86374336e+00  2.53416770e+00  2.53153475e+00 -3.29286779e-05 
 7.35664000e-02  2.49959479e+00  3.86650318e+00  2.53692118e+00  2.53431925e+00 -3.29088046e-05 
 7.35714000e-02  2.49956628e+00  3.86922632e+00  2.53963774e+00  2.53706940e+00 -3.28891952e-05 
 7.35764000e-02  2.49953819e+00  3.87191013e+00  2.54231474e+00  2.53978248e+00 -3.28698688e-05 
 7.35814000e-02  2.49951056e+00  3.87455197e+00  2.54494954e+00  2.54245585e+00 -3.28508444e-05 
 7.35864000e-02  2.49948341e+00  3.87714927e+00  2.54753958e+00  2.54508690e+00 -3.28321403e-05 
 7.35914000e-02  2.49945677e+00  3.87969948e+00  2.55008233e+00  2.54767305e+00 -3.28137748e-05 
 7.35964000e-02  2.49943066e+00  3.88220012e+00  2.55257530e+00  2.55021177e+00 -3.27957659e-05 
 7.36014000e-02  2.49940512e+00  3.88464876e+00  2.55501606e+00  2.55270060e+00 -3.27781309e-05 
 7.36064000e-02  2.49938017e+00  3.88704300e+00  2.55740225e+00  2.55513710e+00 -3.27608871e-05 
 7.36114000e-02  2.49935582e+00  3.88938051e+00  2.55973152e+00  2.55751889e+00 -3.27440511e-05 
 7.36164000e-02  2.49933212e+00  3.89165903e+00  2.56200163e+00  2.55984367e+00 -3.27276393e-05 
 7.36214000e-02  2.49930907e+00  3.89387633e+00  2.56421036e+00  2.56210917e+00 -3.27116674e-05 
 7.36264000e-02  2.49928670e+00  3.89603027e+00  2.56635556e+00  2.56431319e+00 -3.26961511e-05 
 7.36314000e-02  2.49926504e+00  3.89811875e+00  2.56843516e+00  2.56645359e+00 -3.26811053e-05 
 7.36364000e-02  2.49924410e+00  3.90013974e+00  2.57044713e+00  2.56852828e+00 -3.26665445e-05 
 7.36414000e-02  2.49922391e+00  3.90209129e+00  2.57238954e+00  2.57053526e+00 -3.26524827e-05 
 7.36464000e-02  2.49920448e+00  3.90397151e+00  2.57426048e+00  2.57247259e+00 -3.26389336e-05 
 7.36514000e-02  2.49918584e+00  3.90577857e+00  2.57605817e+00  2.57433838e+00 -3.26259101e-05 
 7.36564000e-02  2.49916801e+00  3.90751073e+00  2.57778084e+00  2.57613083e+00 -3.26134248e-05 
 7.36614000e-02  2.49915099e+00  3.90916632e+00  2.57942685e+00  2.57784820e+00 -3.26014897e-05 
 7.36664000e-02  2.49913481e+00  3.91074373e+00  2.58099460e+00  2.57948884e+00 -3.25901162e-05 
 7.36714000e-02  2.49911949e+00  3.91224144e+00  2.58248257e+00  2.58105117e+00 -3.25793154e-05 
 7.36764000e-02  2.49910503e+00  3.91365801e+00  2.58388934e+00  2.58253366e+00 -3.25690975e-05 
 7.36814000e-02  2.49909146e+00  3.91499206e+00  2.58521353e+00  2.58393489e+00 -3.25594724e-05 
 7.36864000e-02  2.49907879e+00  3.91624231e+00  2.58645389e+00  2.58525352e+00 -3.25504492e-05 
 7.36914000e-02  2.49906702e+00  3.91740757e+00  2.58760920e+00  2.58648826e+00 -3.25420367e-05 
 7.36964000e-02  2.49905618e+00  3.91848670e+00  2.58867837e+00  2.58763793e+00 -3.25342428e-05 
 7.37014000e-02  2.49904626e+00  3.91947866e+00  2.58966035e+00  2.58870142e+00 -3.25270751e-05 
 7.37064000e-02  2.49903729e+00  3.92038250e+00  2.59055421e+00  2.58967771e+00 -3.25205403e-05 
 7.37114000e-02  2.49902927e+00  3.92119736e+00  2.59135908e+00  2.59056586e+00 -3.25146448e-05 
 7.37164000e-02  2.49902220e+00  3.92192244e+00  2.59207419e+00  2.59136501e+00 -3.25093941e-05 
 7.37214000e-02  2.49901610e+00  3.92255705e+00  2.59269886e+00  2.59207439e+00 -3.25047934e-05 
 7.37264000e-02  2.49901097e+00  3.92310059e+00  2.59323247e+00  2.59269333e+00 -3.25008469e-05 
 7.37314000e-02  2.49900682e+00  3.92355251e+00  2.59367453e+00  2.59322123e+00 -3.24975585e-05 
 7.37364000e-02  2.49900365e+00  3.92391241e+00  2.59402460e+00  2.59365757e+00 -3.24949312e-05 
 7.37414000e-02  2.49900146e+00  3.92417991e+00  2.59428235e+00  2.59400195e+00 -3.24929677e-05 
 7.37464000e-02  2.49900026e+00  3.92435478e+00  2.59444753e+00  2.59425402e+00 -3.24916697e-05 
 7.37514000e-02  2.49900004e+00  3.92443684e+00  2.59451998e+00  2.59441356e+00 -3.24910386e-05 
 7.37564000e-02  2.49900081e+00  3.92442601e+00  2.59449963e+00  2.59448040e+00 -3.24910749e-05 
 7.37614000e-02  2.49900256e+00  3.92432231e+00  2.59438651e+00  2.59445447e+00 -3.24917785e-05 
 7.37664000e-02  2.49900530e+00  3.92412583e+00  2.59418071e+00  2.59433582e+00 -3.24931489e-05 
 7.37714000e-02  2.49900903e+00  3.92383675e+00  2.59388245e+00  2.59412454e+00 -3.24951848e-05 
 7.37764000e-02  2.49901373e+00  3.92345537e+00  2.59349200e+00  2.59382085e+00 -3.24978841e-05 
 7.37814000e-02  2.49901940e+00  3.92298204e+00  2.59300974e+00  2.59342503e+00 -3.25012443e-05 
 7.37864000e-02  2.49902604e+00  3.92241722e+00  2.59243614e+00  2.59293747e+00 -3.25052622e-05 
 7.37914000e-02  2.49903364e+00  3.92176145e+00  2.59177173e+00  2.59235863e+00 -3.25099340e-05 
 7.37964000e-02  2.49904220e+00  3.92101536e+00  2.59101718e+00  2.59168906e+00 -3.25152553e-05 
 7.38014000e-02  2.49905170e+00  3.92017967e+00  2.59017319e+00  2.59092942e+00 -3.25212209e-05 
 7.38064000e-02  2.49906214e+00  3.91925518e+00  2.58924058e+00  2.59008044e+00 -3.25278251e-05 
 7.38114000e-02  2.49907350e+00  3.91824279e+00  2.58822025e+00  2.58914292e+00 -3.25350617e-05 
 7.38164000e-02  2.49908577e+00  3.91714346e+00  2.58711318e+00  2.58811778e+00 -3.25429237e-05 
 7.38214000e-02  2.49909895e+00  3.91595826e+00  2.58592044e+00  2.58700599e+00 -3.25514036e-05 
 7.38264000e-02  2.49911302e+00  3.91468832e+00  2.58464317e+00  2.58580864e+00 -3.25604933e-05 
 7.38314000e-02  2.49912796e+00  3.91333488e+00  2.58328261e+00  2.58452687e+00 -3.25701840e-05 
 7.38364000e-02  2.49914377e+00  3.91189922e+00  2.58184007e+00  2.58316192e+00 -3.25804666e-05 
 7.38414000e-02  2.49916042e+00  3.91038275e+00  2.58031693e+00  2.58171510e+00 -3.25913312e-05 
 7.38464000e-02  2.49917790e+00  3.90878692e+00  2.57871468e+00  2.58018781e+00 -3.26027672e-05 
 7.38514000e-02  2.49919618e+00  3.90711328e+00  2.57703486e+00  2.57858153e+00 -3.26147638e-05 
 7.38564000e-02  2.49921527e+00  3.90536344e+00  2.57527908e+00  2.57689781e+00 -3.26273095e-05 
 7.38614000e-02  2.49923512e+00  3.90353909e+00  2.57344906e+00  2.57513827e+00 -3.26403920e-05 
 7.38664000e-02  2.49925574e+00  3.90164200e+00  2.57154656e+00  2.57330462e+00 -3.26539990e-05 
 7.38714000e-02  2.49927708e+00  3.89967401e+00  2.56957341e+00  2.57139862e+00 -3.26681172e-05 
 7.38764000e-02  2.49929914e+00  3.89763702e+00  2.56753154e+00  2.56942213e+00 -3.26827331e-05 
 7.38814000e-02  2.49932189e+00  3.89553301e+00  2.56542293e+00  2.56737707e+00 -3.26978325e-05 
 7.38864000e-02  2.49934531e+00  3.89336402e+00  2.56324961e+00  2.56526540e+00 -3.27134009e-05 
 7.38914000e-02  2.49936938e+00  3.89113215e+00  2.56101371e+00  2.56308919e+00 -3.27294232e-05 
 7.38964000e-02  2.49939407e+00  3.88883957e+00  2.55871738e+00  2.56085055e+00 -3.27458839e-05 
 7.39014000e-02  2.49941935e+00  3.88648851e+00  2.55636287e+00  2.55855164e+00 -3.27627671e-05 
 7.39064000e-02  2.49944521e+00  3.88408127e+00  2.55395247e+00  2.55619472e+00 -3.27800564e-05 
 7.39114000e-02  2.49947162e+00  3.88162018e+00  2.55148851e+00  2.55378206e+00 -3.27977351e-05 
 7.39164000e-02  2.49949855e+00  3.87910763e+00  2.54897342e+00  2.55131602e+00 -3.28157859e-05 
 7.39214000e-02  2.49952597e+00  3.87654610e+00  2.54640963e+00  2.54879901e+00 -3.28341914e-05 
 7.39264000e-02  2.49955386e+00  3.87393806e+00  2.54379964e+00  2.54623347e+00 -3.28529336e-05 
 7.39314000e-02  2.49958220e+00  3.87128607e+00  2.54114602e+00  2.54362192e+00 -3.28719943e-05 
 7.39364000e-02  2.49961094e+00  3.86859273e+00  2.53845135e+00  2.54096689e+00 -3.28913548e-05 
 7.39414000e-02  2.49964007e+00  3.86586066e+00  2.53571827e+00  2.53827100e+00 -3.29109964e-05 
 7.39464000e-02  2.49966955e+00  3.86309254e+00  2.53294945e+00  2.53553688e+00 -3.29308998e-05 
 7.39514000e-02  2.49969936e+00  3.86029108e+00  2.53014761e+00  2.53276719e+00 -3.29510455e-05 
 7.39564000e-02  2.49972947e+00  3.85745904e+00  2.52731550e+00  2.52996467e+00 -3.29714138e-05 
 7.39614000e-02  2.49975984e+00  3.85459919e+00  2.52445589e+00  2.52713205e+00 -3.29919848e-05 
 7.39664000e-02  2.49979045e+00  3.85171433e+00  2.52157159e+00  2.52427211e+00 -3.30127383e-05 
 7.39714000e-02  2.49982127e+00  3.84880731e+00  2.51866544e+00  2.52138767e+00 -3.30336539e-05 
 7.39764000e-02  2.49985226e+00  3.84588098e+00  2.51574029e+00  2.51848156e+00 -3.30547111e-05 
 7.39814000e-02  2.49988340e+00  3.84293822e+00  2.51279903e+00  2.51555663e+00 -3.30758892e-05 
 7.39864000e-02  2.49991465e+00  3.83998193e+00  2.50984456e+00  2.51261577e+00 -3.30971673e-05 
 7.39914000e-02  2.49994599e+00  3.83701503e+00  2.50687977e+00  2.50966188e+00 -3.31185245e-05 
 7.39964000e-02  2.49997738e+00  3.83404044e+00  2.50390761e+00  2.50669786e+00 -3.31399397e-05 
 7.40014000e-02  2.50000880e+00  3.83106110e+00  2.50093099e+00  2.50372664e+00 -3.31613917e-05 
 7.40064000e-02  2.50004020e+00  3.82807995e+00  2.49795287e+00  2.50075115e+00 -3.31828594e-05 
 7.40114000e-02  2.50007157e+00  3.82509993e+00  2.49497619e+00  2.49777433e+00 -3.32043215e-05 
 7.40164000e-02  2.50010286e+00  3.82212400e+00  2.49200389e+00  2.49479913e+00 -3.32257568e-05 
 7.40214000e-02  2.50013406e+00  3.81915510e+00  2.48903890e+00  2.49182848e+00 -3.32471442e-05 
 7.40264000e-02  2.50016512e+00  3.81619617e+00  2.48608418e+00  2.48886533e+00 -3.32684622e-05 
 7.40314000e-02  2.50019601e+00  3.81325015e+00  2.48314265e+00  2.48591261e+00 -3.32896899e-05 
 7.40364000e-02  2.50022672e+00  3.81031995e+00  2.48021722e+00  2.48297325e+00 -3.33108062e-05 
 7.40414000e-02  2.50025720e+00  3.80740848e+00  2.47731080e+00  2.48005017e+00 -3.33317900e-05 
 7.40464000e-02  2.50028743e+00  3.80451863e+00  2.47442627e+00  2.47714626e+00 -3.33526205e-05 
 7.40514000e-02  2.50031737e+00  3.80165328e+00  2.47156650e+00  2.47426440e+00 -3.33732770e-05 
 7.40564000e-02  2.50034700e+00  3.79881527e+00  2.46873433e+00  2.47140746e+00 -3.33937389e-05 
 7.40614000e-02  2.50037629e+00  3.79600742e+00  2.46593257e+00  2.46857829e+00 -3.34139858e-05 
 7.40664000e-02  2.50040521e+00  3.79323253e+00  2.46316403e+00  2.46577969e+00 -3.34339976e-05 
 7.40714000e-02  2.50043372e+00  3.79049335e+00  2.46043144e+00  2.46301444e+00 -3.34537541e-05 
 7.40764000e-02  2.50046181e+00  3.78779263e+00  2.45773753e+00  2.46028531e+00 -3.34732359e-05 
 7.40814000e-02  2.50048944e+00  3.78513304e+00  2.45508500e+00  2.45759500e+00 -3.34924233e-05 
 7.40864000e-02  2.50051659e+00  3.78251725e+00  2.45247647e+00  2.45494621e+00 -3.35112972e-05 
 7.40914000e-02  2.50054323e+00  3.77994785e+00  2.44991456e+00  2.45234156e+00 -3.35298387e-05 
 7.40964000e-02  2.50056934e+00  3.77742742e+00  2.44740182e+00  2.44978366e+00 -3.35480292e-05 
 7.41014000e-02  2.50059488e+00  3.77495846e+00  2.44494075e+00  2.44727507e+00 -3.35658506e-05 
 7.41064000e-02  2.50061983e+00  3.77254345e+00  2.44253383e+00  2.44481828e+00 -3.35832850e-05 
 7.41114000e-02  2.50064418e+00  3.77018479e+00  2.44018344e+00  2.44241575e+00 -3.36003149e-05 
 7.41164000e-02  2.50066788e+00  3.76788485e+00  2.43789194e+00  2.44006987e+00 -3.36169232e-05 
 7.41214000e-02  2.50069093e+00  3.76564593e+00  2.43566162e+00  2.43778300e+00 -3.36330933e-05 
 7.41264000e-02  2.50071330e+00  3.76347025e+00  2.43349472e+00  2.43555743e+00 -3.36488089e-05 
 7.41314000e-02  2.50073496e+00  3.76136001e+00  2.43139339e+00  2.43339536e+00 -3.36640543e-05 
 7.41364000e-02  2.50075590e+00  3.75931731e+00  2.42935975e+00  2.43129898e+00 -3.36788142e-05 
 7.41414000e-02  2.50077609e+00  3.75734419e+00  2.42739582e+00  2.42927037e+00 -3.36930736e-05 
 7.41464000e-02  2.50079552e+00  3.75544263e+00  2.42550357e+00  2.42731157e+00 -3.37068183e-05 
 7.41514000e-02  2.50081416e+00  3.75361454e+00  2.42368491e+00  2.42542454e+00 -3.37200345e-05 
 7.41564000e-02  2.50083199e+00  3.75186175e+00  2.42194165e+00  2.42361116e+00 -3.37327088e-05 
 7.41614000e-02  2.50084901e+00  3.75018601e+00  2.42027554e+00  2.42187327e+00 -3.37448285e-05 
 7.41664000e-02  2.50086519e+00  3.74858900e+00  2.41868824e+00  2.42021259e+00 -3.37563815e-05 
 7.41714000e-02  2.50088051e+00  3.74707233e+00  2.41718136e+00  2.41863079e+00 -3.37673560e-05 
 7.41764000e-02  2.50089497e+00  3.74563751e+00  2.41575640e+00  2.41712946e+00 -3.37777410e-05 
 7.41814000e-02  2.50090854e+00  3.74428599e+00  2.41441478e+00  2.41571011e+00 -3.37875260e-05 
 7.41864000e-02  2.50092121e+00  3.74301911e+00  2.41315787e+00  2.41437415e+00 -3.37967013e-05 
 7.41914000e-02  2.50093298e+00  3.74183816e+00  2.41198691e+00  2.41312292e+00 -3.38052575e-05 
 7.41964000e-02  2.50094382e+00  3.74074431e+00  2.41090308e+00  2.41195769e+00 -3.38131861e-05 
 7.42014000e-02  2.50095374e+00  3.73973867e+00  2.40990747e+00  2.41087963e+00 -3.38204789e-05 
 7.42064000e-02  2.50096271e+00  3.73882224e+00  2.40900109e+00  2.40988980e+00 -3.38271288e-05 
 7.42114000e-02  2.50097073e+00  3.73799594e+00  2.40818483e+00  2.40898922e+00 -3.38331289e-05 
 7.42164000e-02  2.50097780e+00  3.73726060e+00  2.40745952e+00  2.40817877e+00 -3.38384732e-05 
 7.42214000e-02  2.50098390e+00  3.73661696e+00  2.40682589e+00  2.40745928e+00 -3.38431564e-05 
 7.42264000e-02  2.50098903e+00  3.73606567e+00  2.40628457e+00  2.40683146e+00 -3.38471737e-05 
 7.42314000e-02  2.50099318e+00  3.73560728e+00  2.40583610e+00  2.40629596e+00 -3.38505210e-05 
 7.42364000e-02  2.50099635e+00  3.73524224e+00  2.40548095e+00  2.40585330e+00 -3.38531950e-05 
 7.42414000e-02  2.50099854e+00  3.73497094e+00  2.40521945e+00  2.40550392e+00 -3.38551930e-05 
 7.42464000e-02  2.50099974e+00  3.73479363e+00  2.40505189e+00  2.40524819e+00 -3.38565130e-05 
 7.42514000e-02  2.50099996e+00  3.73471050e+00  2.40497842e+00  2.40508636e+00 -3.38571536e-05 
 7.42564000e-02  2.50099919e+00  3.73472162e+00  2.40499911e+00  2.40501859e+00 -3.38571142e-05 
 7.42614000e-02  2.50099744e+00  3.73482700e+00  2.40511396e+00  2.40504494e+00 -3.38563948e-05 
 7.42664000e-02  2.50099470e+00  3.73502652e+00  2.40532283e+00  2.40516540e+00 -3.38549962e-05 
 7.42714000e-02  2.50099097e+00  3.73531998e+00  2.40562553e+00  2.40537983e+00 -3.38529198e-05 
 7.42764000e-02  2.50098627e+00  3.73570709e+00  2.40602175e+00  2.40568803e+00 -3.38501677e-05 
 7.42814000e-02  2.50098060e+00  3.73618745e+00  2.40651109e+00  2.40608969e+00 -3.38467427e-05 
 7.42864000e-02  2.50097396e+00  3.73676059e+00  2.40709305e+00  2.40658440e+00 -3.38426481e-05 
 7.42914000e-02  2.50096636e+00  3.73742593e+00  2.40776706e+00  2.40717166e+00 -3.38378883e-05 
 7.42964000e-02  2.50095780e+00  3.73818280e+00  2.40853244e+00  2.40785089e+00 -3.38324678e-05 
 7.43014000e-02  2.50094830e+00  3.73903045e+00  2.40938841e+00  2.40862140e+00 -3.38263924e-05 
 7.43064000e-02  2.50093786e+00  3.73996801e+00  2.41033413e+00  2.40948242e+00 -3.38196680e-05 
 7.43114000e-02  2.50092650e+00  3.74099455e+00  2.41136864e+00  2.41043309e+00 -3.38123014e-05 
 7.43164000e-02  2.50091423e+00  3.74210904e+00  2.41249089e+00  2.41147245e+00 -3.38043002e-05 
 7.43214000e-02  2.50090105e+00  3.74331036e+00  2.41369978e+00  2.41259945e+00 -3.37956723e-05 
 7.43264000e-02  2.50088698e+00  3.74459730e+00  2.41499407e+00  2.41381298e+00 -3.37864264e-05 
 7.43314000e-02  2.50087204e+00  3.74596858e+00  2.41637248e+00  2.41511180e+00 -3.37765719e-05 
 7.43364000e-02  2.50085623e+00  3.74742282e+00  2.41783363e+00  2.41649461e+00 -3.37661188e-05 
 7.43414000e-02  2.50083958e+00  3.74895855e+00  2.41937603e+00  2.41796004e+00 -3.37550775e-05 
 7.43464000e-02  2.50082210e+00  3.75057424e+00  2.42099816e+00  2.41950661e+00 -3.37434592e-05 
 7.43514000e-02  2.50080382e+00  3.75226827e+00  2.42269838e+00  2.42113276e+00 -3.37312755e-05 
 7.43564000e-02  2.50078473e+00  3.75403895e+00  2.42447499e+00  2.42283688e+00 -3.37185388e-05 
 7.43614000e-02  2.50076488e+00  3.75588449e+00  2.42632621e+00  2.42461724e+00 -3.37052618e-05 
 7.43664000e-02  2.50074426e+00  3.75780304e+00  2.42825018e+00  2.42647207e+00 -3.36914579e-05 
 7.43714000e-02  2.50072292e+00  3.75979270e+00  2.43024498e+00  2.42839951e+00 -3.36771411e-05 
 7.43764000e-02  2.50070086e+00  3.76185145e+00  2.43230861e+00  2.43039763e+00 -3.36623256e-05 
 7.43814000e-02  2.50067811e+00  3.76397725e+00  2.43443901e+00  2.43246442e+00 -3.36470264e-05 
 7.43864000e-02  2.50065469e+00  3.76616797e+00  2.43663404e+00  2.43459783e+00 -3.36312589e-05 
 7.43914000e-02  2.50063062e+00  3.76842141e+00  2.43889151e+00  2.43679571e+00 -3.36150388e-05 
 7.43964000e-02  2.50060593e+00  3.77073533e+00  2.44120916e+00  2.43905587e+00 -3.35983825e-05 
 7.44014000e-02  2.50058065e+00  3.77310740e+00  2.44358467e+00  2.44137604e+00 -3.35813067e-05 
 7.44064000e-02  2.50055479e+00  3.77553526e+00  2.44601567e+00  2.44375391e+00 -3.35638285e-05 
 7.44114000e-02  2.50052838e+00  3.77801649e+00  2.44849974e+00  2.44618710e+00 -3.35459653e-05 
 7.44164000e-02  2.50050145e+00  3.78054859e+00  2.45103439e+00  2.44867319e+00 -3.35277352e-05 
 7.44214000e-02  2.50047403e+00  3.78312906e+00  2.45361708e+00  2.45120968e+00 -3.35091563e-05 
 7.44264000e-02  2.50044614e+00  3.78575531e+00  2.45624526e+00  2.45379405e+00 -3.34902473e-05 
 7.44314000e-02  2.50041780e+00  3.78842473e+00  2.45891629e+00  2.45642372e+00 -3.34710270e-05 
 7.44364000e-02  2.50038906e+00  3.79113465e+00  2.46162751e+00  2.45909607e+00 -3.34515147e-05 
 7.44414000e-02  2.50035993e+00  3.79388238e+00  2.46437622e+00  2.46180843e+00 -3.34317298e-05 
 7.44464000e-02  2.50033045e+00  3.79666517e+00  2.46715969e+00  2.46455810e+00 -3.34116921e-05 
 7.44514000e-02  2.50030064e+00  3.79948027e+00  2.46997514e+00  2.46734235e+00 -3.33914216e-05 
 7.44564000e-02  2.50027053e+00  3.80232486e+00  2.47281978e+00  2.47015840e+00 -3.33709385e-05 
 7.44614000e-02  2.50024016e+00  3.80519612e+00  2.47569077e+00  2.47300345e+00 -3.33502631e-05 
 7.44664000e-02  2.50020955e+00  3.80809120e+00  2.47858527e+00  2.47587468e+00 -3.33294162e-05 
 7.44714000e-02  2.50017873e+00  3.81100722e+00  2.48150039e+00  2.47876923e+00 -3.33084184e-05 
 7.44764000e-02  2.50014774e+00  3.81394129e+00  2.48443325e+00  2.48168422e+00 -3.32872905e-05 
 7.44814000e-02  2.50011660e+00  3.81689050e+00  2.48738093e+00  2.48461677e+00 -3.32660536e-05 
 7.44864000e-02  2.50008535e+00  3.81985192e+00  2.49034052e+00  2.48756396e+00 -3.32447288e-05 
 7.44914000e-02  2.50005401e+00  3.82282262e+00  2.49330907e+00  2.49052287e+00 -3.32233371e-05 
 7.44964000e-02  2.50002262e+00  3.82579965e+00  2.49628367e+00  2.49349058e+00 -3.32018998e-05 
 7.45014000e-02  2.49999120e+00  3.82878009e+00  2.49926135e+00  2.49646414e+00 -3.31804382e-05 
 7.45064000e-02  2.49995980e+00  3.83176096e+00  2.50223917e+00  2.49944061e+00 -3.31589734e-05 
 7.45114000e-02  2.49992843e+00  3.83473934e+00  2.50521420e+00  2.50241705e+00 -3.31375266e-05 
 7.45164000e-02  2.49989714e+00  3.83771227e+00  2.50818349e+00  2.50539052e+00 -3.31161191e-05 
 7.45214000e-02  2.49986594e+00  3.84067683e+00  2.51114411e+00  2.50835807e+00 -3.30947719e-05 
 7.45264000e-02  2.49983488e+00  3.84363009e+00  2.51409315e+00  2.51131680e+00 -3.30735061e-05 
 7.45314000e-02  2.49980399e+00  3.84656914e+00  2.51702770e+00  2.51426376e+00 -3.30523427e-05 
 7.45364000e-02  2.49977328e+00  3.84949110e+00  2.51994487e+00  2.51719607e+00 -3.30313024e-05 
 7.45414000e-02  2.49974280e+00  3.85239307e+00  2.52284179e+00  2.52011084e+00 -3.30104060e-05 
 7.45464000e-02  2.49971257e+00  3.85527221e+00  2.52571561e+00  2.52300519e+00 -3.29896739e-05 
 7.45514000e-02  2.49968263e+00  3.85812569e+00  2.52856351e+00  2.52587628e+00 -3.29691265e-05 
 7.45564000e-02  2.49965300e+00  3.86095071e+00  2.53138269e+00  2.52872129e+00 -3.29487840e-05 
 7.45614000e-02  2.49962371e+00  3.86374450e+00  2.53417038e+00  2.53153743e+00 -3.29286663e-05 
 7.45664000e-02  2.49959479e+00  3.86650432e+00  2.53692386e+00  2.53432194e+00 -3.29087930e-05 
 7.45714000e-02  2.49956628e+00  3.86922747e+00  2.53964043e+00  2.53707208e+00 -3.28891836e-05 
 7.45764000e-02  2.49953819e+00  3.87191127e+00  2.54231742e+00  2.53978517e+00 -3.28698573e-05 
 7.45814000e-02  2.49951056e+00  3.87455311e+00  2.54495223e+00  2.54245854e+00 -3.28508328e-05 
 7.45864000e-02  2.49948341e+00  3.87715041e+00  2.54754227e+00  2.54508959e+00 -3.28321287e-05 
 7.45914000e-02  2.49945677e+00  3.87970062e+00  2.55008501e+00  2.54767573e+00 -3.28137633e-05 
 7.45964000e-02  2.49943066e+00  3.88220126e+00  2.55257798e+00  2.55021446e+00 -3.27957543e-05 
 7.46014000e-02  2.49940512e+00  3.88464990e+00  2.55501875e+00  2.55270328e+00 -3.27781194e-05 
 7.46064000e-02  2.49938017e+00  3.88704414e+00  2.55740493e+00  2.55513978e+00 -3.27608755e-05 
 7.46114000e-02  2.49935582e+00  3.88938165e+00  2.55973421e+00  2.55752158e+00 -3.27440395e-05 
 7.46164000e-02  2.49933212e+00  3.89166017e+00  2.56200431e+00  2.55984636e+00 -3.27276277e-05 
 7.46214000e-02  2.49930907e+00  3.89387747e+00  2.56421304e+00  2.56211186e+00 -3.27116559e-05 
 7.46264000e-02  2.49928670e+00  3.89603141e+00  2.56635824e+00  2.56431587e+00 -3.26961396e-05 
 7.46314000e-02  2.49926504e+00  3.89811989e+00  2.56843784e+00  2.56645627e+00 -3.26810937e-05 
 7.46364000e-02  2.49924410e+00  3.90014088e+00  2.57044982e+00  2.56853096e+00 -3.26665329e-05 
 7.46414000e-02  2.49922391e+00  3.90209243e+00  2.57239222e+00  2.57053794e+00 -3.26524712e-05 
 7.46464000e-02  2.49920448e+00  3.90397265e+00  2.57426317e+00  2.57247527e+00 -3.26389220e-05 
 7.46514000e-02  2.49918584e+00  3.90577971e+00  2.57606085e+00  2.57434106e+00 -3.26258985e-05 
 7.46564000e-02  2.49916801e+00  3.90751188e+00  2.57778352e+00  2.57613351e+00 -3.26134132e-05 
 7.46614000e-02  2.49915099e+00  3.90916746e+00  2.57942953e+00  2.57785088e+00 -3.26014781e-05 
 7.46664000e-02  2.49913481e+00  3.91074487e+00  2.58099728e+00  2.57949152e+00 -3.25901047e-05 
 7.46714000e-02  2.49911949e+00  3.91224258e+00  2.58248525e+00  2.58105385e+00 -3.25793038e-05 
 7.46764000e-02  2.49910503e+00  3.91365915e+00  2.58389202e+00  2.58253634e+00 -3.25690860e-05 
 7.46814000e-02  2.49909146e+00  3.91499320e+00  2.58521621e+00  2.58393757e+00 -3.25594608e-05 
 7.46864000e-02  2.49907879e+00  3.91624346e+00  2.58645657e+00  2.58525620e+00 -3.25504377e-05 
 7.46914000e-02  2.49906702e+00  3.91740871e+00  2.58761188e+00  2.58649094e+00 -3.25420251e-05 
 7.46964000e-02  2.49905618e+00  3.91848784e+00  2.58868105e+00  2.58764061e+00 -3.25342313e-05 
 7.47014000e-02  2.49904626e+00  3.91947980e+00  2.58966303e+00  2.58870410e+00 -3.25270635e-05 
 7.47064000e-02  2.49903729e+00  3.92038365e+00  2.59055689e+00  2.58968039e+00 -3.25205288e-05 
 7.47114000e-02  2.49902927e+00  3.92119850e+00  2.59136176e+00  2.59056854e+00 -3.25146332e-05 
 7.47164000e-02  2.49902220e+00  3.92192358e+00  2.59207687e+00  2.59136769e+00 -3.25093826e-05 
 7.47214000e-02  2.49901610e+00  3.92255820e+00  2.59270153e+00  2.59207707e+00 -3.25047818e-05 
 7.47264000e-02  2.49901097e+00  3.92310173e+00  2.59323515e+00  2.59269601e+00 -3.25008354e-05 
 7.47314000e-02  2.49900682e+00  3.92355366e+00  2.59367720e+00  2.59322390e+00 -3.24975469e-05 
 7.47364000e-02  2.49900365e+00  3.92391355e+00  2.59402728e+00  2.59366025e+00 -3.24949197e-05 
 7.47414000e-02  2.49900146e+00  3.92418106e+00  2.59428502e+00  2.59400462e+00 -3.24929561e-05 
 7.47464000e-02  2.49900026e+00  3.92435593e+00  2.59445020e+00  2.59425670e+00 -3.24916582e-05 
 7.47514000e-02  2.49900004e+00  3.92443798e+00  2.59452265e+00  2.59441623e+00 -3.24910270e-05 
 7.47564000e-02  2.49900081e+00  3.92442716e+00  2.59450231e+00  2.59448307e+00 -3.24910633e-05 
 7.47614000e-02  2.49900256e+00  3.92432345e+00  2.59438919e+00  2.59445715e+00 -3.24917670e-05 
 7.47664000e-02  2.49900530e+00  3.92412697e+00  2.59418339e+00  2.59433850e+00 -3.24931374e-05 
 7.47714000e-02  2.49900903e+00  3.92383790e+00  2.59388513e+00  2.59412722e+00 -3.24951732e-05 
 7.47764000e-02  2.49901373e+00  3.92345651e+00  2.59349468e+00  2.59382353e+00 -3.24978725e-05 
 7.47814000e-02  2.49901940e+00  3.92298318e+00  2.59301242e+00  2.59342771e+00 -3.25012327e-05 
 7.47864000e-02  2.49902604e+00  3.92241836e+00  2.59243881e+00  2.59294014e+00 -3.25052507e-05 
 7.47914000e-02  2.49903364e+00  3.92176259e+00  2.59177441e+00  2.59236130e+00 -3.25099225e-05 
 7.47964000e-02  2.49904220e+00  3.92101650e+00  2.59101985e+00  2.59169174e+00 -3.25152437e-05 
 7.48014000e-02  2.49905170e+00  3.92018082e+00  2.59017586e+00  2.59093210e+00 -3.25212093e-05 
 7.48064000e-02  2.49906214e+00  3.91925633e+00  2.58924326e+00  2.59008311e+00 -3.25278135e-05 
 7.48114000e-02  2.49907350e+00  3.91824394e+00  2.58822293e+00  2.58914560e+00 -3.25350501e-05 
 7.48164000e-02  2.49908577e+00  3.91714461e+00  2.58711586e+00  2.58812046e+00 -3.25429121e-05 
 7.48214000e-02  2.49909895e+00  3.91595941e+00  2.58592311e+00  2.58700867e+00 -3.25513920e-05 
 7.48264000e-02  2.49911302e+00  3.91468947e+00  2.58464585e+00  2.58581132e+00 -3.25604817e-05 
 7.48314000e-02  2.49912796e+00  3.91333602e+00  2.58328529e+00  2.58452955e+00 -3.25701725e-05 
 7.48364000e-02  2.49914377e+00  3.91190037e+00  2.58184274e+00  2.58316459e+00 -3.25804550e-05 
 7.48414000e-02  2.49916042e+00  3.91038390e+00  2.58031961e+00  2.58171778e+00 -3.25913196e-05 
 7.48464000e-02  2.49917790e+00  3.90878807e+00  2.57871736e+00  2.58019049e+00 -3.26027556e-05 
 7.48514000e-02  2.49919618e+00  3.90711443e+00  2.57703753e+00  2.57858421e+00 -3.26147522e-05 
 7.48564000e-02  2.49921527e+00  3.90536459e+00  2.57528176e+00  2.57690049e+00 -3.26272979e-05 
 7.48614000e-02  2.49923512e+00  3.90354024e+00  2.57345174e+00  2.57514095e+00 -3.26403804e-05 
 7.48664000e-02  2.49925574e+00  3.90164316e+00  2.57154923e+00  2.57330729e+00 -3.26539874e-05 
 7.48714000e-02  2.49927708e+00  3.89967516e+00  2.56957609e+00  2.57140130e+00 -3.26681056e-05 
 7.48764000e-02  2.49929914e+00  3.89763817e+00  2.56753422e+00  2.56942481e+00 -3.26827215e-05 
 7.48814000e-02  2.49932189e+00  3.89553416e+00  2.56542561e+00  2.56737975e+00 -3.26978209e-05 
 7.48864000e-02  2.49934531e+00  3.89336517e+00  2.56325229e+00  2.56526808e+00 -3.27133892e-05 
 7.48914000e-02  2.49936938e+00  3.89113330e+00  2.56101639e+00  2.56309187e+00 -3.27294115e-05 
 7.48964000e-02  2.49939407e+00  3.88884072e+00  2.55872006e+00  2.56085323e+00 -3.27458723e-05 
 7.49014000e-02  2.49941935e+00  3.88648967e+00  2.55636555e+00  2.55855432e+00 -3.27627555e-05 
 7.49064000e-02  2.49944521e+00  3.88408242e+00  2.55395515e+00  2.55619740e+00 -3.27800448e-05 
 7.49114000e-02  2.49947162e+00  3.88162133e+00  2.55149120e+00  2.55378474e+00 -3.27977235e-05 
 7.49164000e-02  2.49949855e+00  3.87910879e+00  2.54897610e+00  2.55131870e+00 -3.28157743e-05 
 7.49214000e-02  2.49952597e+00  3.87654725e+00  2.54641231e+00  2.54880169e+00 -3.28341798e-05 
 7.49264000e-02  2.49955386e+00  3.87393922e+00  2.54380233e+00  2.54623615e+00 -3.28529220e-05 
 7.49314000e-02  2.49958220e+00  3.87128723e+00  2.54114870e+00  2.54362460e+00 -3.28719826e-05 
 7.49364000e-02  2.49961094e+00  3.86859388e+00  2.53845403e+00  2.54096958e+00 -3.28913432e-05 
 7.49414000e-02  2.49964007e+00  3.86586182e+00  2.53572095e+00  2.53827368e+00 -3.29109847e-05 
 7.49464000e-02  2.49966955e+00  3.86309370e+00  2.53295213e+00  2.53553956e+00 -3.29308881e-05 
 7.49514000e-02  2.49969936e+00  3.86029224e+00  2.53015030e+00  2.53276988e+00 -3.29510338e-05 
 7.49564000e-02  2.49972947e+00  3.85746020e+00  2.52731818e+00  2.52996735e+00 -3.29714021e-05 
 7.49614000e-02  2.49975984e+00  3.85460035e+00  2.52445857e+00  2.52713473e+00 -3.29919731e-05 
 7.49664000e-02  2.49979045e+00  3.85171549e+00  2.52157427e+00  2.52427479e+00 -3.30127266e-05 
 7.49714000e-02  2.49982127e+00  3.84880847e+00  2.51866812e+00  2.52139035e+00 -3.30336422e-05 
 7.49764000e-02  2.49985226e+00  3.84588214e+00  2.51574298e+00  2.51848424e+00 -3.30546995e-05 
 7.49814000e-02  2.49988340e+00  3.84293938e+00  2.51280172e+00  2.51555932e+00 -3.30758775e-05 
 7.49864000e-02  2.49991465e+00  3.83998309e+00  2.50984724e+00  2.51261846e+00 -3.30971556e-05 
 7.49914000e-02  2.49994599e+00  3.83701619e+00  2.50688246e+00  2.50966456e+00 -3.31185128e-05 
 7.49964000e-02  2.49997738e+00  3.83404160e+00  2.50391029e+00  2.50670054e+00 -3.31399280e-05 
 7.50014000e-02  2.50000880e+00  3.83106226e+00  2.50093368e+00  2.50372932e+00 -3.31613800e-05 
 7.50064000e-02  2.50004020e+00  3.82808111e+00  2.49795556e+00  2.50075383e+00 -3.31828477e-05 
 7.50114000e-02  2.50007157e+00  3.82510110e+00  2.49497888e+00  2.49777702e+00 -3.32043098e-05 
 7.50164000e-02  2.50010286e+00  3.82212517e+00  2.49200657e+00  2.49480181e+00 -3.32257451e-05 
 7.50214000e-02  2.50013406e+00  3.81915627e+00  2.48904159e+00  2.49183117e+00 -3.32471324e-05 
 7.50264000e-02  2.50016512e+00  3.81619734e+00  2.48608687e+00  2.48886802e+00 -3.32684505e-05 
 7.50314000e-02  2.50019601e+00  3.81325132e+00  2.48314534e+00  2.48591530e+00 -3.32896782e-05 
 7.50364000e-02  2.50022672e+00  3.81032112e+00  2.48021991e+00  2.48297594e+00 -3.33107944e-05 
 7.50414000e-02  2.50025720e+00  3.80740965e+00  2.47731349e+00  2.48005286e+00 -3.33317783e-05 
 7.50464000e-02  2.50028743e+00  3.80451980e+00  2.47442896e+00  2.47714894e+00 -3.33526088e-05 
 7.50514000e-02  2.50031737e+00  3.80165445e+00  2.47156919e+00  2.47426709e+00 -3.33732653e-05 
 7.50564000e-02  2.50034700e+00  3.79881644e+00  2.46873702e+00  2.47141015e+00 -3.33937272e-05 
 7.50614000e-02  2.50037629e+00  3.79600859e+00  2.46593526e+00  2.46858098e+00 -3.34139741e-05 
 7.50664000e-02  2.50040521e+00  3.79323370e+00  2.46316672e+00  2.46578238e+00 -3.34339858e-05 
 7.50714000e-02  2.50043372e+00  3.79049453e+00  2.46043413e+00  2.46301713e+00 -3.34537424e-05 
 7.50764000e-02  2.50046181e+00  3.78779380e+00  2.45774023e+00  2.46028800e+00 -3.34732241e-05 
 7.50814000e-02  2.50048944e+00  3.78513422e+00  2.45508769e+00  2.45759769e+00 -3.34924115e-05 
 7.50864000e-02  2.50051659e+00  3.78251842e+00  2.45247916e+00  2.45494890e+00 -3.35112854e-05 
 7.50914000e-02  2.50054323e+00  3.77994902e+00  2.44991725e+00  2.45234425e+00 -3.35298269e-05 
 7.50964000e-02  2.50056934e+00  3.77742859e+00  2.44740451e+00  2.44978635e+00 -3.35480174e-05 
 7.51014000e-02  2.50059488e+00  3.77495964e+00  2.44494345e+00  2.44727776e+00 -3.35658388e-05 
 7.51064000e-02  2.50061983e+00  3.77254463e+00  2.44253652e+00  2.44482097e+00 -3.35832732e-05 
 7.51114000e-02  2.50064418e+00  3.77018597e+00  2.44018613e+00  2.44241844e+00 -3.36003031e-05 
 7.51164000e-02  2.50066788e+00  3.76788603e+00  2.43789463e+00  2.44007257e+00 -3.36169114e-05 
 7.51214000e-02  2.50069093e+00  3.76564711e+00  2.43566432e+00  2.43778570e+00 -3.36330815e-05 
 7.51264000e-02  2.50071330e+00  3.76347143e+00  2.43349741e+00  2.43556012e+00 -3.36487971e-05 
 7.51314000e-02  2.50073496e+00  3.76136119e+00  2.43139608e+00  2.43339805e+00 -3.36640425e-05 
 7.51364000e-02  2.50075590e+00  3.75931848e+00  2.42936244e+00  2.43130167e+00 -3.36788024e-05 
 7.51414000e-02  2.50077609e+00  3.75734537e+00  2.42739851e+00  2.42927306e+00 -3.36930618e-05 
 7.51464000e-02  2.50079552e+00  3.75544381e+00  2.42550627e+00  2.42731426e+00 -3.37068065e-05 
 7.51514000e-02  2.50081416e+00  3.75361572e+00  2.42368760e+00  2.42542723e+00 -3.37200227e-05 
 7.51564000e-02  2.50083199e+00  3.75186293e+00  2.42194434e+00  2.42361386e+00 -3.37326970e-05 
 7.51614000e-02  2.50084901e+00  3.75018719e+00  2.42027823e+00  2.42187596e+00 -3.37448167e-05 
 7.51664000e-02  2.50086519e+00  3.74859018e+00  2.41869094e+00  2.42021528e+00 -3.37563696e-05 
 7.51714000e-02  2.50088051e+00  3.74707351e+00  2.41718405e+00  2.41863348e+00 -3.37673441e-05 
 7.51764000e-02  2.50089497e+00  3.74563869e+00  2.41575909e+00  2.41713216e+00 -3.37777292e-05 
 7.51814000e-02  2.50090854e+00  3.74428717e+00  2.41441748e+00  2.41571280e+00 -3.37875142e-05 
 7.51864000e-02  2.50092121e+00  3.74302030e+00  2.41316056e+00  2.41437684e+00 -3.37966895e-05 
 7.51914000e-02  2.50093298e+00  3.74183934e+00  2.41198960e+00  2.41312562e+00 -3.38052457e-05 
 7.51964000e-02  2.50094382e+00  3.74074549e+00  2.41090577e+00  2.41196039e+00 -3.38131742e-05 
 7.52014000e-02  2.50095374e+00  3.73973985e+00  2.40991017e+00  2.41088232e+00 -3.38204671e-05 
 7.52064000e-02  2.50096271e+00  3.73882342e+00  2.40900378e+00  2.40989250e+00 -3.38271169e-05 
 7.52114000e-02  2.50097073e+00  3.73799712e+00  2.40818752e+00  2.40899191e+00 -3.38331170e-05 
 7.52164000e-02  2.50097780e+00  3.73726178e+00  2.40746221e+00  2.40818146e+00 -3.38384614e-05 
 7.52214000e-02  2.50098390e+00  3.73661814e+00  2.40682858e+00  2.40746197e+00 -3.38431446e-05 
 7.52264000e-02  2.50098903e+00  3.73606685e+00  2.40628726e+00  2.40683416e+00 -3.38471618e-05 
 7.52314000e-02  2.50099318e+00  3.73560846e+00  2.40583880e+00  2.40629865e+00 -3.38505092e-05 
 7.52364000e-02  2.50099635e+00  3.73524343e+00  2.40548364e+00  2.40585599e+00 -3.38531832e-05 
 7.52414000e-02  2.50099854e+00  3.73497212e+00  2.40522215e+00  2.40550662e+00 -3.38551812e-05 
 7.52464000e-02  2.50099974e+00  3.73479481e+00  2.40505458e+00  2.40525089e+00 -3.38565011e-05 
 7.52514000e-02  2.50099996e+00  3.73471168e+00  2.40498111e+00  2.40508905e+00 -3.38571417e-05 
 7.52564000e-02  2.50099919e+00  3.73472281e+00  2.40500181e+00  2.40502128e+00 -3.38571023e-05 
 7.52614000e-02  2.50099744e+00  3.73482819e+00  2.40511665e+00  2.40504763e+00 -3.38563830e-05 
 7.52664000e-02  2.50099470e+00  3.73502771e+00  2.40532553e+00  2.40516809e+00 -3.38549844e-05 
 7.52714000e-02  2.50099097e+00  3.73532117e+00  2.40562823e+00  2.40538252e+00 -3.38529080e-05 
 7.52764000e-02  2.50098627e+00  3.73570827e+00  2.40602444e+00  2.40569073e+00 -3.38501559e-05 
 7.52814000e-02  2.50098060e+00  3.73618864e+00  2.40651378e+00  2.40609238e+00 -3.38467308e-05 
 7.52864000e-02  2.50097396e+00  3.73676178e+00  2.40709574e+00  2.40658709e+00 -3.38426363e-05 
 7.52914000e-02  2.50096636e+00  3.73742712e+00  2.40776975e+00  2.40717435e+00 -3.38378764e-05 
 7.52964000e-02  2.50095780e+00  3.73818399e+00  2.40853513e+00  2.40785358e+00 -3.38324560e-05 
 7.53014000e-02  2.50094830e+00  3.73903163e+00  2.40939111e+00  2.40862409e+00 -3.38263805e-05 
 7.53064000e-02  2.50093786e+00  3.73996920e+00  2.41033682e+00  2.40948512e+00 -3.38196561e-05 
 7.53114000e-02  2.50092650e+00  3.74099574e+00  2.41137133e+00  2.41043578e+00 -3.38122896e-05 
 7.53164000e-02  2.50091423e+00  3.74211023e+00  2.41249359e+00  2.41147514e+00 -3.38042883e-05 
 7.53214000e-02  2.50090105e+00  3.74331155e+00  2.41370247e+00  2.41260215e+00 -3.37956604e-05 
 7.53264000e-02  2.50088698e+00  3.74459849e+00  2.41499676e+00  2.41381567e+00 -3.37864146e-05 
 7.53314000e-02  2.50087204e+00  3.74596977e+00  2.41637517e+00  2.41511449e+00 -3.37765601e-05 
 7.53364000e-02  2.50085623e+00  3.74742400e+00  2.41783632e+00  2.41649731e+00 -3.37661069e-05 
 7.53414000e-02  2.50083958e+00  3.74895974e+00  2.41937872e+00  2.41796273e+00 -3.37550656e-05 
 7.53464000e-02  2.50082210e+00  3.75057543e+00  2.42100085e+00  2.41950930e+00 -3.37434473e-05 
 7.53514000e-02  2.50080382e+00  3.75226946e+00  2.42270107e+00  2.42113545e+00 -3.37312636e-05 
 7.53564000e-02  2.50078473e+00  3.75404013e+00  2.42447768e+00  2.42283957e+00 -3.37185269e-05 
 7.53614000e-02  2.50076488e+00  3.75588567e+00  2.42632890e+00  2.42461993e+00 -3.37052499e-05 
 7.53664000e-02  2.50074426e+00  3.75780423e+00  2.42825287e+00  2.42647476e+00 -3.36914461e-05 
 7.53714000e-02  2.50072292e+00  3.75979388e+00  2.43024767e+00  2.42840220e+00 -3.36771292e-05 
 7.53764000e-02  2.50070086e+00  3.76185264e+00  2.43231130e+00  2.43040032e+00 -3.36623138e-05 
 7.53814000e-02  2.50067811e+00  3.76397844e+00  2.43444170e+00  2.43246711e+00 -3.36470146e-05 
 7.53864000e-02  2.50065469e+00  3.76616916e+00  2.43663673e+00  2.43460052e+00 -3.36312470e-05 
 7.53914000e-02  2.50063062e+00  3.76842260e+00  2.43889420e+00  2.43679840e+00 -3.36150270e-05 
 7.53964000e-02  2.50060593e+00  3.77073652e+00  2.44121185e+00  2.43905855e+00 -3.35983707e-05 
 7.54014000e-02  2.50058065e+00  3.77310859e+00  2.44358736e+00  2.44137873e+00 -3.35812949e-05 
 7.54064000e-02  2.50055479e+00  3.77553645e+00  2.44601836e+00  2.44375660e+00 -3.35638166e-05 
 7.54114000e-02  2.50052838e+00  3.77801767e+00  2.44850243e+00  2.44618979e+00 -3.35459535e-05 
 7.54164000e-02  2.50050145e+00  3.78054978e+00  2.45103707e+00  2.44867587e+00 -3.35277234e-05 
 7.54214000e-02  2.50047403e+00  3.78313025e+00  2.45361977e+00  2.45121236e+00 -3.35091445e-05 
 7.54264000e-02  2.50044614e+00  3.78575650e+00  2.45624794e+00  2.45379673e+00 -3.34902354e-05 
 7.54314000e-02  2.50041780e+00  3.78842592e+00  2.45891897e+00  2.45642640e+00 -3.34710151e-05 
 7.54364000e-02  2.50038906e+00  3.79113584e+00  2.46163019e+00  2.45909875e+00 -3.34515028e-05 
 7.54414000e-02  2.50035993e+00  3.79388356e+00  2.46437891e+00  2.46181111e+00 -3.34317179e-05 
 7.54464000e-02  2.50033045e+00  3.79666636e+00  2.46716237e+00  2.46456078e+00 -3.34116803e-05 
 7.54514000e-02  2.50030064e+00  3.79948145e+00  2.46997783e+00  2.46734503e+00 -3.33914097e-05 
 7.54564000e-02  2.50027053e+00  3.80232604e+00  2.47282246e+00  2.47016108e+00 -3.33709266e-05 
 7.54614000e-02  2.50024016e+00  3.80519731e+00  2.47569345e+00  2.47300613e+00 -3.33502513e-05 
 7.54664000e-02  2.50020955e+00  3.80809239e+00  2.47858795e+00  2.47587736e+00 -3.33294044e-05 
 7.54714000e-02  2.50017873e+00  3.81100841e+00  2.48150307e+00  2.47877191e+00 -3.33084065e-05 
 7.54764000e-02  2.50014774e+00  3.81394248e+00  2.48443593e+00  2.48168690e+00 -3.32872787e-05 
 7.54814000e-02  2.50011660e+00  3.81689168e+00  2.48738361e+00  2.48461945e+00 -3.32660418e-05 
 7.54864000e-02  2.50008535e+00  3.81985310e+00  2.49034320e+00  2.48756664e+00 -3.32447169e-05 
 7.54914000e-02  2.50005401e+00  3.82282380e+00  2.49331175e+00  2.49052555e+00 -3.32233253e-05 
 7.54964000e-02  2.50002262e+00  3.82580084e+00  2.49628634e+00  2.49349326e+00 -3.32018880e-05 
 7.55014000e-02  2.49999120e+00  3.82878127e+00  2.49926402e+00  2.49646682e+00 -3.31804264e-05 
 7.55064000e-02  2.49995980e+00  3.83176215e+00  2.50224185e+00  2.49944329e+00 -3.31589616e-05 
 7.55114000e-02  2.49992843e+00  3.83474052e+00  2.50521687e+00  2.50241973e+00 -3.31375148e-05 
 7.55164000e-02  2.49989714e+00  3.83771346e+00  2.50818616e+00  2.50539319e+00 -3.31161073e-05 
 7.55214000e-02  2.49986594e+00  3.84067801e+00  2.51114679e+00  2.50836075e+00 -3.30947601e-05 
 7.55264000e-02  2.49983488e+00  3.84363128e+00  2.51409583e+00  2.51131947e+00 -3.30734943e-05 
 7.55314000e-02  2.49980399e+00  3.84657033e+00  2.51703038e+00  2.51426644e+00 -3.30523309e-05 
 7.55364000e-02  2.49977328e+00  3.84949228e+00  2.51994755e+00  2.51719875e+00 -3.30312906e-05 
 7.55414000e-02  2.49974280e+00  3.85239425e+00  2.52284447e+00  2.52011351e+00 -3.30103942e-05 
 7.55464000e-02  2.49971257e+00  3.85527339e+00  2.52571829e+00  2.52300786e+00 -3.29896621e-05 
 7.55514000e-02  2.49968263e+00  3.85812688e+00  2.52856618e+00  2.52587895e+00 -3.29691148e-05 
 7.55564000e-02  2.49965300e+00  3.86095190e+00  2.53138536e+00  2.52872397e+00 -3.29487723e-05 
 7.55614000e-02  2.49962371e+00  3.86374569e+00  2.53417306e+00  2.53154011e+00 -3.29286545e-05 
 7.55664000e-02  2.49959479e+00  3.86650550e+00  2.53692654e+00  2.53432461e+00 -3.29087813e-05 
 7.55714000e-02  2.49956628e+00  3.86922865e+00  2.53964310e+00  2.53707476e+00 -3.28891719e-05 
 7.55764000e-02  2.49953819e+00  3.87191245e+00  2.54232010e+00  2.53978784e+00 -3.28698455e-05 
 7.55814000e-02  2.49951056e+00  3.87455429e+00  2.54495490e+00  2.54246121e+00 -3.28508210e-05 
 7.55864000e-02  2.49948341e+00  3.87715159e+00  2.54754494e+00  2.54509226e+00 -3.28321169e-05 
 7.55914000e-02  2.49945677e+00  3.87970180e+00  2.55008768e+00  2.54767841e+00 -3.28137515e-05 
 7.55964000e-02  2.49943066e+00  3.88220245e+00  2.55258065e+00  2.55021713e+00 -3.27957426e-05 
 7.56014000e-02  2.49940512e+00  3.88465108e+00  2.55502142e+00  2.55270595e+00 -3.27781076e-05 
 7.56064000e-02  2.49938017e+00  3.88704532e+00  2.55740760e+00  2.55514245e+00 -3.27608638e-05 
 7.56114000e-02  2.49935582e+00  3.88938284e+00  2.55973688e+00  2.55752425e+00 -3.27440278e-05 
 7.56164000e-02  2.49933212e+00  3.89166135e+00  2.56200698e+00  2.55984903e+00 -3.27276159e-05 
 7.56214000e-02  2.49930907e+00  3.89387866e+00  2.56421571e+00  2.56211453e+00 -3.27116441e-05 
 7.56264000e-02  2.49928670e+00  3.89603259e+00  2.56636091e+00  2.56431854e+00 -3.26961278e-05 
 7.56314000e-02  2.49926504e+00  3.89812107e+00  2.56844051e+00  2.56645894e+00 -3.26810820e-05 
 7.56364000e-02  2.49924410e+00  3.90014206e+00  2.57045248e+00  2.56853363e+00 -3.26665212e-05 
 7.56414000e-02  2.49922391e+00  3.90209361e+00  2.57239488e+00  2.57054061e+00 -3.26524594e-05 
 7.56464000e-02  2.49920448e+00  3.90397383e+00  2.57426583e+00  2.57247794e+00 -3.26389102e-05 
 7.56514000e-02  2.49918584e+00  3.90578089e+00  2.57606351e+00  2.57434373e+00 -3.26258868e-05 
 7.56564000e-02  2.49916801e+00  3.90751306e+00  2.57778619e+00  2.57613617e+00 -3.26134015e-05 
 7.56614000e-02  2.49915099e+00  3.90916864e+00  2.57943220e+00  2.57785355e+00 -3.26014664e-05 
 7.56664000e-02  2.49913481e+00  3.91074605e+00  2.58099995e+00  2.57949419e+00 -3.25900929e-05 
 7.56714000e-02  2.49911949e+00  3.91224376e+00  2.58248792e+00  2.58105651e+00 -3.25792921e-05 
 7.56764000e-02  2.49910503e+00  3.91366033e+00  2.58389468e+00  2.58253900e+00 -3.25690742e-05 
 7.56814000e-02  2.49909146e+00  3.91499438e+00  2.58521888e+00  2.58394024e+00 -3.25594491e-05 
 7.56864000e-02  2.49907879e+00  3.91624464e+00  2.58645923e+00  2.58525886e+00 -3.25504259e-05 
 7.56914000e-02  2.49906702e+00  3.91740989e+00  2.58761455e+00  2.58649360e+00 -3.25420134e-05 
 7.56964000e-02  2.49905618e+00  3.91848902e+00  2.58868371e+00  2.58764327e+00 -3.25342195e-05 
 7.57014000e-02  2.49904626e+00  3.91948098e+00  2.58966569e+00  2.58870677e+00 -3.25270518e-05 
 7.57064000e-02  2.49903729e+00  3.92038483e+00  2.59055955e+00  2.58968305e+00 -3.25205170e-05 
 7.57114000e-02  2.49902927e+00  3.92119968e+00  2.59136442e+00  2.59057120e+00 -3.25146215e-05 
 7.57164000e-02  2.49902220e+00  3.92192476e+00  2.59207953e+00  2.59137035e+00 -3.25093709e-05 
 7.57214000e-02  2.49901610e+00  3.92255938e+00  2.59270420e+00  2.59207973e+00 -3.25047701e-05 
 7.57264000e-02  2.49901097e+00  3.92310291e+00  2.59323781e+00  2.59269867e+00 -3.25008236e-05 
 7.57314000e-02  2.49900682e+00  3.92355484e+00  2.59367987e+00  2.59322657e+00 -3.24975352e-05 
 7.57364000e-02  2.49900365e+00  3.92391473e+00  2.59402994e+00  2.59366291e+00 -3.24949079e-05 
 7.57414000e-02  2.49900146e+00  3.92418224e+00  2.59428769e+00  2.59400729e+00 -3.24929444e-05 
 7.57464000e-02  2.49900026e+00  3.92435711e+00  2.59445287e+00  2.59425936e+00 -3.24916464e-05 
 7.57514000e-02  2.49900004e+00  3.92443917e+00  2.59452532e+00  2.59441890e+00 -3.24910153e-05 
 7.57564000e-02  2.49900081e+00  3.92442834e+00  2.59450497e+00  2.59448573e+00 -3.24910516e-05 
 7.57614000e-02  2.49900256e+00  3.92432463e+00  2.59439185e+00  2.59445981e+00 -3.24917552e-05 
 7.57664000e-02  2.49900530e+00  3.92412815e+00  2.59418605e+00  2.59434116e+00 -3.24931256e-05 
 7.57714000e-02  2.49900903e+00  3.92383908e+00  2.59388779e+00  2.59412988e+00 -3.24951615e-05 
 7.57764000e-02  2.49901373e+00  3.92345769e+00  2.59349734e+00  2.59382619e+00 -3.24978608e-05 
 7.57814000e-02  2.49901940e+00  3.92298436e+00  2.59301508e+00  2.59343037e+00 -3.25012210e-05 
 7.57864000e-02  2.49902604e+00  3.92241954e+00  2.59244147e+00  2.59294281e+00 -3.25052389e-05 
 7.57914000e-02  2.49903364e+00  3.92176378e+00  2.59177707e+00  2.59236396e+00 -3.25099107e-05 
 7.57964000e-02  2.49904220e+00  3.92101769e+00  2.59102252e+00  2.59169440e+00 -3.25152320e-05 
 7.58014000e-02  2.49905170e+00  3.92018200e+00  2.59017853e+00  2.59093476e+00 -3.25211975e-05 
 7.58064000e-02  2.49906214e+00  3.91925751e+00  2.58924592e+00  2.59008578e+00 -3.25278018e-05 
 7.58114000e-02  2.49907350e+00  3.91824512e+00  2.58822559e+00  2.58914826e+00 -3.25350383e-05 
 7.58164000e-02  2.49908577e+00  3.91714579e+00  2.58711852e+00  2.58812312e+00 -3.25429003e-05 
 7.58214000e-02  2.49909895e+00  3.91596059e+00  2.58592578e+00  2.58701133e+00 -3.25513802e-05 
 7.58264000e-02  2.49911302e+00  3.91469065e+00  2.58464851e+00  2.58581398e+00 -3.25604699e-05 
 7.58314000e-02  2.49912796e+00  3.91333721e+00  2.58328795e+00  2.58453221e+00 -3.25701607e-05 
 7.58364000e-02  2.49914377e+00  3.91190156e+00  2.58184541e+00  2.58316726e+00 -3.25804433e-05 
 7.58414000e-02  2.49916042e+00  3.91038509e+00  2.58032227e+00  2.58172044e+00 -3.25913078e-05 
 7.58464000e-02  2.49917790e+00  3.90878926e+00  2.57872002e+00  2.58019315e+00 -3.26027439e-05 
 7.58514000e-02  2.49919618e+00  3.90711562e+00  2.57704020e+00  2.57858687e+00 -3.26147405e-05 
 7.58564000e-02  2.49921527e+00  3.90536578e+00  2.57528442e+00  2.57690315e+00 -3.26272861e-05 
 7.58614000e-02  2.49923512e+00  3.90354143e+00  2.57345440e+00  2.57514361e+00 -3.26403687e-05 
 7.58664000e-02  2.49925574e+00  3.90164434e+00  2.57155190e+00  2.57330996e+00 -3.26539756e-05 
 7.58714000e-02  2.49927708e+00  3.89967635e+00  2.56957876e+00  2.57140396e+00 -3.26680938e-05 
 7.58764000e-02  2.49929914e+00  3.89763936e+00  2.56753689e+00  2.56942748e+00 -3.26827096e-05 
 7.58814000e-02  2.49932189e+00  3.89553535e+00  2.56542827e+00  2.56738241e+00 -3.26978091e-05 
 7.58864000e-02  2.49934531e+00  3.89336636e+00  2.56325496e+00  2.56527075e+00 -3.27133774e-05 
 7.58914000e-02  2.49936938e+00  3.89113449e+00  2.56101905e+00  2.56309454e+00 -3.27293997e-05 
 7.58964000e-02  2.49939407e+00  3.88884191e+00  2.55872273e+00  2.56085589e+00 -3.27458604e-05 
 7.59014000e-02  2.49941935e+00  3.88649086e+00  2.55636822e+00  2.55855699e+00 -3.27627436e-05 
 7.59064000e-02  2.49944521e+00  3.88408362e+00  2.55395781e+00  2.55620006e+00 -3.27800330e-05 
 7.59114000e-02  2.49947162e+00  3.88162252e+00  2.55149386e+00  2.55378741e+00 -3.27977116e-05 
 7.59164000e-02  2.49949855e+00  3.87910998e+00  2.54897876e+00  2.55132137e+00 -3.28157625e-05 
 7.59214000e-02  2.49952597e+00  3.87654845e+00  2.54641497e+00  2.54880435e+00 -3.28341679e-05 
 7.59264000e-02  2.49955386e+00  3.87394041e+00  2.54380499e+00  2.54623882e+00 -3.28529101e-05 
 7.59314000e-02  2.49958220e+00  3.87128842e+00  2.54115137e+00  2.54362726e+00 -3.28719708e-05 
 7.59364000e-02  2.49961094e+00  3.86859508e+00  2.53845670e+00  2.54097224e+00 -3.28913313e-05 
 7.59414000e-02  2.49964007e+00  3.86586301e+00  2.53572362e+00  2.53827635e+00 -3.29109729e-05 
 7.59464000e-02  2.49966955e+00  3.86309489e+00  2.53295480e+00  2.53554222e+00 -3.29308762e-05 
 7.59514000e-02  2.49969936e+00  3.86029344e+00  2.53015296e+00  2.53277254e+00 -3.29510219e-05 
 7.59564000e-02  2.49972947e+00  3.85746140e+00  2.52732085e+00  2.52997002e+00 -3.29713903e-05 
 7.59614000e-02  2.49975984e+00  3.85460155e+00  2.52446124e+00  2.52713740e+00 -3.29919612e-05 
 7.59664000e-02  2.49979045e+00  3.85171669e+00  2.52157694e+00  2.52427746e+00 -3.30127147e-05 
 7.59714000e-02  2.49982127e+00  3.84880967e+00  2.51867079e+00  2.52139302e+00 -3.30336304e-05 
 7.59764000e-02  2.49985226e+00  3.84588334e+00  2.51574565e+00  2.51848691e+00 -3.30546876e-05 
 7.59814000e-02  2.49988340e+00  3.84294058e+00  2.51280439e+00  2.51556198e+00 -3.30758656e-05 
 7.59864000e-02  2.49991465e+00  3.83998430e+00  2.50984991e+00  2.51262113e+00 -3.30971437e-05 
 7.59914000e-02  2.49994599e+00  3.83701740e+00  2.50688513e+00  2.50966723e+00 -3.31185009e-05 
 7.59964000e-02  2.49997738e+00  3.83404281e+00  2.50391296e+00  2.50670321e+00 -3.31399161e-05 
 7.60014000e-02  2.50000880e+00  3.83106346e+00  2.50093635e+00  2.50373199e+00 -3.31613681e-05 
 7.60064000e-02  2.50004020e+00  3.82808231e+00  2.49795823e+00  2.50075650e+00 -3.31828358e-05 
 7.60114000e-02  2.50007157e+00  3.82510230e+00  2.49498155e+00  2.49777969e+00 -3.32042979e-05 
 7.60164000e-02  2.50010286e+00  3.82212637e+00  2.49200924e+00  2.49480448e+00 -3.32257332e-05 
 7.60214000e-02  2.50013406e+00  3.81915747e+00  2.48904426e+00  2.49183384e+00 -3.32471205e-05 
 7.60264000e-02  2.50016512e+00  3.81619855e+00  2.48608954e+00  2.48887069e+00 -3.32684386e-05 
 7.60314000e-02  2.50019601e+00  3.81325252e+00  2.48314801e+00  2.48591797e+00 -3.32896663e-05 
 7.60364000e-02  2.50022672e+00  3.81032232e+00  2.48022258e+00  2.48297861e+00 -3.33107825e-05 
 7.60414000e-02  2.50025720e+00  3.80741086e+00  2.47731616e+00  2.48005553e+00 -3.33317663e-05 
 7.60464000e-02  2.50028743e+00  3.80452101e+00  2.47443163e+00  2.47715162e+00 -3.33525968e-05 
 7.60514000e-02  2.50031737e+00  3.80165566e+00  2.47157186e+00  2.47426976e+00 -3.33732533e-05 
 7.60564000e-02  2.50034700e+00  3.79881765e+00  2.46873969e+00  2.47141283e+00 -3.33937152e-05 
 7.60614000e-02  2.50037629e+00  3.79600980e+00  2.46593794e+00  2.46858365e+00 -3.34139621e-05 
 7.60664000e-02  2.50040521e+00  3.79323491e+00  2.46316939e+00  2.46578505e+00 -3.34339738e-05 
 7.60714000e-02  2.50043372e+00  3.79049574e+00  2.46043680e+00  2.46301980e+00 -3.34537304e-05 
 7.60764000e-02  2.50046181e+00  3.78779501e+00  2.45774290e+00  2.46029067e+00 -3.34732121e-05 
 7.60814000e-02  2.50048944e+00  3.78513543e+00  2.45509036e+00  2.45760036e+00 -3.34923995e-05 
 7.60864000e-02  2.50051659e+00  3.78251963e+00  2.45248184e+00  2.45495157e+00 -3.35112734e-05 
 7.60914000e-02  2.50054323e+00  3.77995024e+00  2.44991993e+00  2.45234693e+00 -3.35298149e-05 
 7.60964000e-02  2.50056934e+00  3.77742980e+00  2.44740718e+00  2.44978903e+00 -3.35480055e-05 
 7.61014000e-02  2.50059488e+00  3.77496085e+00  2.44494612e+00  2.44728043e+00 -3.35658269e-05 
 7.61064000e-02  2.50061983e+00  3.77254584e+00  2.44253919e+00  2.44482364e+00 -3.35832612e-05 
 7.61114000e-02  2.50064418e+00  3.77018719e+00  2.44018881e+00  2.44242111e+00 -3.36002911e-05 
 7.61164000e-02  2.50066788e+00  3.76788725e+00  2.43789731e+00  2.44007524e+00 -3.36168994e-05 
 7.61214000e-02  2.50069093e+00  3.76564832e+00  2.43566699e+00  2.43778837e+00 -3.36330695e-05 
 7.61264000e-02  2.50071330e+00  3.76347265e+00  2.43350009e+00  2.43556279e+00 -3.36487851e-05 
 7.61314000e-02  2.50073496e+00  3.76136240e+00  2.43139876e+00  2.43340073e+00 -3.36640305e-05 
 7.61364000e-02  2.50075590e+00  3.75931970e+00  2.42936511e+00  2.43130435e+00 -3.36787904e-05 
 7.61414000e-02  2.50077609e+00  3.75734658e+00  2.42740119e+00  2.42927574e+00 -3.36930498e-05 
 7.61464000e-02  2.50079552e+00  3.75544503e+00  2.42550894e+00  2.42731694e+00 -3.37067945e-05 
 7.61514000e-02  2.50081416e+00  3.75361694e+00  2.42369028e+00  2.42542991e+00 -3.37200107e-05 
 7.61564000e-02  2.50083199e+00  3.75186414e+00  2.42194702e+00  2.42361653e+00 -3.37326850e-05 
 7.61614000e-02  2.50084901e+00  3.75018840e+00  2.42028091e+00  2.42187864e+00 -3.37448047e-05 
 7.61664000e-02  2.50086519e+00  3.74859140e+00  2.41869361e+00  2.42021796e+00 -3.37563576e-05 
 7.61714000e-02  2.50088051e+00  3.74707473e+00  2.41718673e+00  2.41863616e+00 -3.37673321e-05 
 7.61764000e-02  2.50089497e+00  3.74563991e+00  2.41576177e+00  2.41713483e+00 -3.37777171e-05 
 7.61814000e-02  2.50090854e+00  3.74428839e+00  2.41442015e+00  2.41571548e+00 -3.37875022e-05 
 7.61864000e-02  2.50092121e+00  3.74302151e+00  2.41316324e+00  2.41437952e+00 -3.37966775e-05 
 7.61914000e-02  2.50093298e+00  3.74184056e+00  2.41199228e+00  2.41312830e+00 -3.38052337e-05 
 7.61964000e-02  2.50094382e+00  3.74074671e+00  2.41090845e+00  2.41196307e+00 -3.38131622e-05 
 7.62014000e-02  2.50095374e+00  3.73974107e+00  2.40991284e+00  2.41088500e+00 -3.38204551e-05 
 7.62064000e-02  2.50096271e+00  3.73882464e+00  2.40900646e+00  2.40989517e+00 -3.38271049e-05 
 7.62114000e-02  2.50097073e+00  3.73799834e+00  2.40819020e+00  2.40899459e+00 -3.38331050e-05 
 7.62164000e-02  2.50097780e+00  3.73726300e+00  2.40746489e+00  2.40818414e+00 -3.38384494e-05 
 7.62214000e-02  2.50098390e+00  3.73661937e+00  2.40683126e+00  2.40746465e+00 -3.38431325e-05 
 7.62264000e-02  2.50098903e+00  3.73606807e+00  2.40628994e+00  2.40683683e+00 -3.38471498e-05 
 7.62314000e-02  2.50099318e+00  3.73560968e+00  2.40584147e+00  2.40630133e+00 -3.38504971e-05 
 7.62364000e-02  2.50099635e+00  3.73524465e+00  2.40548632e+00  2.40585867e+00 -3.38531711e-05 
 7.62414000e-02  2.50099854e+00  3.73497334e+00  2.40522482e+00  2.40550929e+00 -3.38551691e-05 
 7.62464000e-02  2.50099974e+00  3.73479604e+00  2.40505726e+00  2.40525356e+00 -3.38564891e-05 
 7.62514000e-02  2.50099996e+00  3.73471290e+00  2.40498379e+00  2.40509173e+00 -3.38571297e-05 
 7.62564000e-02  2.50099919e+00  3.73472403e+00  2.40500448e+00  2.40502396e+00 -3.38570903e-05 
 7.62614000e-02  2.50099744e+00  3.73482941e+00  2.40511933e+00  2.40505031e+00 -3.38563709e-05 
 7.62664000e-02  2.50099470e+00  3.73502893e+00  2.40532820e+00  2.40517077e+00 -3.38549723e-05 
 7.62714000e-02  2.50099097e+00  3.73532239e+00  2.40563090e+00  2.40538520e+00 -3.38528959e-05 
 7.62764000e-02  2.50098627e+00  3.73570950e+00  2.40602712e+00  2.40569340e+00 -3.38501438e-05 
 7.62814000e-02  2.50098060e+00  3.73618986e+00  2.40651645e+00  2.40609506e+00 -3.38467188e-05 
 7.62864000e-02  2.50097396e+00  3.73676300e+00  2.40709842e+00  2.40658977e+00 -3.38426242e-05 
 7.62914000e-02  2.50096636e+00  3.73742834e+00  2.40777243e+00  2.40717703e+00 -3.38378644e-05 
 7.62964000e-02  2.50095780e+00  3.73818521e+00  2.40853781e+00  2.40785626e+00 -3.38324439e-05 
 7.63014000e-02  2.50094830e+00  3.73903286e+00  2.40939378e+00  2.40862677e+00 -3.38263685e-05 
 7.63064000e-02  2.50093786e+00  3.73997042e+00  2.41033950e+00  2.40948779e+00 -3.38196441e-05 
 7.63114000e-02  2.50092650e+00  3.74099696e+00  2.41137400e+00  2.41043846e+00 -3.38122775e-05 
 7.63164000e-02  2.50091423e+00  3.74211145e+00  2.41249626e+00  2.41147781e+00 -3.38042763e-05 
 7.63214000e-02  2.50090105e+00  3.74331277e+00  2.41370514e+00  2.41260482e+00 -3.37956484e-05 
 7.63264000e-02  2.50088698e+00  3.74459972e+00  2.41499944e+00  2.41381834e+00 -3.37864025e-05 
 7.63314000e-02  2.50087204e+00  3.74597099e+00  2.41637785e+00  2.41511716e+00 -3.37765480e-05 
 7.63364000e-02  2.50085623e+00  3.74742523e+00  2.41783899e+00  2.41649998e+00 -3.37660949e-05 
 7.63414000e-02  2.50083958e+00  3.74896096e+00  2.41938140e+00  2.41796541e+00 -3.37550536e-05 
 7.63464000e-02  2.50082210e+00  3.75057665e+00  2.42100352e+00  2.41951197e+00 -3.37434353e-05 
 7.63514000e-02  2.50080382e+00  3.75227069e+00  2.42270374e+00  2.42113812e+00 -3.37312516e-05 
 7.63564000e-02  2.50078473e+00  3.75404136e+00  2.42448035e+00  2.42284224e+00 -3.37185149e-05 
 7.63614000e-02  2.50076488e+00  3.75588690e+00  2.42633157e+00  2.42462260e+00 -3.37052379e-05 
 7.63664000e-02  2.50074426e+00  3.75780545e+00  2.42825554e+00  2.42647743e+00 -3.36914341e-05 
 7.63714000e-02  2.50072292e+00  3.75979511e+00  2.43025034e+00  2.42840487e+00 -3.36771172e-05 
 7.63764000e-02  2.50070086e+00  3.76185386e+00  2.43231397e+00  2.43040299e+00 -3.36623017e-05 
 7.63814000e-02  2.50067811e+00  3.76397967e+00  2.43444437e+00  2.43246978e+00 -3.36470025e-05 
 7.63864000e-02  2.50065469e+00  3.76617038e+00  2.43663940e+00  2.43460319e+00 -3.36312350e-05 
 7.63914000e-02  2.50063062e+00  3.76842383e+00  2.43889687e+00  2.43680107e+00 -3.36150149e-05 
 7.63964000e-02  2.50060593e+00  3.77073774e+00  2.44121452e+00  2.43906122e+00 -3.35983587e-05 
 7.64014000e-02  2.50058065e+00  3.77310981e+00  2.44359003e+00  2.44138140e+00 -3.35812828e-05 
 7.64064000e-02  2.50055479e+00  3.77553767e+00  2.44602103e+00  2.44375927e+00 -3.35638046e-05 
 7.64114000e-02  2.50052838e+00  3.77801890e+00  2.44850509e+00  2.44619246e+00 -3.35459415e-05 
 7.64164000e-02  2.50050145e+00  3.78055100e+00  2.45103974e+00  2.44867854e+00 -3.35277113e-05 
 7.64214000e-02  2.50047403e+00  3.78313147e+00  2.45362244e+00  2.45121503e+00 -3.35091325e-05 
 7.64264000e-02  2.50044614e+00  3.78575772e+00  2.45625061e+00  2.45379940e+00 -3.34902234e-05 
 7.64314000e-02  2.50041780e+00  3.78842714e+00  2.45892164e+00  2.45642907e+00 -3.34710031e-05 
 7.64364000e-02  2.50038906e+00  3.79113706e+00  2.46163286e+00  2.45910142e+00 -3.34514908e-05 
 7.64414000e-02  2.50035993e+00  3.79388479e+00  2.46438157e+00  2.46181378e+00 -3.34317059e-05 
 7.64464000e-02  2.50033045e+00  3.79666758e+00  2.46716504e+00  2.46456345e+00 -3.34116682e-05 
 7.64514000e-02  2.50030064e+00  3.79948267e+00  2.46998049e+00  2.46734770e+00 -3.33913977e-05 
 7.64564000e-02  2.50027053e+00  3.80232727e+00  2.47282513e+00  2.47016375e+00 -3.33709146e-05 
 7.64614000e-02  2.50024016e+00  3.80519853e+00  2.47569612e+00  2.47300880e+00 -3.33502393e-05 
 7.64664000e-02  2.50020955e+00  3.80809361e+00  2.47859061e+00  2.47588003e+00 -3.33293924e-05 
 7.64714000e-02  2.50017873e+00  3.81100963e+00  2.48150573e+00  2.47877457e+00 -3.33083945e-05 
 7.64764000e-02  2.50014774e+00  3.81394370e+00  2.48443859e+00  2.48168956e+00 -3.32872667e-05 
 7.64814000e-02  2.50011660e+00  3.81689290e+00  2.48738627e+00  2.48462211e+00 -3.32660298e-05 
 7.64864000e-02  2.50008535e+00  3.81985432e+00  2.49034586e+00  2.48756930e+00 -3.32447050e-05 
 7.64914000e-02  2.50005401e+00  3.82282502e+00  2.49331442e+00  2.49052822e+00 -3.32233133e-05 
 7.64964000e-02  2.50002262e+00  3.82580206e+00  2.49628901e+00  2.49349592e+00 -3.32018760e-05 
 7.65014000e-02  2.49999120e+00  3.82878249e+00  2.49926668e+00  2.49646948e+00 -3.31804144e-05 
 7.65064000e-02  2.49995980e+00  3.83176337e+00  2.50224451e+00  2.49944595e+00 -3.31589496e-05 
 7.65114000e-02  2.49992843e+00  3.83474174e+00  2.50521953e+00  2.50242239e+00 -3.31375028e-05 
 7.65164000e-02  2.49989714e+00  3.83771467e+00  2.50818882e+00  2.50539585e+00 -3.31160953e-05 
 7.65214000e-02  2.49986594e+00  3.84067923e+00  2.51114945e+00  2.50836341e+00 -3.30947481e-05 
 7.65264000e-02  2.49983488e+00  3.84363249e+00  2.51409849e+00  2.51132213e+00 -3.30734823e-05 
 7.65314000e-02  2.49980399e+00  3.84657155e+00  2.51703304e+00  2.51426910e+00 -3.30523189e-05 
 7.65364000e-02  2.49977328e+00  3.84949350e+00  2.51995021e+00  2.51720141e+00 -3.30312786e-05 
 7.65414000e-02  2.49974280e+00  3.85239547e+00  2.52284712e+00  2.52011617e+00 -3.30103822e-05 
 7.65464000e-02  2.49971257e+00  3.85527461e+00  2.52572094e+00  2.52301052e+00 -3.29896501e-05 
 7.65514000e-02  2.49968263e+00  3.85812809e+00  2.52856884e+00  2.52588161e+00 -3.29691028e-05 
 7.65564000e-02  2.49965300e+00  3.86095311e+00  2.53138802e+00  2.52872662e+00 -3.29487603e-05 
 7.65614000e-02  2.49962371e+00  3.86374690e+00  2.53417571e+00  2.53154276e+00 -3.29286426e-05 
 7.65664000e-02  2.49959479e+00  3.86650672e+00  2.53692919e+00  2.53432727e+00 -3.29087693e-05 
 7.65714000e-02  2.49956628e+00  3.86922987e+00  2.53964576e+00  2.53707741e+00 -3.28891599e-05 
 7.65764000e-02  2.49953819e+00  3.87191367e+00  2.54232275e+00  2.53979049e+00 -3.28698335e-05 
 7.65814000e-02  2.49951056e+00  3.87455551e+00  2.54495755e+00  2.54246387e+00 -3.28508091e-05 
 7.65864000e-02  2.49948341e+00  3.87715281e+00  2.54754759e+00  2.54509491e+00 -3.28321050e-05 
 7.65914000e-02  2.49945677e+00  3.87970302e+00  2.55009033e+00  2.54768106e+00 -3.28137396e-05 
 7.65964000e-02  2.49943066e+00  3.88220366e+00  2.55258330e+00  2.55021978e+00 -3.27957306e-05 
 7.66014000e-02  2.49940512e+00  3.88465230e+00  2.55502407e+00  2.55270861e+00 -3.27780957e-05 
 7.66064000e-02  2.49938017e+00  3.88704654e+00  2.55741025e+00  2.55514510e+00 -3.27608518e-05 
 7.66114000e-02  2.49935582e+00  3.88938405e+00  2.55973953e+00  2.55752690e+00 -3.27440158e-05 
 7.66164000e-02  2.49933212e+00  3.89166257e+00  2.56200963e+00  2.55985168e+00 -3.27276040e-05 
 7.66214000e-02  2.49930907e+00  3.89387987e+00  2.56421836e+00  2.56211718e+00 -3.27116322e-05 
 7.66264000e-02  2.49928670e+00  3.89603381e+00  2.56636356e+00  2.56432119e+00 -3.26961159e-05 
 7.66314000e-02  2.49926504e+00  3.89812228e+00  2.56844316e+00  2.56646159e+00 -3.26810701e-05 
 7.66364000e-02  2.49924410e+00  3.90014328e+00  2.57045513e+00  2.56853628e+00 -3.26665092e-05 
 7.66414000e-02  2.49922391e+00  3.90209483e+00  2.57239753e+00  2.57054326e+00 -3.26524475e-05 
 7.66464000e-02  2.49920448e+00  3.90397504e+00  2.57426848e+00  2.57248058e+00 -3.26388983e-05 
 7.66514000e-02  2.49918584e+00  3.90578211e+00  2.57606616e+00  2.57434637e+00 -3.26258748e-05 
 7.66564000e-02  2.49916801e+00  3.90751427e+00  2.57778884e+00  2.57613882e+00 -3.26133895e-05 
 7.66614000e-02  2.49915099e+00  3.90916986e+00  2.57943484e+00  2.57785620e+00 -3.26014544e-05 
 7.66664000e-02  2.49913481e+00  3.91074727e+00  2.58100259e+00  2.57949684e+00 -3.25900810e-05 
 7.66714000e-02  2.49911949e+00  3.91224498e+00  2.58249056e+00  2.58105916e+00 -3.25792802e-05 
 7.66764000e-02  2.49910503e+00  3.91366154e+00  2.58389733e+00  2.58254165e+00 -3.25690623e-05 
 7.66814000e-02  2.49909146e+00  3.91499559e+00  2.58522152e+00  2.58394288e+00 -3.25594372e-05 
 7.66864000e-02  2.49907879e+00  3.91624585e+00  2.58646188e+00  2.58526151e+00 -3.25504140e-05 
 7.66914000e-02  2.49906702e+00  3.91741110e+00  2.58761719e+00  2.58649625e+00 -3.25420015e-05 
 7.66964000e-02  2.49905618e+00  3.91849023e+00  2.58868635e+00  2.58764592e+00 -3.25342076e-05 
 7.67014000e-02  2.49904626e+00  3.91948220e+00  2.58966834e+00  2.58870941e+00 -3.25270399e-05 
 7.67064000e-02  2.49903729e+00  3.92038604e+00  2.59056219e+00  2.58968570e+00 -3.25205051e-05 
 7.67114000e-02  2.49902927e+00  3.92120089e+00  2.59136706e+00  2.59057384e+00 -3.25146096e-05 
 7.67164000e-02  2.49902220e+00  3.92192598e+00  2.59208218e+00  2.59137299e+00 -3.25093589e-05 
 7.67214000e-02  2.49901610e+00  3.92256059e+00  2.59270684e+00  2.59208238e+00 -3.25047582e-05 
 7.67264000e-02  2.49901097e+00  3.92310412e+00  2.59324045e+00  2.59270131e+00 -3.25008117e-05 
 7.67314000e-02  2.49900682e+00  3.92355605e+00  2.59368251e+00  2.59322921e+00 -3.24975233e-05 
 7.67364000e-02  2.49900365e+00  3.92391594e+00  2.59403258e+00  2.59366555e+00 -3.24948960e-05 
 7.67414000e-02  2.49900146e+00  3.92418345e+00  2.59429033e+00  2.59400993e+00 -3.24929325e-05 
 7.67464000e-02  2.49900026e+00  3.92435832e+00  2.59445551e+00  2.59426200e+00 -3.24916345e-05 
 7.67514000e-02  2.49900004e+00  3.92444038e+00  2.59452796e+00  2.59442154e+00 -3.24910034e-05 
 7.67564000e-02  2.49900081e+00  3.92442955e+00  2.59450761e+00  2.59448838e+00 -3.24910397e-05 
 7.67614000e-02  2.49900256e+00  3.92432585e+00  2.59439449e+00  2.59446246e+00 -3.24917433e-05 
 7.67664000e-02  2.49900530e+00  3.92412937e+00  2.59418870e+00  2.59434380e+00 -3.24931137e-05 
 7.67714000e-02  2.49900903e+00  3.92384029e+00  2.59389043e+00  2.59413252e+00 -3.24951495e-05 
 7.67764000e-02  2.49901373e+00  3.92345891e+00  2.59349998e+00  2.59382883e+00 -3.24978488e-05 
 7.67814000e-02  2.49901940e+00  3.92298558e+00  2.59301772e+00  2.59343301e+00 -3.25012091e-05 
 7.67864000e-02  2.49902604e+00  3.92242076e+00  2.59244412e+00  2.59294545e+00 -3.25052270e-05 
 7.67914000e-02  2.49903364e+00  3.92176499e+00  2.59177971e+00  2.59236661e+00 -3.25098988e-05 
 7.67964000e-02  2.49904220e+00  3.92101890e+00  2.59102516e+00  2.59169704e+00 -3.25152200e-05 
 7.68014000e-02  2.49905170e+00  3.92018322e+00  2.59018117e+00  2.59093740e+00 -3.25211856e-05 
 7.68064000e-02  2.49906214e+00  3.91925873e+00  2.58924856e+00  2.59008842e+00 -3.25277898e-05 
 7.68114000e-02  2.49907350e+00  3.91824634e+00  2.58822823e+00  2.58915090e+00 -3.25350264e-05 
 7.68164000e-02  2.49908577e+00  3.91714701e+00  2.58712116e+00  2.58812576e+00 -3.25428884e-05 
 7.68214000e-02  2.49909895e+00  3.91596181e+00  2.58592842e+00  2.58701398e+00 -3.25513683e-05 
 7.68264000e-02  2.49911302e+00  3.91469187e+00  2.58465115e+00  2.58581662e+00 -3.25604580e-05 
 7.68314000e-02  2.49912796e+00  3.91333843e+00  2.58329059e+00  2.58453485e+00 -3.25701487e-05 
 7.68364000e-02  2.49914377e+00  3.91190278e+00  2.58184805e+00  2.58316990e+00 -3.25804313e-05 
 7.68414000e-02  2.49916042e+00  3.91038631e+00  2.58032492e+00  2.58172308e+00 -3.25912958e-05 
 7.68464000e-02  2.49917790e+00  3.90879048e+00  2.57872266e+00  2.58019580e+00 -3.26027319e-05 
 7.68514000e-02  2.49919618e+00  3.90711684e+00  2.57704284e+00  2.57858952e+00 -3.26147285e-05 
 7.68564000e-02  2.49921527e+00  3.90536700e+00  2.57528707e+00  2.57690579e+00 -3.26272741e-05 
 7.68614000e-02  2.49923512e+00  3.90354265e+00  2.57345704e+00  2.57514625e+00 -3.26403567e-05 
 7.68664000e-02  2.49925574e+00  3.90164557e+00  2.57155454e+00  2.57331260e+00 -3.26539636e-05 
 7.68714000e-02  2.49927708e+00  3.89967758e+00  2.56958140e+00  2.57140661e+00 -3.26680818e-05 
 7.68764000e-02  2.49929914e+00  3.89764059e+00  2.56753953e+00  2.56943012e+00 -3.26826977e-05 
 7.68814000e-02  2.49932189e+00  3.89553658e+00  2.56543092e+00  2.56738505e+00 -3.26977971e-05 
 7.68864000e-02  2.49934531e+00  3.89336758e+00  2.56325760e+00  2.56527339e+00 -3.27133655e-05 
 7.68914000e-02  2.49936938e+00  3.89113571e+00  2.56102170e+00  2.56309718e+00 -3.27293877e-05 
 7.68964000e-02  2.49939407e+00  3.88884314e+00  2.55872537e+00  2.56085854e+00 -3.27458485e-05 
 7.69014000e-02  2.49941935e+00  3.88649209e+00  2.55637086e+00  2.55855963e+00 -3.27627317e-05 
 7.69064000e-02  2.49944521e+00  3.88408484e+00  2.55396046e+00  2.55620271e+00 -3.27800210e-05 
 7.69114000e-02  2.49947162e+00  3.88162375e+00  2.55149651e+00  2.55379005e+00 -3.27976996e-05 
 7.69164000e-02  2.49949855e+00  3.87911121e+00  2.54898141e+00  2.55132401e+00 -3.28157505e-05 
 7.69214000e-02  2.49952597e+00  3.87654967e+00  2.54641762e+00  2.54880700e+00 -3.28341559e-05 
 7.69264000e-02  2.49955386e+00  3.87394164e+00  2.54380764e+00  2.54624146e+00 -3.28528981e-05 
 7.69314000e-02  2.49958220e+00  3.87128965e+00  2.54115401e+00  2.54362991e+00 -3.28719588e-05 
 7.69364000e-02  2.49961094e+00  3.86859631e+00  2.53845934e+00  2.54097489e+00 -3.28913193e-05 
 7.69414000e-02  2.49964007e+00  3.86586424e+00  2.53572626e+00  2.53827900e+00 -3.29109609e-05 
 7.69464000e-02  2.49966955e+00  3.86309612e+00  2.53295745e+00  2.53554487e+00 -3.29308642e-05 
 7.69514000e-02  2.49969936e+00  3.86029467e+00  2.53015561e+00  2.53277519e+00 -3.29510099e-05 
 7.69564000e-02  2.49972947e+00  3.85746263e+00  2.52732350e+00  2.52997266e+00 -3.29713782e-05 
 7.69614000e-02  2.49975984e+00  3.85460278e+00  2.52446389e+00  2.52714004e+00 -3.29919492e-05 
 7.69664000e-02  2.49979045e+00  3.85171792e+00  2.52157959e+00  2.52428011e+00 -3.30127027e-05 
 7.69714000e-02  2.49982127e+00  3.84881090e+00  2.51867344e+00  2.52139567e+00 -3.30336183e-05 
 7.69764000e-02  2.49985226e+00  3.84588457e+00  2.51574830e+00  2.51848956e+00 -3.30546755e-05 
 7.69814000e-02  2.49988340e+00  3.84294181e+00  2.51280704e+00  2.51556463e+00 -3.30758536e-05 
 7.69864000e-02  2.49991465e+00  3.83998553e+00  2.50985256e+00  2.51262378e+00 -3.30971317e-05 
 7.69914000e-02  2.49994599e+00  3.83701863e+00  2.50688778e+00  2.50966988e+00 -3.31184888e-05 
 7.69964000e-02  2.49997738e+00  3.83404404e+00  2.50391561e+00  2.50670586e+00 -3.31399040e-05 
 7.70014000e-02  2.50000880e+00  3.83106470e+00  2.50093900e+00  2.50373464e+00 -3.31613560e-05 
 7.70064000e-02  2.50004020e+00  3.82808355e+00  2.49796088e+00  2.50075915e+00 -3.31828237e-05 
 7.70114000e-02  2.50007157e+00  3.82510354e+00  2.49498420e+00  2.49778234e+00 -3.32042858e-05 
 7.70164000e-02  2.50010286e+00  3.82212761e+00  2.49201189e+00  2.49480713e+00 -3.32257211e-05 
 7.70214000e-02  2.50013406e+00  3.81915871e+00  2.48904691e+00  2.49183649e+00 -3.32471084e-05 
 7.70264000e-02  2.50016512e+00  3.81619979e+00  2.48609219e+00  2.48887334e+00 -3.32684265e-05 
 7.70314000e-02  2.50019601e+00  3.81325376e+00  2.48315066e+00  2.48592062e+00 -3.32896542e-05 
 7.70364000e-02  2.50022672e+00  3.81032356e+00  2.48022523e+00  2.48298126e+00 -3.33107704e-05 
 7.70414000e-02  2.50025720e+00  3.80741210e+00  2.47731881e+00  2.48005818e+00 -3.33317542e-05 
 7.70464000e-02  2.50028743e+00  3.80452225e+00  2.47443428e+00  2.47715427e+00 -3.33525847e-05 
 7.70514000e-02  2.50031737e+00  3.80165690e+00  2.47157451e+00  2.47427241e+00 -3.33732412e-05 
 7.70564000e-02  2.50034700e+00  3.79881889e+00  2.46874234e+00  2.47141548e+00 -3.33937031e-05 
 7.70614000e-02  2.50037629e+00  3.79601104e+00  2.46594059e+00  2.46858630e+00 -3.34139500e-05 
 7.70664000e-02  2.50040521e+00  3.79323615e+00  2.46317204e+00  2.46578770e+00 -3.34339617e-05 
 7.70714000e-02  2.50043372e+00  3.79049698e+00  2.46043946e+00  2.46302246e+00 -3.34537183e-05 
 7.70764000e-02  2.50046181e+00  3.78779626e+00  2.45774555e+00  2.46029332e+00 -3.34732000e-05 
 7.70814000e-02  2.50048944e+00  3.78513667e+00  2.45509302e+00  2.45760302e+00 -3.34923874e-05 
 7.70864000e-02  2.50051659e+00  3.78252088e+00  2.45248449e+00  2.45495422e+00 -3.35112613e-05 
 7.70914000e-02  2.50054323e+00  3.77995148e+00  2.44992258e+00  2.45234958e+00 -3.35298028e-05 
 7.70964000e-02  2.50056934e+00  3.77743105e+00  2.44740984e+00  2.44979168e+00 -3.35479933e-05 
 7.71014000e-02  2.50059488e+00  3.77496209e+00  2.44494877e+00  2.44728309e+00 -3.35658147e-05 
 7.71064000e-02  2.50061983e+00  3.77254708e+00  2.44254185e+00  2.44482630e+00 -3.35832491e-05 
 7.71114000e-02  2.50064418e+00  3.77018843e+00  2.44019146e+00  2.44242377e+00 -3.36002790e-05 
 7.71164000e-02  2.50066788e+00  3.76788849e+00  2.43789996e+00  2.44007790e+00 -3.36168873e-05 
 7.71214000e-02  2.50069093e+00  3.76564957e+00  2.43566965e+00  2.43779103e+00 -3.36330574e-05 
 7.71264000e-02  2.50071330e+00  3.76347389e+00  2.43350274e+00  2.43556545e+00 -3.36487730e-05 
 7.71314000e-02  2.50073496e+00  3.76136365e+00  2.43140141e+00  2.43340338e+00 -3.36640184e-05 
 7.71364000e-02  2.50075590e+00  3.75932095e+00  2.42936777e+00  2.43130700e+00 -3.36787782e-05 
 7.71414000e-02  2.50077609e+00  3.75734783e+00  2.42740384e+00  2.42927839e+00 -3.36930376e-05 
 7.71464000e-02  2.50079552e+00  3.75544628e+00  2.42551160e+00  2.42731959e+00 -3.37067823e-05 
 7.71514000e-02  2.50081416e+00  3.75361819e+00  2.42369294e+00  2.42543256e+00 -3.37199985e-05 
 7.71564000e-02  2.50083199e+00  3.75186539e+00  2.42194967e+00  2.42361919e+00 -3.37326728e-05 
 7.71614000e-02  2.50084901e+00  3.75018965e+00  2.42028356e+00  2.42188129e+00 -3.37447925e-05 
 7.71664000e-02  2.50086519e+00  3.74859265e+00  2.41869627e+00  2.42022061e+00 -3.37563455e-05 
 7.71714000e-02  2.50088051e+00  3.74707598e+00  2.41718938e+00  2.41863882e+00 -3.37673199e-05 
 7.71764000e-02  2.50089497e+00  3.74564116e+00  2.41576442e+00  2.41713749e+00 -3.37777050e-05 
 7.71814000e-02  2.50090854e+00  3.74428964e+00  2.41442281e+00  2.41571813e+00 -3.37874900e-05 
 7.71864000e-02  2.50092121e+00  3.74302277e+00  2.41316589e+00  2.41438217e+00 -3.37966653e-05 
 7.71914000e-02  2.50093298e+00  3.74184181e+00  2.41199493e+00  2.41313095e+00 -3.38052215e-05 
 7.71964000e-02  2.50094382e+00  3.74074797e+00  2.41091111e+00  2.41196572e+00 -3.38131500e-05 
 7.72014000e-02  2.50095374e+00  3.73974232e+00  2.40991550e+00  2.41088765e+00 -3.38204429e-05 
 7.72064000e-02  2.50096271e+00  3.73882589e+00  2.40900911e+00  2.40989783e+00 -3.38270927e-05 
 7.72114000e-02  2.50097073e+00  3.73799959e+00  2.40819285e+00  2.40899724e+00 -3.38330928e-05 
 7.72164000e-02  2.50097780e+00  3.73726426e+00  2.40746754e+00  2.40818680e+00 -3.38384372e-05 
 7.72214000e-02  2.50098390e+00  3.73662062e+00  2.40683391e+00  2.40746730e+00 -3.38431203e-05 
 7.72264000e-02  2.50098903e+00  3.73606933e+00  2.40629259e+00  2.40683949e+00 -3.38471376e-05 
 7.72314000e-02  2.50099318e+00  3.73561094e+00  2.40584413e+00  2.40630398e+00 -3.38504849e-05 
 7.72364000e-02  2.50099635e+00  3.73524590e+00  2.40548897e+00  2.40586132e+00 -3.38531589e-05 
 7.72414000e-02  2.50099854e+00  3.73497460e+00  2.40522748e+00  2.40551195e+00 -3.38551569e-05 
 7.72464000e-02  2.50099974e+00  3.73479729e+00  2.40505991e+00  2.40525622e+00 -3.38564769e-05 
 7.72514000e-02  2.50099996e+00  3.73471416e+00  2.40498644e+00  2.40509438e+00 -3.38571175e-05 
 7.72564000e-02  2.50099919e+00  3.73472529e+00  2.40500714e+00  2.40502661e+00 -3.38570781e-05 
 7.72614000e-02  2.50099744e+00  3.73483066e+00  2.40512198e+00  2.40505296e+00 -3.38563587e-05 
 7.72664000e-02  2.50099470e+00  3.73503018e+00  2.40533086e+00  2.40517342e+00 -3.38549601e-05 
 7.72714000e-02  2.50099097e+00  3.73532364e+00  2.40563356e+00  2.40538786e+00 -3.38528837e-05 
 7.72764000e-02  2.50098627e+00  3.73571075e+00  2.40602977e+00  2.40569606e+00 -3.38501316e-05 
 7.72814000e-02  2.50098060e+00  3.73619112e+00  2.40651911e+00  2.40609771e+00 -3.38467066e-05 
 7.72864000e-02  2.50097396e+00  3.73676426e+00  2.40710107e+00  2.40659242e+00 -3.38426120e-05 
 7.72914000e-02  2.50096636e+00  3.73742960e+00  2.40777508e+00  2.40717968e+00 -3.38378522e-05 
 7.72964000e-02  2.50095780e+00  3.73818647e+00  2.40854046e+00  2.40785891e+00 -3.38324317e-05 
 7.73014000e-02  2.50094830e+00  3.73903411e+00  2.40939644e+00  2.40862942e+00 -3.38263563e-05 
 7.73064000e-02  2.50093786e+00  3.73997168e+00  2.41034215e+00  2.40949044e+00 -3.38196319e-05 
 7.73114000e-02  2.50092650e+00  3.74099822e+00  2.41137666e+00  2.41044111e+00 -3.38122653e-05 
 7.73164000e-02  2.50091423e+00  3.74211271e+00  2.41249891e+00  2.41148047e+00 -3.38042641e-05 
 7.73214000e-02  2.50090105e+00  3.74331403e+00  2.41370780e+00  2.41260747e+00 -3.37956362e-05 
 7.73264000e-02  2.50088698e+00  3.74460097e+00  2.41500209e+00  2.41382099e+00 -3.37863903e-05 
 7.73314000e-02  2.50087204e+00  3.74597225e+00  2.41638050e+00  2.41511981e+00 -3.37765358e-05 
 7.73364000e-02  2.50085623e+00  3.74742648e+00  2.41784164e+00  2.41650263e+00 -3.37660827e-05 
 7.73414000e-02  2.50083958e+00  3.74896222e+00  2.41938405e+00  2.41796806e+00 -3.37550414e-05 
 7.73464000e-02  2.50082210e+00  3.75057791e+00  2.42100617e+00  2.41951462e+00 -3.37434231e-05 
 7.73514000e-02  2.50080382e+00  3.75227194e+00  2.42270639e+00  2.42114078e+00 -3.37312394e-05 
 7.73564000e-02  2.50078473e+00  3.75404261e+00  2.42448300e+00  2.42284489e+00 -3.37185027e-05 
 7.73614000e-02  2.50076488e+00  3.75588815e+00  2.42633422e+00  2.42462525e+00 -3.37052257e-05 
 7.73664000e-02  2.50074426e+00  3.75780671e+00  2.42825819e+00  2.42648008e+00 -3.36914219e-05 
 7.73714000e-02  2.50072292e+00  3.75979636e+00  2.43025299e+00  2.42840752e+00 -3.36771050e-05 
 7.73764000e-02  2.50070086e+00  3.76185512e+00  2.43231662e+00  2.43040564e+00 -3.36622895e-05 
 7.73814000e-02  2.50067811e+00  3.76398092e+00  2.43444702e+00  2.43247243e+00 -3.36469904e-05 
 7.73864000e-02  2.50065469e+00  3.76617164e+00  2.43664205e+00  2.43460584e+00 -3.36312228e-05 
 7.73914000e-02  2.50063062e+00  3.76842508e+00  2.43889952e+00  2.43680372e+00 -3.36150028e-05 
 7.73964000e-02  2.50060593e+00  3.77073899e+00  2.44121716e+00  2.43906387e+00 -3.35983465e-05 
 7.74014000e-02  2.50058065e+00  3.77311107e+00  2.44359268e+00  2.44138404e+00 -3.35812706e-05 
 7.74064000e-02  2.50055479e+00  3.77553893e+00  2.44602368e+00  2.44376191e+00 -3.35637924e-05 
 7.74114000e-02  2.50052838e+00  3.77802015e+00  2.44850774e+00  2.44619510e+00 -3.35459293e-05 
 7.74164000e-02  2.50050145e+00  3.78055226e+00  2.45104239e+00  2.44868119e+00 -3.35276992e-05 
 7.74214000e-02  2.50047403e+00  3.78313273e+00  2.45362508e+00  2.45121768e+00 -3.35091203e-05 
 7.74264000e-02  2.50044614e+00  3.78575898e+00  2.45625326e+00  2.45380205e+00 -3.34902112e-05 
 7.74314000e-02  2.50041780e+00  3.78842839e+00  2.45892428e+00  2.45643172e+00 -3.34709910e-05 
 7.74364000e-02  2.50038906e+00  3.79113831e+00  2.46163550e+00  2.45910406e+00 -3.34514786e-05 
 7.74414000e-02  2.50035993e+00  3.79388604e+00  2.46438422e+00  2.46181642e+00 -3.34316938e-05 
 7.74464000e-02  2.50033045e+00  3.79666883e+00  2.46716768e+00  2.46456609e+00 -3.34116561e-05 
 7.74514000e-02  2.50030064e+00  3.79948393e+00  2.46998313e+00  2.46735034e+00 -3.33913856e-05 
 7.74564000e-02  2.50027053e+00  3.80232852e+00  2.47282777e+00  2.47016639e+00 -3.33709025e-05 
 7.74614000e-02  2.50024016e+00  3.80519978e+00  2.47569876e+00  2.47301144e+00 -3.33502272e-05 
 7.74664000e-02  2.50020955e+00  3.80809486e+00  2.47859325e+00  2.47588267e+00 -3.33293802e-05 
 7.74714000e-02  2.50017873e+00  3.81101088e+00  2.48150837e+00  2.47877721e+00 -3.33083824e-05 
 7.74764000e-02  2.50014774e+00  3.81394495e+00  2.48444123e+00  2.48169221e+00 -3.32872545e-05 
 7.74814000e-02  2.50011660e+00  3.81689415e+00  2.48738891e+00  2.48462475e+00 -3.32660176e-05 
 7.74864000e-02  2.50008535e+00  3.81985557e+00  2.49034850e+00  2.48757194e+00 -3.32446928e-05 
 7.74914000e-02  2.50005401e+00  3.82282627e+00  2.49331705e+00  2.49053085e+00 -3.32233012e-05 
 7.74964000e-02  2.50002262e+00  3.82580331e+00  2.49629164e+00  2.49349856e+00 -3.32018639e-05 
 7.75014000e-02  2.49999120e+00  3.82878374e+00  2.49926932e+00  2.49647212e+00 -3.31804022e-05 
 7.75064000e-02  2.49995980e+00  3.83176462e+00  2.50224714e+00  2.49944859e+00 -3.31589374e-05 
 7.75114000e-02  2.49992843e+00  3.83474299e+00  2.50522217e+00  2.50242502e+00 -3.31374907e-05 
 7.75164000e-02  2.49989714e+00  3.83771592e+00  2.50819146e+00  2.50539849e+00 -3.31160832e-05 
 7.75214000e-02  2.49986594e+00  3.84068048e+00  2.51115208e+00  2.50836605e+00 -3.30947360e-05 
 7.75264000e-02  2.49983488e+00  3.84363374e+00  2.51410112e+00  2.51132477e+00 -3.30734702e-05 
 7.75314000e-02  2.49980399e+00  3.84657280e+00  2.51703567e+00  2.51427173e+00 -3.30523068e-05 
 7.75364000e-02  2.49977328e+00  3.84949475e+00  2.51995284e+00  2.51720404e+00 -3.30312665e-05 
 7.75414000e-02  2.49974280e+00  3.85239672e+00  2.52284976e+00  2.52011880e+00 -3.30103701e-05 
 7.75464000e-02  2.49971257e+00  3.85527586e+00  2.52572358e+00  2.52301315e+00 -3.29896380e-05 
 7.75514000e-02  2.49968263e+00  3.85812934e+00  2.52857147e+00  2.52588424e+00 -3.29690907e-05 
 7.75564000e-02  2.49965300e+00  3.86095436e+00  2.53139065e+00  2.52872926e+00 -3.29487482e-05 
 7.75614000e-02  2.49962371e+00  3.86374815e+00  2.53417834e+00  2.53154539e+00 -3.29286305e-05 
 7.75664000e-02  2.49959479e+00  3.86650797e+00  2.53693182e+00  2.53432990e+00 -3.29087572e-05 
 7.75714000e-02  2.49956628e+00  3.86923111e+00  2.53964839e+00  2.53708004e+00 -3.28891478e-05 
 7.75764000e-02  2.49953819e+00  3.87191492e+00  2.54232538e+00  2.53979313e+00 -3.28698215e-05 
 7.75814000e-02  2.49951056e+00  3.87455676e+00  2.54496018e+00  2.54246650e+00 -3.28507970e-05 
 7.75864000e-02  2.49948341e+00  3.87715405e+00  2.54755022e+00  2.54509754e+00 -3.28320929e-05 
 7.75914000e-02  2.49945677e+00  3.87970426e+00  2.55009296e+00  2.54768369e+00 -3.28137275e-05 
 7.75964000e-02  2.49943066e+00  3.88220491e+00  2.55258593e+00  2.55022241e+00 -3.27957185e-05 
 7.76014000e-02  2.49940512e+00  3.88465354e+00  2.55502670e+00  2.55271123e+00 -3.27780836e-05 
 7.76064000e-02  2.49938017e+00  3.88704778e+00  2.55741288e+00  2.55514773e+00 -3.27608398e-05 
 7.76114000e-02  2.49935582e+00  3.88938530e+00  2.55974215e+00  2.55752953e+00 -3.27440038e-05 
 7.76164000e-02  2.49933212e+00  3.89166381e+00  2.56201226e+00  2.55985430e+00 -3.27275919e-05 
 7.76214000e-02  2.49930907e+00  3.89388112e+00  2.56422098e+00  2.56211980e+00 -3.27116201e-05 
 7.76264000e-02  2.49928670e+00  3.89603505e+00  2.56636619e+00  2.56432382e+00 -3.26961038e-05 
 7.76314000e-02  2.49926504e+00  3.89812353e+00  2.56844578e+00  2.56646421e+00 -3.26810580e-05 
 7.76364000e-02  2.49924410e+00  3.90014452e+00  2.57045776e+00  2.56853890e+00 -3.26664972e-05 
 7.76414000e-02  2.49922391e+00  3.90209607e+00  2.57240016e+00  2.57054589e+00 -3.26524354e-05 
 7.76464000e-02  2.49920448e+00  3.90397629e+00  2.57427110e+00  2.57248321e+00 -3.26388863e-05 
 7.76514000e-02  2.49918584e+00  3.90578335e+00  2.57606878e+00  2.57434900e+00 -3.26258628e-05 
 7.76564000e-02  2.49916801e+00  3.90751551e+00  2.57779146e+00  2.57614144e+00 -3.26133775e-05 
 7.76614000e-02  2.49915099e+00  3.90917110e+00  2.57943747e+00  2.57785882e+00 -3.26014424e-05 
 7.76664000e-02  2.49913481e+00  3.91074851e+00  2.58100521e+00  2.57949946e+00 -3.25900690e-05 
 7.76714000e-02  2.49911949e+00  3.91224622e+00  2.58249319e+00  2.58106178e+00 -3.25792681e-05 
 7.76764000e-02  2.49910503e+00  3.91366278e+00  2.58389995e+00  2.58254427e+00 -3.25690502e-05 
 7.76814000e-02  2.49909146e+00  3.91499684e+00  2.58522415e+00  2.58394550e+00 -3.25594251e-05 
 7.76864000e-02  2.49907879e+00  3.91624709e+00  2.58646450e+00  2.58526413e+00 -3.25504019e-05 
 7.76914000e-02  2.49906702e+00  3.91741235e+00  2.58761981e+00  2.58649887e+00 -3.25419894e-05 
 7.76964000e-02  2.49905618e+00  3.91849147e+00  2.58868898e+00  2.58764854e+00 -3.25341955e-05 
 7.77014000e-02  2.49904626e+00  3.91948344e+00  2.58967096e+00  2.58871203e+00 -3.25270278e-05 
 7.77064000e-02  2.49903729e+00  3.92038728e+00  2.59056481e+00  2.58968832e+00 -3.25204930e-05 
 7.77114000e-02  2.49902927e+00  3.92120214e+00  2.59136968e+00  2.59057646e+00 -3.25145975e-05 
 7.77164000e-02  2.49902220e+00  3.92192722e+00  2.59208480e+00  2.59137561e+00 -3.25093469e-05 
 7.77214000e-02  2.49901610e+00  3.92256183e+00  2.59270946e+00  2.59208500e+00 -3.25047461e-05 
 7.77264000e-02  2.49901097e+00  3.92310537e+00  2.59324307e+00  2.59270393e+00 -3.25007996e-05 
 7.77314000e-02  2.49900682e+00  3.92355729e+00  2.59368513e+00  2.59323183e+00 -3.24975112e-05 
 7.77364000e-02  2.49900365e+00  3.92391719e+00  2.59403520e+00  2.59366817e+00 -3.24948840e-05 
 7.77414000e-02  2.49900146e+00  3.92418470e+00  2.59429295e+00  2.59401255e+00 -3.24929204e-05 
 7.77464000e-02  2.49900026e+00  3.92435956e+00  2.59445813e+00  2.59426462e+00 -3.24916225e-05 
 7.77514000e-02  2.49900004e+00  3.92444162e+00  2.59453058e+00  2.59442416e+00 -3.24909913e-05 
 7.77564000e-02  2.49900081e+00  3.92443080e+00  2.59451023e+00  2.59449100e+00 -3.24910276e-05 
 7.77614000e-02  2.49900256e+00  3.92432709e+00  2.59439711e+00  2.59446507e+00 -3.24917313e-05 
 7.77664000e-02  2.49900530e+00  3.92413061e+00  2.59419131e+00  2.59434642e+00 -3.24931017e-05 
 7.77714000e-02  2.49900903e+00  3.92384154e+00  2.59389305e+00  2.59413514e+00 -3.24951375e-05 
 7.77764000e-02  2.49901373e+00  3.92346016e+00  2.59350260e+00  2.59383145e+00 -3.24978368e-05 
 7.77814000e-02  2.49901940e+00  3.92298683e+00  2.59302034e+00  2.59343563e+00 -3.25011970e-05 
 7.77864000e-02  2.49902604e+00  3.92242201e+00  2.59244673e+00  2.59294807e+00 -3.25052149e-05 
 7.77914000e-02  2.49903364e+00  3.92176624e+00  2.59178233e+00  2.59236922e+00 -3.25098867e-05 
 7.77964000e-02  2.49904220e+00  3.92102015e+00  2.59102777e+00  2.59169966e+00 -3.25152080e-05 
 7.78014000e-02  2.49905170e+00  3.92018446e+00  2.59018379e+00  2.59094002e+00 -3.25211735e-05 
 7.78064000e-02  2.49906214e+00  3.91925998e+00  2.58925118e+00  2.59009104e+00 -3.25277778e-05 
 7.78114000e-02  2.49907350e+00  3.91824758e+00  2.58823085e+00  2.58915352e+00 -3.25350143e-05 
 7.78164000e-02  2.49908577e+00  3.91714826e+00  2.58712378e+00  2.58812838e+00 -3.25428763e-05 
 7.78214000e-02  2.49909895e+00  3.91596306e+00  2.58593104e+00  2.58701659e+00 -3.25513562e-05 
 7.78264000e-02  2.49911302e+00  3.91469312e+00  2.58465377e+00  2.58581924e+00 -3.25604459e-05 
 7.78314000e-02  2.49912796e+00  3.91333968e+00  2.58329321e+00  2.58453747e+00 -3.25701367e-05 
 7.78364000e-02  2.49914377e+00  3.91190403e+00  2.58185067e+00  2.58317252e+00 -3.25804192e-05 
 7.78414000e-02  2.49916042e+00  3.91038756e+00  2.58032753e+00  2.58172570e+00 -3.25912838e-05 
 7.78464000e-02  2.49917790e+00  3.90879173e+00  2.57872528e+00  2.58019841e+00 -3.26027198e-05 
 7.78514000e-02  2.49919618e+00  3.90711809e+00  2.57704546e+00  2.57859213e+00 -3.26147164e-05 
 7.78564000e-02  2.49921527e+00  3.90536825e+00  2.57528969e+00  2.57690841e+00 -3.26272620e-05 
 7.78614000e-02  2.49923512e+00  3.90354390e+00  2.57345966e+00  2.57514887e+00 -3.26403446e-05 
 7.78664000e-02  2.49925574e+00  3.90164682e+00  2.57155716e+00  2.57331522e+00 -3.26539515e-05 
 7.78714000e-02  2.49927708e+00  3.89967883e+00  2.56958402e+00  2.57140923e+00 -3.26680697e-05 
 7.78764000e-02  2.49929914e+00  3.89764184e+00  2.56754215e+00  2.56943274e+00 -3.26826856e-05 
 7.78814000e-02  2.49932189e+00  3.89553783e+00  2.56543354e+00  2.56738767e+00 -3.26977850e-05 
 7.78864000e-02  2.49934531e+00  3.89336884e+00  2.56326022e+00  2.56527601e+00 -3.27133533e-05 
 7.78914000e-02  2.49936938e+00  3.89113697e+00  2.56102432e+00  2.56309980e+00 -3.27293756e-05 
 7.78964000e-02  2.49939407e+00  3.88884439e+00  2.55872799e+00  2.56086116e+00 -3.27458363e-05 
 7.79014000e-02  2.49941935e+00  3.88649334e+00  2.55637348e+00  2.55856225e+00 -3.27627195e-05 
 7.79064000e-02  2.49944521e+00  3.88408609e+00  2.55396308e+00  2.55620533e+00 -3.27800088e-05 
 7.79114000e-02  2.49947162e+00  3.88162500e+00  2.55149913e+00  2.55379267e+00 -3.27976875e-05 
 7.79164000e-02  2.49949855e+00  3.87911247e+00  2.54898403e+00  2.55132663e+00 -3.28157383e-05 
 7.79214000e-02  2.49952597e+00  3.87655093e+00  2.54642024e+00  2.54880962e+00 -3.28341438e-05 
 7.79264000e-02  2.49955386e+00  3.87394289e+00  2.54381026e+00  2.54624408e+00 -3.28528860e-05 
 7.79314000e-02  2.49958220e+00  3.87129091e+00  2.54115664e+00  2.54363253e+00 -3.28719466e-05 
 7.79364000e-02  2.49961094e+00  3.86859756e+00  2.53846197e+00  2.54097751e+00 -3.28913072e-05 
 7.79414000e-02  2.49964007e+00  3.86586550e+00  2.53572889e+00  2.53828162e+00 -3.29109487e-05 
 7.79464000e-02  2.49966955e+00  3.86309738e+00  2.53296007e+00  2.53554749e+00 -3.29308521e-05 
 7.79514000e-02  2.49969936e+00  3.86029593e+00  2.53015823e+00  2.53277781e+00 -3.29509978e-05 
 7.79564000e-02  2.49972947e+00  3.85746389e+00  2.52732612e+00  2.52997529e+00 -3.29713661e-05 
 7.79614000e-02  2.49975984e+00  3.85460404e+00  2.52446651e+00  2.52714267e+00 -3.29919371e-05 
 7.79664000e-02  2.49979045e+00  3.85171918e+00  2.52158221e+00  2.52428273e+00 -3.30126905e-05 
 7.79714000e-02  2.49982127e+00  3.84881216e+00  2.51867606e+00  2.52139829e+00 -3.30336062e-05 
 7.79764000e-02  2.49985226e+00  3.84588583e+00  2.51575092e+00  2.51849218e+00 -3.30546634e-05 
 7.79814000e-02  2.49988340e+00  3.84294308e+00  2.51280966e+00  2.51556726e+00 -3.30758414e-05 
 7.79864000e-02  2.49991465e+00  3.83998679e+00  2.50985518e+00  2.51262640e+00 -3.30971195e-05 
 7.79914000e-02  2.49994599e+00  3.83701989e+00  2.50689040e+00  2.50967251e+00 -3.31184767e-05 
 7.79964000e-02  2.49997738e+00  3.83404530e+00  2.50391824e+00  2.50670849e+00 -3.31398918e-05 
 7.80014000e-02  2.50000880e+00  3.83106596e+00  2.50094162e+00  2.50373727e+00 -3.31613438e-05 
 7.80064000e-02  2.50004020e+00  3.82808481e+00  2.49796350e+00  2.50076178e+00 -3.31828115e-05 
 7.80114000e-02  2.50007157e+00  3.82510480e+00  2.49498682e+00  2.49778496e+00 -3.32042736e-05 
 7.80164000e-02  2.50010286e+00  3.82212887e+00  2.49201452e+00  2.49480976e+00 -3.32257089e-05 
 7.80214000e-02  2.50013406e+00  3.81915998e+00  2.48904954e+00  2.49183911e+00 -3.32470962e-05 
 7.80264000e-02  2.50016512e+00  3.81620105e+00  2.48609482e+00  2.48887597e+00 -3.32684143e-05 
 7.80314000e-02  2.50019601e+00  3.81325503e+00  2.48315329e+00  2.48592325e+00 -3.32896420e-05 
 7.80364000e-02  2.50022672e+00  3.81032483e+00  2.48022786e+00  2.48298389e+00 -3.33107582e-05 
 7.80414000e-02  2.50025720e+00  3.80741336e+00  2.47732144e+00  2.48006081e+00 -3.33317420e-05 
 7.80464000e-02  2.50028743e+00  3.80452352e+00  2.47443691e+00  2.47715689e+00 -3.33525725e-05 
 7.80514000e-02  2.50031737e+00  3.80165817e+00  2.47157714e+00  2.47427504e+00 -3.33732290e-05 
 7.80564000e-02  2.50034700e+00  3.79882016e+00  2.46874497e+00  2.47141811e+00 -3.33936909e-05 
 7.80614000e-02  2.50037629e+00  3.79601231e+00  2.46594322e+00  2.46858893e+00 -3.34139378e-05 
 7.80664000e-02  2.50040521e+00  3.79323742e+00  2.46317467e+00  2.46579033e+00 -3.34339495e-05 
 7.80714000e-02  2.50043372e+00  3.79049825e+00  2.46044208e+00  2.46302508e+00 -3.34537061e-05 
 7.80764000e-02  2.50046181e+00  3.78779753e+00  2.45774818e+00  2.46029595e+00 -3.34731878e-05 
 7.80814000e-02  2.50048944e+00  3.78513794e+00  2.45509564e+00  2.45760565e+00 -3.34923752e-05 
 7.80864000e-02  2.50051659e+00  3.78252215e+00  2.45248712e+00  2.45495685e+00 -3.35112490e-05 
 7.80914000e-02  2.50054323e+00  3.77995275e+00  2.44992521e+00  2.45235221e+00 -3.35297905e-05 
 7.80964000e-02  2.50056934e+00  3.77743232e+00  2.44741247e+00  2.44979431e+00 -3.35479811e-05 
 7.81014000e-02  2.50059488e+00  3.77496337e+00  2.44495140e+00  2.44728572e+00 -3.35658024e-05 
 7.81064000e-02  2.50061983e+00  3.77254836e+00  2.44254448e+00  2.44482893e+00 -3.35832368e-05 
 7.81114000e-02  2.50064418e+00  3.77018971e+00  2.44019409e+00  2.44242640e+00 -3.36002667e-05 
 7.81164000e-02  2.50066788e+00  3.76788977e+00  2.43790259e+00  2.44008052e+00 -3.36168750e-05 
 7.81214000e-02  2.50069093e+00  3.76565084e+00  2.43567228e+00  2.43779366e+00 -3.36330451e-05 
 7.81264000e-02  2.50071330e+00  3.76347517e+00  2.43350537e+00  2.43556808e+00 -3.36487607e-05 
 7.81314000e-02  2.50073496e+00  3.76136493e+00  2.43140404e+00  2.43340601e+00 -3.36640061e-05 
 7.81364000e-02  2.50075590e+00  3.75932222e+00  2.42937040e+00  2.43130963e+00 -3.36787659e-05 
 7.81414000e-02  2.50077609e+00  3.75734911e+00  2.42740647e+00  2.42928102e+00 -3.36930253e-05 
 7.81464000e-02  2.50079552e+00  3.75544755e+00  2.42551423e+00  2.42732222e+00 -3.37067700e-05 
 7.81514000e-02  2.50081416e+00  3.75361946e+00  2.42369557e+00  2.42543519e+00 -3.37199862e-05 
 7.81564000e-02  2.50083199e+00  3.75186667e+00  2.42195230e+00  2.42362182e+00 -3.37326605e-05 
 7.81614000e-02  2.50084901e+00  3.75019093e+00  2.42028619e+00  2.42188392e+00 -3.37447802e-05 
 7.81664000e-02  2.50086519e+00  3.74859393e+00  2.41869890e+00  2.42022324e+00 -3.37563332e-05 
 7.81714000e-02  2.50088051e+00  3.74707726e+00  2.41719201e+00  2.41864145e+00 -3.37673077e-05 
 7.81764000e-02  2.50089497e+00  3.74564244e+00  2.41576705e+00  2.41714012e+00 -3.37776927e-05 
 7.81814000e-02  2.50090854e+00  3.74429092e+00  2.41442544e+00  2.41572076e+00 -3.37874777e-05 
 7.81864000e-02  2.50092121e+00  3.74302404e+00  2.41316852e+00  2.41438480e+00 -3.37966530e-05 
 7.81914000e-02  2.50093298e+00  3.74184309e+00  2.41199756e+00  2.41313358e+00 -3.38052092e-05 
 7.81964000e-02  2.50094382e+00  3.74074925e+00  2.41091374e+00  2.41196835e+00 -3.38131377e-05 
 7.82014000e-02  2.50095374e+00  3.73974360e+00  2.40991813e+00  2.41089028e+00 -3.38204306e-05 
 7.82064000e-02  2.50096271e+00  3.73882717e+00  2.40901174e+00  2.40990046e+00 -3.38270804e-05 
 7.82114000e-02  2.50097073e+00  3.73800087e+00  2.40819548e+00  2.40899987e+00 -3.38330805e-05 
 7.82164000e-02  2.50097780e+00  3.73726554e+00  2.40747017e+00  2.40818943e+00 -3.38384248e-05 
 7.82214000e-02  2.50098390e+00  3.73662190e+00  2.40683654e+00  2.40746993e+00 -3.38431080e-05 
 7.82264000e-02  2.50098903e+00  3.73607061e+00  2.40629522e+00  2.40684212e+00 -3.38471253e-05 
 7.82314000e-02  2.50099318e+00  3.73561222e+00  2.40584676e+00  2.40630661e+00 -3.38504726e-05 
 7.82364000e-02  2.50099635e+00  3.73524718e+00  2.40549160e+00  2.40586395e+00 -3.38531466e-05 
 7.82414000e-02  2.50099854e+00  3.73497588e+00  2.40523011e+00  2.40551458e+00 -3.38551446e-05 
 7.82464000e-02  2.50099974e+00  3.73479857e+00  2.40506254e+00  2.40525885e+00 -3.38564646e-05 
 7.82514000e-02  2.50099996e+00  3.73471544e+00  2.40498907e+00  2.40509701e+00 -3.38571052e-05 
 7.82564000e-02  2.50099919e+00  3.73472657e+00  2.40500977e+00  2.40502924e+00 -3.38570658e-05 
 7.82614000e-02  2.50099744e+00  3.73483195e+00  2.40512461e+00  2.40505559e+00 -3.38563464e-05 
 7.82664000e-02  2.50099470e+00  3.73503146e+00  2.40533349e+00  2.40517605e+00 -3.38549478e-05 
 7.82714000e-02  2.50099097e+00  3.73532493e+00  2.40563619e+00  2.40539048e+00 -3.38528714e-05 
 7.82764000e-02  2.50098627e+00  3.73571203e+00  2.40603240e+00  2.40569869e+00 -3.38501193e-05 
 7.82814000e-02  2.50098060e+00  3.73619240e+00  2.40652174e+00  2.40610034e+00 -3.38466942e-05 
 7.82864000e-02  2.50097396e+00  3.73676554e+00  2.40710370e+00  2.40659505e+00 -3.38425997e-05 
 7.82914000e-02  2.50096636e+00  3.73743088e+00  2.40777771e+00  2.40718231e+00 -3.38378398e-05 
 7.82964000e-02  2.50095780e+00  3.73818775e+00  2.40854309e+00  2.40786154e+00 -3.38324194e-05 
 7.83014000e-02  2.50094830e+00  3.73903539e+00  2.40939906e+00  2.40863205e+00 -3.38263439e-05 
 7.83064000e-02  2.50093786e+00  3.73997296e+00  2.41034478e+00  2.40949307e+00 -3.38196195e-05 
 7.83114000e-02  2.50092650e+00  3.74099950e+00  2.41137928e+00  2.41044374e+00 -3.38122530e-05 
 7.83164000e-02  2.50091423e+00  3.74211399e+00  2.41250154e+00  2.41148309e+00 -3.38042517e-05 
 7.83214000e-02  2.50090105e+00  3.74331531e+00  2.41371042e+00  2.41261010e+00 -3.37956238e-05 
 7.83264000e-02  2.50088698e+00  3.74460225e+00  2.41500472e+00  2.41382362e+00 -3.37863780e-05 
 7.83314000e-02  2.50087204e+00  3.74597353e+00  2.41638313e+00  2.41512244e+00 -3.37765235e-05 
 7.83364000e-02  2.50085623e+00  3.74742777e+00  2.41784427e+00  2.41650526e+00 -3.37660704e-05 
 7.83414000e-02  2.50083958e+00  3.74896350e+00  2.41938667e+00  2.41797068e+00 -3.37550291e-05 
 7.83464000e-02  2.50082210e+00  3.75057919e+00  2.42100880e+00  2.41951725e+00 -3.37434108e-05 
 7.83514000e-02  2.50080382e+00  3.75227322e+00  2.42270902e+00  2.42114340e+00 -3.37312271e-05 
 7.83564000e-02  2.50078473e+00  3.75404389e+00  2.42448563e+00  2.42284751e+00 -3.37184904e-05 
 7.83614000e-02  2.50076488e+00  3.75588943e+00  2.42633684e+00  2.42462788e+00 -3.37052134e-05 
 7.83664000e-02  2.50074426e+00  3.75780799e+00  2.42826082e+00  2.42648271e+00 -3.36914096e-05 
 7.83714000e-02  2.50072292e+00  3.75979764e+00  2.43025562e+00  2.42841014e+00 -3.36770927e-05 
 7.83764000e-02  2.50070086e+00  3.76185640e+00  2.43231925e+00  2.43040826e+00 -3.36622772e-05 
 7.83814000e-02  2.50067811e+00  3.76398220e+00  2.43444964e+00  2.43247505e+00 -3.36469781e-05 
 7.83864000e-02  2.50065469e+00  3.76617292e+00  2.43664467e+00  2.43460846e+00 -3.36312105e-05 
 7.83914000e-02  2.50063062e+00  3.76842636e+00  2.43890214e+00  2.43680634e+00 -3.36149905e-05 
 7.83964000e-02  2.50060593e+00  3.77074027e+00  2.44121979e+00  2.43906649e+00 -3.35983342e-05 
 7.84014000e-02  2.50058065e+00  3.77311235e+00  2.44359530e+00  2.44138667e+00 -3.35812583e-05 
 7.84064000e-02  2.50055479e+00  3.77554021e+00  2.44602630e+00  2.44376453e+00 -3.35637801e-05 
 7.84114000e-02  2.50052838e+00  3.77802143e+00  2.44851036e+00  2.44619773e+00 -3.35459170e-05 
 7.84164000e-02  2.50050145e+00  3.78055354e+00  2.45104501e+00  2.44868381e+00 -3.35276869e-05 
 7.84214000e-02  2.50047403e+00  3.78313401e+00  2.45362770e+00  2.45122030e+00 -3.35091080e-05 
 7.84264000e-02  2.50044614e+00  3.78576026e+00  2.45625587e+00  2.45380467e+00 -3.34901990e-05 
 7.84314000e-02  2.50041780e+00  3.78842967e+00  2.45892690e+00  2.45643433e+00 -3.34709787e-05 
 7.84364000e-02  2.50038906e+00  3.79113959e+00  2.46163812e+00  2.45910668e+00 -3.34514664e-05 
 7.84414000e-02  2.50035993e+00  3.79388732e+00  2.46438683e+00  2.46181904e+00 -3.34316815e-05 
 7.84464000e-02  2.50033045e+00  3.79667011e+00  2.46717030e+00  2.46456871e+00 -3.34116438e-05 
 7.84514000e-02  2.50030064e+00  3.79948520e+00  2.46998575e+00  2.46735296e+00 -3.33913733e-05 
 7.84564000e-02  2.50027053e+00  3.80232980e+00  2.47283039e+00  2.47016901e+00 -3.33708902e-05 
 7.84614000e-02  2.50024016e+00  3.80520106e+00  2.47570138e+00  2.47301406e+00 -3.33502149e-05 
 7.84664000e-02  2.50020955e+00  3.80809614e+00  2.47859587e+00  2.47588528e+00 -3.33293679e-05 
 7.84714000e-02  2.50017873e+00  3.81101216e+00  2.48151099e+00  2.47877983e+00 -3.33083701e-05 
 7.84764000e-02  2.50014774e+00  3.81394623e+00  2.48444384e+00  2.48169482e+00 -3.32872423e-05 
 7.84814000e-02  2.50011660e+00  3.81689543e+00  2.48739153e+00  2.48462737e+00 -3.32660054e-05 
 7.84864000e-02  2.50008535e+00  3.81985685e+00  2.49035111e+00  2.48757455e+00 -3.32446806e-05 
 7.84914000e-02  2.50005401e+00  3.82282755e+00  2.49331967e+00  2.49053347e+00 -3.32232889e-05 
 7.84964000e-02  2.50002262e+00  3.82580459e+00  2.49629426e+00  2.49350117e+00 -3.32018516e-05 
 7.85014000e-02  2.49999120e+00  3.82878502e+00  2.49927193e+00  2.49647473e+00 -3.31803900e-05 
 7.85064000e-02  2.49995980e+00  3.83176589e+00  2.50224976e+00  2.49945120e+00 -3.31589252e-05 
 7.85114000e-02  2.49992843e+00  3.83474427e+00  2.50522478e+00  2.50242764e+00 -3.31374784e-05 
 7.85164000e-02  2.49989714e+00  3.83771720e+00  2.50819407e+00  2.50540110e+00 -3.31160709e-05 
 7.85214000e-02  2.49986594e+00  3.84068176e+00  2.51115469e+00  2.50836866e+00 -3.30947237e-05 
 7.85264000e-02  2.49983488e+00  3.84363502e+00  2.51410373e+00  2.51132738e+00 -3.30734580e-05 
 7.85314000e-02  2.49980399e+00  3.84657407e+00  2.51703828e+00  2.51427434e+00 -3.30522945e-05 
 7.85364000e-02  2.49977328e+00  3.84949602e+00  2.51995545e+00  2.51720665e+00 -3.30312543e-05 
 7.85414000e-02  2.49974280e+00  3.85239799e+00  2.52285236e+00  2.52012141e+00 -3.30103579e-05 
 7.85464000e-02  2.49971257e+00  3.85527713e+00  2.52572618e+00  2.52301576e+00 -3.29896258e-05 
 7.85514000e-02  2.49968263e+00  3.85813061e+00  2.52857408e+00  2.52588685e+00 -3.29690785e-05 
 7.85564000e-02  2.49965300e+00  3.86095564e+00  2.53139325e+00  2.52873186e+00 -3.29487360e-05 
 7.85614000e-02  2.49962371e+00  3.86374942e+00  2.53418095e+00  2.53154800e+00 -3.29286183e-05 
 7.85664000e-02  2.49959479e+00  3.86650924e+00  2.53693443e+00  2.53433251e+00 -3.29087450e-05 
 7.85714000e-02  2.49956628e+00  3.86923239e+00  2.53965099e+00  2.53708265e+00 -3.28891356e-05 
 7.85764000e-02  2.49953819e+00  3.87191619e+00  2.54232798e+00  2.53979573e+00 -3.28698092e-05 
 7.85814000e-02  2.49951056e+00  3.87455803e+00  2.54496278e+00  2.54246910e+00 -3.28507848e-05 
 7.85864000e-02  2.49948341e+00  3.87715532e+00  2.54755282e+00  2.54510014e+00 -3.28320807e-05 
 7.85914000e-02  2.49945677e+00  3.87970554e+00  2.55009557e+00  2.54768629e+00 -3.28137153e-05 
 7.85964000e-02  2.49943066e+00  3.88220618e+00  2.55258854e+00  2.55022501e+00 -3.27957063e-05 
 7.86014000e-02  2.49940512e+00  3.88465481e+00  2.55502930e+00  2.55271384e+00 -3.27780714e-05 
 7.86064000e-02  2.49938017e+00  3.88704905e+00  2.55741548e+00  2.55515033e+00 -3.27608276e-05 
 7.86114000e-02  2.49935582e+00  3.88938657e+00  2.55974476e+00  2.55753213e+00 -3.27439916e-05 
 7.86164000e-02  2.49933212e+00  3.89166508e+00  2.56201486e+00  2.55985690e+00 -3.27275797e-05 
 7.86214000e-02  2.49930907e+00  3.89388239e+00  2.56422358e+00  2.56212240e+00 -3.27116079e-05 
 7.86264000e-02  2.49928670e+00  3.89603632e+00  2.56636879e+00  2.56432642e+00 -3.26960916e-05 
 7.86314000e-02  2.49926504e+00  3.89812480e+00  2.56844838e+00  2.56646681e+00 -3.26810458e-05 
 7.86364000e-02  2.49924410e+00  3.90014579e+00  2.57046035e+00  2.56854150e+00 -3.26664850e-05 
 7.86414000e-02  2.49922391e+00  3.90209734e+00  2.57240275e+00  2.57054848e+00 -3.26524232e-05 
 7.86464000e-02  2.49920448e+00  3.90397756e+00  2.57427370e+00  2.57248581e+00 -3.26388741e-05 
 7.86514000e-02  2.49918584e+00  3.90578462e+00  2.57607138e+00  2.57435159e+00 -3.26258506e-05 
 7.86564000e-02  2.49916801e+00  3.90751678e+00  2.57779406e+00  2.57614404e+00 -3.26133653e-05 
 7.86614000e-02  2.49915099e+00  3.90917237e+00  2.57944006e+00  2.57786142e+00 -3.26014302e-05 
 7.86664000e-02  2.49913481e+00  3.91074978e+00  2.58100781e+00  2.57950205e+00 -3.25900568e-05 
 7.86714000e-02  2.49911949e+00  3.91224749e+00  2.58249578e+00  2.58106437e+00 -3.25792559e-05 
 7.86764000e-02  2.49910503e+00  3.91366405e+00  2.58390254e+00  2.58254687e+00 -3.25690381e-05 
 7.86814000e-02  2.49909146e+00  3.91499811e+00  2.58522674e+00  2.58394810e+00 -3.25594129e-05 
 7.86864000e-02  2.49907879e+00  3.91624836e+00  2.58646709e+00  2.58526672e+00 -3.25503898e-05 
 7.86914000e-02  2.49906702e+00  3.91741362e+00  2.58762241e+00  2.58650146e+00 -3.25419772e-05 
 7.86964000e-02  2.49905618e+00  3.91849274e+00  2.58869157e+00  2.58765113e+00 -3.25341834e-05 
 7.87014000e-02  2.49904626e+00  3.91948471e+00  2.58967355e+00  2.58871462e+00 -3.25270156e-05 
 7.87064000e-02  2.49903729e+00  3.92038855e+00  2.59056741e+00  2.58969091e+00 -3.25204809e-05 
 7.87114000e-02  2.49902927e+00  3.92120341e+00  2.59137228e+00  2.59057906e+00 -3.25145854e-05 
 7.87164000e-02  2.49902220e+00  3.92192849e+00  2.59208739e+00  2.59137821e+00 -3.25093347e-05 
 7.87214000e-02  2.49901610e+00  3.92256310e+00  2.59271205e+00  2.59208759e+00 -3.25047340e-05 
 7.87264000e-02  2.49901097e+00  3.92310663e+00  2.59324567e+00  2.59270653e+00 -3.25007875e-05 
 7.87314000e-02  2.49900682e+00  3.92355856e+00  2.59368772e+00  2.59323442e+00 -3.24974991e-05 
 7.87364000e-02  2.49900365e+00  3.92391846e+00  2.59403779e+00  2.59367076e+00 -3.24948718e-05 
 7.87414000e-02  2.49900146e+00  3.92418596e+00  2.59429554e+00  2.59401514e+00 -3.24929083e-05 
 7.87464000e-02  2.49900026e+00  3.92436083e+00  2.59446072e+00  2.59426722e+00 -3.24916103e-05 
 7.87514000e-02  2.49900004e+00  3.92444289e+00  2.59453317e+00  2.59442675e+00 -3.24909792e-05 
 7.87564000e-02  2.49900081e+00  3.92443207e+00  2.59451282e+00  2.59449359e+00 -3.24910154e-05 
 7.87614000e-02  2.49900256e+00  3.92432836e+00  2.59439970e+00  2.59446767e+00 -3.24917191e-05 
 7.87664000e-02  2.49900530e+00  3.92413188e+00  2.59419390e+00  2.59434901e+00 -3.24930895e-05 
 7.87714000e-02  2.49900903e+00  3.92384281e+00  2.59389564e+00  2.59413773e+00 -3.24951253e-05 
 7.87764000e-02  2.49901373e+00  3.92346142e+00  2.59350519e+00  2.59383404e+00 -3.24978246e-05 
 7.87814000e-02  2.49901940e+00  3.92298810e+00  2.59302293e+00  2.59343822e+00 -3.25011848e-05 
 7.87864000e-02  2.49902604e+00  3.92242328e+00  2.59244932e+00  2.59295066e+00 -3.25052028e-05 
 7.87914000e-02  2.49903364e+00  3.92176751e+00  2.59178492e+00  2.59237181e+00 -3.25098746e-05 
 7.87964000e-02  2.49904220e+00  3.92102142e+00  2.59103037e+00  2.59170225e+00 -3.25151958e-05 
 7.88014000e-02  2.49905170e+00  3.92018573e+00  2.59018638e+00  2.59094261e+00 -3.25211614e-05 
 7.88064000e-02  2.49906214e+00  3.91926125e+00  2.58925377e+00  2.59009363e+00 -3.25277656e-05 
 7.88114000e-02  2.49907350e+00  3.91824886e+00  2.58823344e+00  2.58915611e+00 -3.25350021e-05 
 7.88164000e-02  2.49908577e+00  3.91714953e+00  2.58712637e+00  2.58813097e+00 -3.25428641e-05 
 7.88214000e-02  2.49909895e+00  3.91596433e+00  2.58593363e+00  2.58701918e+00 -3.25513440e-05 
 7.88264000e-02  2.49911302e+00  3.91469439e+00  2.58465636e+00  2.58582183e+00 -3.25604337e-05 
 7.88314000e-02  2.49912796e+00  3.91334095e+00  2.58329580e+00  2.58454006e+00 -3.25701245e-05 
 7.88364000e-02  2.49914377e+00  3.91190530e+00  2.58185326e+00  2.58317511e+00 -3.25804071e-05 
 7.88414000e-02  2.49916042e+00  3.91038883e+00  2.58033013e+00  2.58172829e+00 -3.25912716e-05 
 7.88464000e-02  2.49917790e+00  3.90879300e+00  2.57872787e+00  2.58020100e+00 -3.26027076e-05 
 7.88514000e-02  2.49919618e+00  3.90711936e+00  2.57704805e+00  2.57859472e+00 -3.26147042e-05 
 7.88564000e-02  2.49921527e+00  3.90536952e+00  2.57529228e+00  2.57691100e+00 -3.26272498e-05 
 7.88614000e-02  2.49923512e+00  3.90354518e+00  2.57346225e+00  2.57515146e+00 -3.26403324e-05 
 7.88664000e-02  2.49925574e+00  3.90164809e+00  2.57155975e+00  2.57331781e+00 -3.26539393e-05 
 7.88714000e-02  2.49927708e+00  3.89968010e+00  2.56958661e+00  2.57141182e+00 -3.26680575e-05 
 7.88764000e-02  2.49929914e+00  3.89764311e+00  2.56754474e+00  2.56943533e+00 -3.26826734e-05 
 7.88814000e-02  2.49932189e+00  3.89553910e+00  2.56543613e+00  2.56739026e+00 -3.26977728e-05 
 7.88864000e-02  2.49934531e+00  3.89337011e+00  2.56326281e+00  2.56527860e+00 -3.27133411e-05 
 7.88914000e-02  2.49936938e+00  3.89113824e+00  2.56102691e+00  2.56310239e+00 -3.27293634e-05 
 7.88964000e-02  2.49939407e+00  3.88884567e+00  2.55873058e+00  2.56086375e+00 -3.27458241e-05 
 7.89014000e-02  2.49941935e+00  3.88649462e+00  2.55637607e+00  2.55856485e+00 -3.27627073e-05 
 7.89064000e-02  2.49944521e+00  3.88408737e+00  2.55396567e+00  2.55620792e+00 -3.27799966e-05 
 7.89114000e-02  2.49947162e+00  3.88162628e+00  2.55150172e+00  2.55379526e+00 -3.27976753e-05 
 7.89164000e-02  2.49949855e+00  3.87911374e+00  2.54898662e+00  2.55132923e+00 -3.28157261e-05 
 7.89214000e-02  2.49952597e+00  3.87655221e+00  2.54642283e+00  2.54881221e+00 -3.28341316e-05 
 7.89264000e-02  2.49955386e+00  3.87394417e+00  2.54381285e+00  2.54624668e+00 -3.28528738e-05 
 7.89314000e-02  2.49958220e+00  3.87129219e+00  2.54115923e+00  2.54363512e+00 -3.28719344e-05 
 7.89364000e-02  2.49961094e+00  3.86859885e+00  2.53846456e+00  2.54098010e+00 -3.28912949e-05 
 7.89414000e-02  2.49964007e+00  3.86586678e+00  2.53573148e+00  2.53828421e+00 -3.29109365e-05 
 7.89464000e-02  2.49966955e+00  3.86309866e+00  2.53296266e+00  2.53555009e+00 -3.29308398e-05 
 7.89514000e-02  2.49969936e+00  3.86029721e+00  2.53016083e+00  2.53278041e+00 -3.29509855e-05 
 7.89564000e-02  2.49972947e+00  3.85746517e+00  2.52732871e+00  2.52997788e+00 -3.29713538e-05 
 7.89614000e-02  2.49975984e+00  3.85460532e+00  2.52446910e+00  2.52714526e+00 -3.29919248e-05 
 7.89664000e-02  2.49979045e+00  3.85172047e+00  2.52158481e+00  2.52428533e+00 -3.30126783e-05 
 7.89714000e-02  2.49982127e+00  3.84881345e+00  2.51867866e+00  2.52140089e+00 -3.30335939e-05 
 7.89764000e-02  2.49985226e+00  3.84588712e+00  2.51575352e+00  2.51849478e+00 -3.30546511e-05 
 7.89814000e-02  2.49988340e+00  3.84294436e+00  2.51281226e+00  2.51556985e+00 -3.30758291e-05 
 7.89864000e-02  2.49991465e+00  3.83998808e+00  2.50985778e+00  2.51262900e+00 -3.30971072e-05 
 7.89914000e-02  2.49994599e+00  3.83702118e+00  2.50689300e+00  2.50967510e+00 -3.31184644e-05 
 7.89964000e-02  2.49997738e+00  3.83404659e+00  2.50392083e+00  2.50671108e+00 -3.31398795e-05 
 7.90014000e-02  2.50000880e+00  3.83106725e+00  2.50094422e+00  2.50373986e+00 -3.31613315e-05 
 7.90064000e-02  2.50004020e+00  3.82808610e+00  2.49796610e+00  2.50076438e+00 -3.31827992e-05 
 7.90114000e-02  2.50007157e+00  3.82510609e+00  2.49498942e+00  2.49778756e+00 -3.32042613e-05 
 7.90164000e-02  2.50010286e+00  3.82213016e+00  2.49201712e+00  2.49481236e+00 -3.32256966e-05 
 7.90214000e-02  2.50013406e+00  3.81916127e+00  2.48905214e+00  2.49184171e+00 -3.32470839e-05 
 7.90264000e-02  2.50016512e+00  3.81620234e+00  2.48609742e+00  2.48887856e+00 -3.32684020e-05 
 7.90314000e-02  2.50019601e+00  3.81325632e+00  2.48315589e+00  2.48592585e+00 -3.32896297e-05 
 7.90364000e-02  2.50022672e+00  3.81032612e+00  2.48023046e+00  2.48298649e+00 -3.33107459e-05 
 7.90414000e-02  2.50025720e+00  3.80741466e+00  2.47732404e+00  2.48006340e+00 -3.33317297e-05 
 7.90464000e-02  2.50028743e+00  3.80452481e+00  2.47443951e+00  2.47715949e+00 -3.33525602e-05 
 7.90514000e-02  2.50031737e+00  3.80165946e+00  2.47157974e+00  2.47427764e+00 -3.33732167e-05 
 7.90564000e-02  2.50034700e+00  3.79882145e+00  2.46874757e+00  2.47142071e+00 -3.33936785e-05 
 7.90614000e-02  2.50037629e+00  3.79601360e+00  2.46594582e+00  2.46859153e+00 -3.34139254e-05 
 7.90664000e-02  2.50040521e+00  3.79323871e+00  2.46317727e+00  2.46579293e+00 -3.34339371e-05 
 7.90714000e-02  2.50043372e+00  3.79049954e+00  2.46044468e+00  2.46302768e+00 -3.34536937e-05 
 7.90764000e-02  2.50046181e+00  3.78779882e+00  2.45775078e+00  2.46029855e+00 -3.34731754e-05 
 7.90814000e-02  2.50048944e+00  3.78513924e+00  2.45509824e+00  2.45760825e+00 -3.34923628e-05 
 7.90864000e-02  2.50051659e+00  3.78252344e+00  2.45248972e+00  2.45495945e+00 -3.35112367e-05 
 7.90914000e-02  2.50054323e+00  3.77995405e+00  2.44992781e+00  2.45235481e+00 -3.35297782e-05 
 7.90964000e-02  2.50056934e+00  3.77743362e+00  2.44741507e+00  2.44979691e+00 -3.35479687e-05 
 7.91014000e-02  2.50059488e+00  3.77496466e+00  2.44495400e+00  2.44728832e+00 -3.35657901e-05 
 7.91064000e-02  2.50061983e+00  3.77254965e+00  2.44254708e+00  2.44483153e+00 -3.35832245e-05 
 7.91114000e-02  2.50064418e+00  3.77019100e+00  2.44019669e+00  2.44242900e+00 -3.36002543e-05 
 7.91164000e-02  2.50066788e+00  3.76789106e+00  2.43790519e+00  2.44008313e+00 -3.36168626e-05 
 7.91214000e-02  2.50069093e+00  3.76565214e+00  2.43567488e+00  2.43779626e+00 -3.36330327e-05 
 7.91264000e-02  2.50071330e+00  3.76347647e+00  2.43350797e+00  2.43557068e+00 -3.36487483e-05 
 7.91314000e-02  2.50073496e+00  3.76136623e+00  2.43140665e+00  2.43340862e+00 -3.36639937e-05 
 7.91364000e-02  2.50075590e+00  3.75932352e+00  2.42937300e+00  2.43131223e+00 -3.36787535e-05 
 7.91414000e-02  2.50077609e+00  3.75735041e+00  2.42740907e+00  2.42928362e+00 -3.36930130e-05 
 7.91464000e-02  2.50079552e+00  3.75544885e+00  2.42551683e+00  2.42732482e+00 -3.37067577e-05 
 7.91514000e-02  2.50081416e+00  3.75362076e+00  2.42369817e+00  2.42543779e+00 -3.37199738e-05 
 7.91564000e-02  2.50083199e+00  3.75186797e+00  2.42195491e+00  2.42362442e+00 -3.37326481e-05 
 7.91614000e-02  2.50084901e+00  3.75019223e+00  2.42028879e+00  2.42188652e+00 -3.37447678e-05 
 7.91664000e-02  2.50086519e+00  3.74859523e+00  2.41870150e+00  2.42022585e+00 -3.37563208e-05 
 7.91714000e-02  2.50088051e+00  3.74707856e+00  2.41719462e+00  2.41864405e+00 -3.37672953e-05 
 7.91764000e-02  2.50089497e+00  3.74564374e+00  2.41576965e+00  2.41714272e+00 -3.37776803e-05 
 7.91814000e-02  2.50090854e+00  3.74429222e+00  2.41442804e+00  2.41572336e+00 -3.37874653e-05 
 7.91864000e-02  2.50092121e+00  3.74302535e+00  2.41317113e+00  2.41438741e+00 -3.37966406e-05 
 7.91914000e-02  2.50093298e+00  3.74184440e+00  2.41200017e+00  2.41313618e+00 -3.38051968e-05 
 7.91964000e-02  2.50094382e+00  3.74075055e+00  2.41091634e+00  2.41197095e+00 -3.38131253e-05 
 7.92014000e-02  2.50095374e+00  3.73974491e+00  2.40992073e+00  2.41089289e+00 -3.38204182e-05 
 7.92064000e-02  2.50096271e+00  3.73882848e+00  2.40901434e+00  2.40990306e+00 -3.38270680e-05 
 7.92114000e-02  2.50097073e+00  3.73800218e+00  2.40819809e+00  2.40900247e+00 -3.38330681e-05 
 7.92164000e-02  2.50097780e+00  3.73726684e+00  2.40747278e+00  2.40819203e+00 -3.38384124e-05 
 7.92214000e-02  2.50098390e+00  3.73662320e+00  2.40683914e+00  2.40747254e+00 -3.38430956e-05 
 7.92264000e-02  2.50098903e+00  3.73607191e+00  2.40629782e+00  2.40684472e+00 -3.38471129e-05 
 7.92314000e-02  2.50099318e+00  3.73561352e+00  2.40584936e+00  2.40630921e+00 -3.38504602e-05 
 7.92364000e-02  2.50099635e+00  3.73524849e+00  2.40549420e+00  2.40586655e+00 -3.38531342e-05 
 7.92414000e-02  2.50099854e+00  3.73497718e+00  2.40523271e+00  2.40551718e+00 -3.38551322e-05 
 7.92464000e-02  2.50099974e+00  3.73479988e+00  2.40506514e+00  2.40526145e+00 -3.38564522e-05 
 7.92514000e-02  2.50099996e+00  3.73471674e+00  2.40499167e+00  2.40509962e+00 -3.38570928e-05 
 7.92564000e-02  2.50099919e+00  3.73472787e+00  2.40501237e+00  2.40503184e+00 -3.38570534e-05 
 7.92614000e-02  2.50099744e+00  3.73483325e+00  2.40512721e+00  2.40505819e+00 -3.38563340e-05 
 7.92664000e-02  2.50099470e+00  3.73503277e+00  2.40533609e+00  2.40517865e+00 -3.38549354e-05 
 7.92714000e-02  2.50099097e+00  3.73532623e+00  2.40563879e+00  2.40539309e+00 -3.38528590e-05 
 7.92764000e-02  2.50098627e+00  3.73571334e+00  2.40603500e+00  2.40570129e+00 -3.38501069e-05 
 7.92814000e-02  2.50098060e+00  3.73619370e+00  2.40652434e+00  2.40610294e+00 -3.38466818e-05 
 7.92864000e-02  2.50097396e+00  3.73676684e+00  2.40710630e+00  2.40659765e+00 -3.38425873e-05 
 7.92914000e-02  2.50096636e+00  3.73743218e+00  2.40778031e+00  2.40718491e+00 -3.38378274e-05 
 7.92964000e-02  2.50095780e+00  3.73818906e+00  2.40854569e+00  2.40786414e+00 -3.38324070e-05 
 7.93014000e-02  2.50094830e+00  3.73903670e+00  2.40940166e+00  2.40863465e+00 -3.38263315e-05 
 7.93064000e-02  2.50093786e+00  3.73997426e+00  2.41034738e+00  2.40949567e+00 -3.38196071e-05 
 7.93114000e-02  2.50092650e+00  3.74100080e+00  2.41138188e+00  2.41044634e+00 -3.38122406e-05 
 7.93164000e-02  2.50091423e+00  3.74211529e+00  2.41250414e+00  2.41148569e+00 -3.38042393e-05 
 7.93214000e-02  2.50090105e+00  3.74331661e+00  2.41371302e+00  2.41261270e+00 -3.37956114e-05 
 7.93264000e-02  2.50088698e+00  3.74460356e+00  2.41500731e+00  2.41382622e+00 -3.37863656e-05 
 7.93314000e-02  2.50087204e+00  3.74597484e+00  2.41638572e+00  2.41512504e+00 -3.37765111e-05 
 7.93364000e-02  2.50085623e+00  3.74742907e+00  2.41784686e+00  2.41650785e+00 -3.37660580e-05 
 7.93414000e-02  2.50083958e+00  3.74896480e+00  2.41938927e+00  2.41797328e+00 -3.37550167e-05 
 7.93464000e-02  2.50082210e+00  3.75058050e+00  2.42101140e+00  2.41951984e+00 -3.37433983e-05 
 7.93514000e-02  2.50080382e+00  3.75227453e+00  2.42271161e+00  2.42114600e+00 -3.37312147e-05 
 7.93564000e-02  2.50078473e+00  3.75404520e+00  2.42448822e+00  2.42285011e+00 -3.37184780e-05 
 7.93614000e-02  2.50076488e+00  3.75589074e+00  2.42633944e+00  2.42463047e+00 -3.37052010e-05 
 7.93664000e-02  2.50074426e+00  3.75780929e+00  2.42826341e+00  2.42648530e+00 -3.36913972e-05 
 7.93714000e-02  2.50072292e+00  3.75979895e+00  2.43025821e+00  2.42841274e+00 -3.36770803e-05 
 7.93764000e-02  2.50070086e+00  3.76185771e+00  2.43232184e+00  2.43041085e+00 -3.36622648e-05 
 7.93814000e-02  2.50067811e+00  3.76398351e+00  2.43445224e+00  2.43247765e+00 -3.36469657e-05 
 7.93864000e-02  2.50065469e+00  3.76617422e+00  2.43664726e+00  2.43461105e+00 -3.36311981e-05 
 7.93914000e-02  2.50063062e+00  3.76842766e+00  2.43890473e+00  2.43680893e+00 -3.36149781e-05 
 7.93964000e-02  2.50060593e+00  3.77074158e+00  2.44122238e+00  2.43906909e+00 -3.35983218e-05 
 7.94014000e-02  2.50058065e+00  3.77311365e+00  2.44359789e+00  2.44138926e+00 -3.35812460e-05 
 7.94064000e-02  2.50055479e+00  3.77554151e+00  2.44602889e+00  2.44376713e+00 -3.35637677e-05 
 7.94114000e-02  2.50052838e+00  3.77802273e+00  2.44851295e+00  2.44620032e+00 -3.35459046e-05 
 7.94164000e-02  2.50050145e+00  3.78055484e+00  2.45104760e+00  2.44868640e+00 -3.35276745e-05 
 7.94214000e-02  2.50047403e+00  3.78313531e+00  2.45363029e+00  2.45122289e+00 -3.35090956e-05 
 7.94264000e-02  2.50044614e+00  3.78576156e+00  2.45625846e+00  2.45380726e+00 -3.34901866e-05 
 7.94314000e-02  2.50041780e+00  3.78843097e+00  2.45892949e+00  2.45643692e+00 -3.34709663e-05 
 7.94364000e-02  2.50038906e+00  3.79114090e+00  2.46164071e+00  2.45910927e+00 -3.34514540e-05 
 7.94414000e-02  2.50035993e+00  3.79388862e+00  2.46438942e+00  2.46182163e+00 -3.34316691e-05 
 7.94464000e-02  2.50033045e+00  3.79667141e+00  2.46717289e+00  2.46457130e+00 -3.34116314e-05 
 7.94514000e-02  2.50030064e+00  3.79948651e+00  2.46998834e+00  2.46735555e+00 -3.33913609e-05 
 7.94564000e-02  2.50027053e+00  3.80233110e+00  2.47283297e+00  2.47017159e+00 -3.33708778e-05 
 7.94614000e-02  2.50024016e+00  3.80520236e+00  2.47570396e+00  2.47301664e+00 -3.33502025e-05 
 7.94664000e-02  2.50020955e+00  3.80809744e+00  2.47859845e+00  2.47588787e+00 -3.33293556e-05 
 7.94714000e-02  2.50017873e+00  3.81101346e+00  2.48151357e+00  2.47878241e+00 -3.33083578e-05 
 7.94764000e-02  2.50014774e+00  3.81394753e+00  2.48444643e+00  2.48169740e+00 -3.32872299e-05 
 7.94814000e-02  2.50011660e+00  3.81689673e+00  2.48739411e+00  2.48462995e+00 -3.32659930e-05 
 7.94864000e-02  2.50008535e+00  3.81985815e+00  2.49035369e+00  2.48757714e+00 -3.32446682e-05 
 7.94914000e-02  2.50005401e+00  3.82282885e+00  2.49332225e+00  2.49053605e+00 -3.32232766e-05 
 7.94964000e-02  2.50002262e+00  3.82580589e+00  2.49629684e+00  2.49350375e+00 -3.32018393e-05 
 7.95014000e-02  2.49999120e+00  3.82878631e+00  2.49927452e+00  2.49647731e+00 -3.31803777e-05 
 7.95064000e-02  2.49995980e+00  3.83176719e+00  2.50225234e+00  2.49945378e+00 -3.31589129e-05 
 7.95114000e-02  2.49992843e+00  3.83474556e+00  2.50522736e+00  2.50243022e+00 -3.31374661e-05 
 7.95164000e-02  2.49989714e+00  3.83771850e+00  2.50819665e+00  2.50540368e+00 -3.31160586e-05 
 7.95214000e-02  2.49986594e+00  3.84068306e+00  2.51115727e+00  2.50837124e+00 -3.30947114e-05 
 7.95264000e-02  2.49983488e+00  3.84363632e+00  2.51410631e+00  2.51132996e+00 -3.30734457e-05 
 7.95314000e-02  2.49980399e+00  3.84657537e+00  2.51704086e+00  2.51427692e+00 -3.30522822e-05 
 7.95364000e-02  2.49977328e+00  3.84949732e+00  2.51995803e+00  2.51720923e+00 -3.30312420e-05 
 7.95414000e-02  2.49974280e+00  3.85239929e+00  2.52285494e+00  2.52012399e+00 -3.30103455e-05 
 7.95464000e-02  2.49971257e+00  3.85527843e+00  2.52572876e+00  2.52301834e+00 -3.29896135e-05 
 7.95514000e-02  2.49968263e+00  3.85813191e+00  2.52857665e+00  2.52588943e+00 -3.29690662e-05 
 7.95564000e-02  2.49965300e+00  3.86095693e+00  2.53139583e+00  2.52873444e+00 -3.29487237e-05 
 7.95614000e-02  2.49962371e+00  3.86375072e+00  2.53418352e+00  2.53155058e+00 -3.29286060e-05 
 7.95664000e-02  2.49959479e+00  3.86651054e+00  2.53693700e+00  2.53433508e+00 -3.29087327e-05 
 7.95714000e-02  2.49956628e+00  3.86923368e+00  2.53965356e+00  2.53708522e+00 -3.28891233e-05 
 7.95764000e-02  2.49953819e+00  3.87191748e+00  2.54233056e+00  2.53979830e+00 -3.28697970e-05 
 7.95814000e-02  2.49951056e+00  3.87455932e+00  2.54496536e+00  2.54247167e+00 -3.28507725e-05 
 7.95864000e-02  2.49948341e+00  3.87715662e+00  2.54755539e+00  2.54510272e+00 -3.28320684e-05 
 7.95914000e-02  2.49945677e+00  3.87970683e+00  2.55009814e+00  2.54768886e+00 -3.28137030e-05 
 7.95964000e-02  2.49943066e+00  3.88220747e+00  2.55259111e+00  2.55022758e+00 -3.27956941e-05 
 7.96014000e-02  2.49940512e+00  3.88465610e+00  2.55503187e+00  2.55271641e+00 -3.27780591e-05 
 7.96064000e-02  2.49938017e+00  3.88705034e+00  2.55741805e+00  2.55515290e+00 -3.27608153e-05 
 7.96114000e-02  2.49935582e+00  3.88938786e+00  2.55974733e+00  2.55753470e+00 -3.27439793e-05 
 7.96164000e-02  2.49933212e+00  3.89166638e+00  2.56201743e+00  2.55985948e+00 -3.27275675e-05 
 7.96214000e-02  2.49930907e+00  3.89388368e+00  2.56422615e+00  2.56212497e+00 -3.27115957e-05 
 7.96264000e-02  2.49928670e+00  3.89603761e+00  2.56637135e+00  2.56432899e+00 -3.26960794e-05 
 7.96314000e-02  2.49926504e+00  3.89812609e+00  2.56845095e+00  2.56646938e+00 -3.26810335e-05 
 7.96364000e-02  2.49924410e+00  3.90014708e+00  2.57046292e+00  2.56854407e+00 -3.26664727e-05 
 7.96414000e-02  2.49922391e+00  3.90209863e+00  2.57240532e+00  2.57055105e+00 -3.26524110e-05 
 7.96464000e-02  2.49920448e+00  3.90397885e+00  2.57427627e+00  2.57248837e+00 -3.26388618e-05 
 7.96514000e-02  2.49918584e+00  3.90578591e+00  2.57607395e+00  2.57435416e+00 -3.26258383e-05 
 7.96564000e-02  2.49916801e+00  3.90751807e+00  2.57779662e+00  2.57614661e+00 -3.26133530e-05 
 7.96614000e-02  2.49915099e+00  3.90917366e+00  2.57944263e+00  2.57786398e+00 -3.26014180e-05 
 7.96664000e-02  2.49913481e+00  3.91075107e+00  2.58101037e+00  2.57950462e+00 -3.25900445e-05 
 7.96714000e-02  2.49911949e+00  3.91224878e+00  2.58249835e+00  2.58106694e+00 -3.25792437e-05 
 7.96764000e-02  2.49910503e+00  3.91366534e+00  2.58390511e+00  2.58254943e+00 -3.25690258e-05 
 7.96814000e-02  2.49909146e+00  3.91499940e+00  2.58522930e+00  2.58395066e+00 -3.25594007e-05 
 7.96864000e-02  2.49907879e+00  3.91624965e+00  2.58646966e+00  2.58526929e+00 -3.25503775e-05 
 7.96914000e-02  2.49906702e+00  3.91741491e+00  2.58762497e+00  2.58650403e+00 -3.25419650e-05 
 7.96964000e-02  2.49905618e+00  3.91849403e+00  2.58869413e+00  2.58765370e+00 -3.25341711e-05 
 7.97014000e-02  2.49904626e+00  3.91948600e+00  2.58967611e+00  2.58871719e+00 -3.25270034e-05 
 7.97064000e-02  2.49903729e+00  3.92038984e+00  2.59056997e+00  2.58969348e+00 -3.25204686e-05 
 7.97114000e-02  2.49902927e+00  3.92120470e+00  2.59137484e+00  2.59058162e+00 -3.25145731e-05 
 7.97164000e-02  2.49902220e+00  3.92192978e+00  2.59208995e+00  2.59138077e+00 -3.25093225e-05 
 7.97214000e-02  2.49901610e+00  3.92256439e+00  2.59271461e+00  2.59209015e+00 -3.25047217e-05 
 7.97264000e-02  2.49901097e+00  3.92310792e+00  2.59324823e+00  2.59270909e+00 -3.25007752e-05 
 7.97314000e-02  2.49900682e+00  3.92355985e+00  2.59369028e+00  2.59323698e+00 -3.24974868e-05 
 7.97364000e-02  2.49900365e+00  3.92391975e+00  2.59404035e+00  2.59367333e+00 -3.24948596e-05 
 7.97414000e-02  2.49900146e+00  3.92418725e+00  2.59429810e+00  2.59401770e+00 -3.24928960e-05 
 7.97464000e-02  2.49900026e+00  3.92436212e+00  2.59446328e+00  2.59426978e+00 -3.24915981e-05 
 7.97514000e-02  2.49900004e+00  3.92444418e+00  2.59453573e+00  2.59442931e+00 -3.24909669e-05 
 7.97564000e-02  2.49900081e+00  3.92443336e+00  2.59451538e+00  2.59449615e+00 -3.24910032e-05 
 7.97614000e-02  2.49900256e+00  3.92432965e+00  2.59440226e+00  2.59447023e+00 -3.24917069e-05 
 7.97664000e-02  2.49900530e+00  3.92413317e+00  2.59419647e+00  2.59435157e+00 -3.24930773e-05 
 7.97714000e-02  2.49900903e+00  3.92384410e+00  2.59389820e+00  2.59414029e+00 -3.24951131e-05 
 7.97764000e-02  2.49901373e+00  3.92346272e+00  2.59350775e+00  2.59383660e+00 -3.24978124e-05 
 7.97814000e-02  2.49901940e+00  3.92298939e+00  2.59302549e+00  2.59344078e+00 -3.25011726e-05 
 7.97864000e-02  2.49902604e+00  3.92242457e+00  2.59245188e+00  2.59295322e+00 -3.25051905e-05 
 7.97914000e-02  2.49903364e+00  3.92176880e+00  2.59178748e+00  2.59237437e+00 -3.25098623e-05 
 7.97964000e-02  2.49904220e+00  3.92102271e+00  2.59103293e+00  2.59170481e+00 -3.25151835e-05 
 7.98014000e-02  2.49905170e+00  3.92018702e+00  2.59018894e+00  2.59094517e+00 -3.25211491e-05 
 7.98064000e-02  2.49906214e+00  3.91926254e+00  2.58925633e+00  2.59009619e+00 -3.25277533e-05 
 7.98114000e-02  2.49907350e+00  3.91825015e+00  2.58823600e+00  2.58915867e+00 -3.25349899e-05 
 7.98164000e-02  2.49908577e+00  3.91715082e+00  2.58712893e+00  2.58813353e+00 -3.25428519e-05 
 7.98214000e-02  2.49909895e+00  3.91596562e+00  2.58593619e+00  2.58702174e+00 -3.25513318e-05 
 7.98264000e-02  2.49911302e+00  3.91469569e+00  2.58465892e+00  2.58582439e+00 -3.25604215e-05 
 7.98314000e-02  2.49912796e+00  3.91334224e+00  2.58329836e+00  2.58454262e+00 -3.25701122e-05 
 7.98364000e-02  2.49914377e+00  3.91190659e+00  2.58185582e+00  2.58317767e+00 -3.25803948e-05 
 7.98414000e-02  2.49916042e+00  3.91039012e+00  2.58033269e+00  2.58173085e+00 -3.25912593e-05 
 7.98464000e-02  2.49917790e+00  3.90879430e+00  2.57873043e+00  2.58020356e+00 -3.26026954e-05 
 7.98514000e-02  2.49919618e+00  3.90712066e+00  2.57705061e+00  2.57859728e+00 -3.26146920e-05 
 7.98564000e-02  2.49921527e+00  3.90537082e+00  2.57529484e+00  2.57691356e+00 -3.26272376e-05 
 7.98614000e-02  2.49923512e+00  3.90354647e+00  2.57346481e+00  2.57515402e+00 -3.26403201e-05 
 7.98664000e-02  2.49925574e+00  3.90164939e+00  2.57156231e+00  2.57332037e+00 -3.26539271e-05 
 7.98714000e-02  2.49927708e+00  3.89968140e+00  2.56958917e+00  2.57141438e+00 -3.26680452e-05 
 7.98764000e-02  2.49929914e+00  3.89764441e+00  2.56754730e+00  2.56943789e+00 -3.26826611e-05 
 7.98814000e-02  2.49932189e+00  3.89554040e+00  2.56543869e+00  2.56739282e+00 -3.26977605e-05 
 7.98864000e-02  2.49934531e+00  3.89337141e+00  2.56326537e+00  2.56528116e+00 -3.27133288e-05 
 7.98914000e-02  2.49936938e+00  3.89113954e+00  2.56102947e+00  2.56310495e+00 -3.27293511e-05 
 7.98964000e-02  2.49939407e+00  3.88884697e+00  2.55873314e+00  2.56086631e+00 -3.27458118e-05 
 7.99014000e-02  2.49941935e+00  3.88649592e+00  2.55637864e+00  2.55856741e+00 -3.27626950e-05 
 7.99064000e-02  2.49944521e+00  3.88408867e+00  2.55396823e+00  2.55621048e+00 -3.27799843e-05 
 7.99114000e-02  2.49947162e+00  3.88162758e+00  2.55150428e+00  2.55379783e+00 -3.27976630e-05 
 7.99164000e-02  2.49949855e+00  3.87911504e+00  2.54898918e+00  2.55133179e+00 -3.28157138e-05 
 7.99214000e-02  2.49952597e+00  3.87655351e+00  2.54642539e+00  2.54881478e+00 -3.28341193e-05 
 7.99264000e-02  2.49955386e+00  3.87394547e+00  2.54381541e+00  2.54624924e+00 -3.28528614e-05 
 7.99314000e-02  2.49958220e+00  3.87129349e+00  2.54116179e+00  2.54363769e+00 -3.28719221e-05 
 7.99364000e-02  2.49961094e+00  3.86860015e+00  2.53846712e+00  2.54098267e+00 -3.28912826e-05 
 7.99414000e-02  2.49964007e+00  3.86586808e+00  2.53573404e+00  2.53828678e+00 -3.29109242e-05 
 7.99464000e-02  2.49966955e+00  3.86309997e+00  2.53296523e+00  2.53555265e+00 -3.29308275e-05 
 7.99514000e-02  2.49969936e+00  3.86029852e+00  2.53016339e+00  2.53278297e+00 -3.29509732e-05 
 7.99564000e-02  2.49972947e+00  3.85746647e+00  2.52733128e+00  2.52998044e+00 -3.29713415e-05 
 7.99614000e-02  2.49975984e+00  3.85460662e+00  2.52447167e+00  2.52714782e+00 -3.29919125e-05 
 7.99664000e-02  2.49979045e+00  3.85172177e+00  2.52158737e+00  2.52428789e+00 -3.30126659e-05 
 7.99714000e-02  2.49982127e+00  3.84881475e+00  2.51868122e+00  2.52140345e+00 -3.30335815e-05 
 7.99764000e-02  2.49985226e+00  3.84588842e+00  2.51575608e+00  2.51849734e+00 -3.30546387e-05 
 7.99814000e-02  2.49988340e+00  3.84294567e+00  2.51281482e+00  2.51557242e+00 -3.30758168e-05 
 7.99864000e-02  2.49991465e+00  3.83998938e+00  2.50986034e+00  2.51263156e+00 -3.30970949e-05 
 7.99914000e-02  2.49994599e+00  3.83702249e+00  2.50689556e+00  2.50967767e+00 -3.31184520e-05 
 7.99964000e-02  2.49997738e+00  3.83404790e+00  2.50392340e+00  2.50671365e+00 -3.31398672e-05 
 8.00014000e-02  2.50000880e+00  3.83106856e+00  2.50094679e+00  2.50374243e+00 -3.31613192e-05 
 8.00064000e-02  2.50004020e+00  3.82808741e+00  2.49796867e+00  2.50076694e+00 -3.31827868e-05 
 8.00114000e-02  2.50007157e+00  3.82510740e+00  2.49499198e+00  2.49779013e+00 -3.32042489e-05 
 8.00164000e-02  2.50010286e+00  3.82213147e+00  2.49201968e+00  2.49481492e+00 -3.32256842e-05 
 8.00214000e-02  2.50013406e+00  3.81916258e+00  2.48905470e+00  2.49184428e+00 -3.32470715e-05 
 8.00264000e-02  2.50016512e+00  3.81620365e+00  2.48609998e+00  2.48888113e+00 -3.32683896e-05 
 8.00314000e-02  2.50019601e+00  3.81325763e+00  2.48315845e+00  2.48592841e+00 -3.32896173e-05 
 8.00364000e-02  2.50022672e+00  3.81032743e+00  2.48023302e+00  2.48298906e+00 -3.33107335e-05 
 8.00414000e-02  2.50025720e+00  3.80741597e+00  2.47732660e+00  2.48006597e+00 -3.33317173e-05 
 8.00464000e-02  2.50028743e+00  3.80452612e+00  2.47444208e+00  2.47716206e+00 -3.33525478e-05 
 8.00514000e-02  2.50031737e+00  3.80166077e+00  2.47158231e+00  2.47428021e+00 -3.33732043e-05 
 8.00564000e-02  2.50034700e+00  3.79882276e+00  2.46875014e+00  2.47142327e+00 -3.33936661e-05 
 8.00614000e-02  2.50037629e+00  3.79601492e+00  2.46594839e+00  2.46859410e+00 -3.34139130e-05 
 8.00664000e-02  2.50040521e+00  3.79324003e+00  2.46317984e+00  2.46579550e+00 -3.34339247e-05 
 8.00714000e-02  2.50043372e+00  3.79050086e+00  2.46044725e+00  2.46303025e+00 -3.34536813e-05 
 8.00764000e-02  2.50046181e+00  3.78780014e+00  2.45775335e+00  2.46030112e+00 -3.34731630e-05 
 8.00814000e-02  2.50048944e+00  3.78514055e+00  2.45510081e+00  2.45761082e+00 -3.34923504e-05 
 8.00864000e-02  2.50051659e+00  3.78252476e+00  2.45249229e+00  2.45496202e+00 -3.35112243e-05 
 8.00914000e-02  2.50054323e+00  3.77995536e+00  2.44993038e+00  2.45235738e+00 -3.35297657e-05 
 8.00964000e-02  2.50056934e+00  3.77743493e+00  2.44741764e+00  2.44979948e+00 -3.35479563e-05 
 8.01014000e-02  2.50059488e+00  3.77496598e+00  2.44495657e+00  2.44729089e+00 -3.35657777e-05 
 8.01064000e-02  2.50061983e+00  3.77255097e+00  2.44254965e+00  2.44483410e+00 -3.35832120e-05 
 8.01114000e-02  2.50064418e+00  3.77019232e+00  2.44019926e+00  2.44243157e+00 -3.36002419e-05 
 8.01164000e-02  2.50066788e+00  3.76789238e+00  2.43790776e+00  2.44008570e+00 -3.36168502e-05 
 8.01214000e-02  2.50069093e+00  3.76565346e+00  2.43567745e+00  2.43779883e+00 -3.36330203e-05 
 8.01264000e-02  2.50071330e+00  3.76347779e+00  2.43351054e+00  2.43557325e+00 -3.36487359e-05 
 8.01314000e-02  2.50073496e+00  3.76136754e+00  2.43140922e+00  2.43341119e+00 -3.36639813e-05 
 8.01364000e-02  2.50075590e+00  3.75932484e+00  2.42937557e+00  2.43131480e+00 -3.36787411e-05 
 8.01414000e-02  2.50077609e+00  3.75735173e+00  2.42741164e+00  2.42928619e+00 -3.36930005e-05 
 8.01464000e-02  2.50079552e+00  3.75545017e+00  2.42551940e+00  2.42732739e+00 -3.37067452e-05 
 8.01514000e-02  2.50081416e+00  3.75362208e+00  2.42370074e+00  2.42544036e+00 -3.37199614e-05 
 8.01564000e-02  2.50083199e+00  3.75186929e+00  2.42195748e+00  2.42362699e+00 -3.37326357e-05 
 8.01614000e-02  2.50084901e+00  3.75019355e+00  2.42029136e+00  2.42188910e+00 -3.37447554e-05 
 8.01664000e-02  2.50086519e+00  3.74859655e+00  2.41870407e+00  2.42022842e+00 -3.37563083e-05 
 8.01714000e-02  2.50088051e+00  3.74707988e+00  2.41719719e+00  2.41864662e+00 -3.37672828e-05 
 8.01764000e-02  2.50089497e+00  3.74564506e+00  2.41577222e+00  2.41714529e+00 -3.37776678e-05 
 8.01814000e-02  2.50090854e+00  3.74429354e+00  2.41443061e+00  2.41572593e+00 -3.37874529e-05 
 8.01864000e-02  2.50092121e+00  3.74302667e+00  2.41317370e+00  2.41438998e+00 -3.37966281e-05 
 8.01914000e-02  2.50093298e+00  3.74184572e+00  2.41200274e+00  2.41313875e+00 -3.38051843e-05 
 8.01964000e-02  2.50094382e+00  3.74075187e+00  2.41091891e+00  2.41197352e+00 -3.38131128e-05 
 8.02014000e-02  2.50095374e+00  3.73974623e+00  2.40992330e+00  2.41089546e+00 -3.38204057e-05 
 8.02064000e-02  2.50096271e+00  3.73882980e+00  2.40901691e+00  2.40990563e+00 -3.38270555e-05 
 8.02114000e-02  2.50097073e+00  3.73800350e+00  2.40820066e+00  2.40900504e+00 -3.38330556e-05 
 8.02164000e-02  2.50097780e+00  3.73726816e+00  2.40747535e+00  2.40819460e+00 -3.38384000e-05 
 8.02214000e-02  2.50098390e+00  3.73662453e+00  2.40684171e+00  2.40747511e+00 -3.38430831e-05 
 8.02264000e-02  2.50098903e+00  3.73607324e+00  2.40630039e+00  2.40684729e+00 -3.38471004e-05 
 8.02314000e-02  2.50099318e+00  3.73561484e+00  2.40585193e+00  2.40631178e+00 -3.38504477e-05 
 8.02364000e-02  2.50099635e+00  3.73524981e+00  2.40549677e+00  2.40586912e+00 -3.38531217e-05 
 8.02414000e-02  2.50099854e+00  3.73497851e+00  2.40523528e+00  2.40551975e+00 -3.38551197e-05 
 8.02464000e-02  2.50099974e+00  3.73480120e+00  2.40506771e+00  2.40526402e+00 -3.38564397e-05 
 8.02514000e-02  2.50099996e+00  3.73471807e+00  2.40499424e+00  2.40510218e+00 -3.38570803e-05 
 8.02564000e-02  2.50099919e+00  3.73472920e+00  2.40501494e+00  2.40503441e+00 -3.38570409e-05 
 8.02614000e-02  2.50099744e+00  3.73483457e+00  2.40512978e+00  2.40506076e+00 -3.38563215e-05 
 8.02664000e-02  2.50099470e+00  3.73503409e+00  2.40533866e+00  2.40518122e+00 -3.38549229e-05 
 8.02714000e-02  2.50099097e+00  3.73532755e+00  2.40564135e+00  2.40539565e+00 -3.38528465e-05 
 8.02764000e-02  2.50098627e+00  3.73571466e+00  2.40603757e+00  2.40570385e+00 -3.38500944e-05 
 8.02814000e-02  2.50098060e+00  3.73619503e+00  2.40652690e+00  2.40610551e+00 -3.38466693e-05 
 8.02864000e-02  2.50097396e+00  3.73676817e+00  2.40710887e+00  2.40660022e+00 -3.38425748e-05 
 8.02914000e-02  2.50096636e+00  3.73743351e+00  2.40778288e+00  2.40718748e+00 -3.38378149e-05 
 8.02964000e-02  2.50095780e+00  3.73819038e+00  2.40854825e+00  2.40786671e+00 -3.38323945e-05 
 8.03014000e-02  2.50094830e+00  3.73903802e+00  2.40940423e+00  2.40863722e+00 -3.38263191e-05 
 8.03064000e-02  2.50093786e+00  3.73997559e+00  2.41034994e+00  2.40949824e+00 -3.38195947e-05 
 8.03114000e-02  2.50092650e+00  3.74100213e+00  2.41138445e+00  2.41044890e+00 -3.38122281e-05 
 8.03164000e-02  2.50091423e+00  3.74211662e+00  2.41250670e+00  2.41148826e+00 -3.38042268e-05 
 8.03214000e-02  2.50090105e+00  3.74331794e+00  2.41371559e+00  2.41261526e+00 -3.37955989e-05 
 8.03264000e-02  2.50088698e+00  3.74460488e+00  2.41500988e+00  2.41382878e+00 -3.37863531e-05 
 8.03314000e-02  2.50087204e+00  3.74597616e+00  2.41638829e+00  2.41512760e+00 -3.37764986e-05 
 8.03364000e-02  2.50085623e+00  3.74743039e+00  2.41784943e+00  2.41651042e+00 -3.37660455e-05 
 8.03414000e-02  2.50083958e+00  3.74896613e+00  2.41939183e+00  2.41797584e+00 -3.37550042e-05 
 8.03464000e-02  2.50082210e+00  3.75058182e+00  2.42101396e+00  2.41952241e+00 -3.37433859e-05 
 8.03514000e-02  2.50080382e+00  3.75227585e+00  2.42271418e+00  2.42114856e+00 -3.37312022e-05 
 8.03564000e-02  2.50078473e+00  3.75404652e+00  2.42449079e+00  2.42285267e+00 -3.37184655e-05 
 8.03614000e-02  2.50076488e+00  3.75589206e+00  2.42634200e+00  2.42463303e+00 -3.37051885e-05 
 8.03664000e-02  2.50074426e+00  3.75781062e+00  2.42826597e+00  2.42648786e+00 -3.36913847e-05 
 8.03714000e-02  2.50072292e+00  3.75980027e+00  2.43026077e+00  2.42841530e+00 -3.36770678e-05 
 8.03764000e-02  2.50070086e+00  3.76185903e+00  2.43232440e+00  2.43041342e+00 -3.36622524e-05 
 8.03814000e-02  2.50067811e+00  3.76398483e+00  2.43445480e+00  2.43248021e+00 -3.36469532e-05 
 8.03864000e-02  2.50065469e+00  3.76617555e+00  2.43664983e+00  2.43461361e+00 -3.36311857e-05 
 8.03914000e-02  2.50063062e+00  3.76842899e+00  2.43890729e+00  2.43681149e+00 -3.36149656e-05 
 8.03964000e-02  2.50060593e+00  3.77074290e+00  2.44122494e+00  2.43907165e+00 -3.35983093e-05 
 8.04014000e-02  2.50058065e+00  3.77311497e+00  2.44360045e+00  2.44139182e+00 -3.35812335e-05 
 8.04064000e-02  2.50055479e+00  3.77554283e+00  2.44603145e+00  2.44376969e+00 -3.35637553e-05 
 8.04114000e-02  2.50052838e+00  3.77802405e+00  2.44851551e+00  2.44620288e+00 -3.35458922e-05 
 8.04164000e-02  2.50050145e+00  3.78055616e+00  2.45105015e+00  2.44868896e+00 -3.35276620e-05 
 8.04214000e-02  2.50047403e+00  3.78313663e+00  2.45363285e+00  2.45122545e+00 -3.35090832e-05 
 8.04264000e-02  2.50044614e+00  3.78576288e+00  2.45626102e+00  2.45380981e+00 -3.34901741e-05 
 8.04314000e-02  2.50041780e+00  3.78843230e+00  2.45893205e+00  2.45643948e+00 -3.34709539e-05 
 8.04364000e-02  2.50038906e+00  3.79114222e+00  2.46164327e+00  2.45911183e+00 -3.34514416e-05 
 8.04414000e-02  2.50035993e+00  3.79388994e+00  2.46439198e+00  2.46182418e+00 -3.34316567e-05 
 8.04464000e-02  2.50033045e+00  3.79667273e+00  2.46717544e+00  2.46457386e+00 -3.34116190e-05 
 8.04514000e-02  2.50030064e+00  3.79948783e+00  2.46999089e+00  2.46735810e+00 -3.33913485e-05 
 8.04564000e-02  2.50027053e+00  3.80233242e+00  2.47283553e+00  2.47017415e+00 -3.33708654e-05 
 8.04614000e-02  2.50024016e+00  3.80520368e+00  2.47570651e+00  2.47301920e+00 -3.33501901e-05 
 8.04664000e-02  2.50020955e+00  3.80809876e+00  2.47860101e+00  2.47589042e+00 -3.33293432e-05 
 8.04714000e-02  2.50017873e+00  3.81101478e+00  2.48151613e+00  2.47878497e+00 -3.33083453e-05 
 8.04764000e-02  2.50014774e+00  3.81394884e+00  2.48444898e+00  2.48169996e+00 -3.32872175e-05 
 8.04814000e-02  2.50011660e+00  3.81689805e+00  2.48739666e+00  2.48463250e+00 -3.32659806e-05 
 8.04864000e-02  2.50008535e+00  3.81985947e+00  2.49035624e+00  2.48757969e+00 -3.32446558e-05 
 8.04914000e-02  2.50005401e+00  3.82283017e+00  2.49332480e+00  2.49053860e+00 -3.32232642e-05 
 8.04964000e-02  2.50002262e+00  3.82580720e+00  2.49629939e+00  2.49350630e+00 -3.32018269e-05 
 8.05014000e-02  2.49999120e+00  3.82878763e+00  2.49927706e+00  2.49647986e+00 -3.31803653e-05 
 8.05064000e-02  2.49995980e+00  3.83176851e+00  2.50225489e+00  2.49945633e+00 -3.31589005e-05 
 8.05114000e-02  2.49992843e+00  3.83474688e+00  2.50522991e+00  2.50243277e+00 -3.31374537e-05 
 8.05164000e-02  2.49989714e+00  3.83771981e+00  2.50819920e+00  2.50540623e+00 -3.31160462e-05 
 8.05214000e-02  2.49986594e+00  3.84068437e+00  2.51115982e+00  2.50837378e+00 -3.30946990e-05 
 8.05264000e-02  2.49983488e+00  3.84363763e+00  2.51410886e+00  2.51133250e+00 -3.30734333e-05 
 8.05314000e-02  2.49980399e+00  3.84657668e+00  2.51704340e+00  2.51427947e+00 -3.30522699e-05 
 8.05364000e-02  2.49977328e+00  3.84949863e+00  2.51996057e+00  2.51721177e+00 -3.30312296e-05 
 8.05414000e-02  2.49974280e+00  3.85240060e+00  2.52285749e+00  2.52012653e+00 -3.30103332e-05 
 8.05464000e-02  2.49971257e+00  3.85527974e+00  2.52573130e+00  2.52302088e+00 -3.29896011e-05 
 8.05514000e-02  2.49968263e+00  3.85813322e+00  2.52857920e+00  2.52589197e+00 -3.29690538e-05 
 8.05564000e-02  2.49965300e+00  3.86095824e+00  2.53139837e+00  2.52873698e+00 -3.29487113e-05 
 8.05614000e-02  2.49962371e+00  3.86375203e+00  2.53418607e+00  2.53155312e+00 -3.29285936e-05 
 8.05664000e-02  2.49959479e+00  3.86651185e+00  2.53693954e+00  2.53433762e+00 -3.29087203e-05 
 8.05714000e-02  2.49956628e+00  3.86923499e+00  2.53965611e+00  2.53708776e+00 -3.28891110e-05 
 8.05764000e-02  2.49953819e+00  3.87191880e+00  2.54233310e+00  2.53980084e+00 -3.28697846e-05 
 8.05814000e-02  2.49951056e+00  3.87456064e+00  2.54496790e+00  2.54247421e+00 -3.28507601e-05 
 8.05864000e-02  2.49948341e+00  3.87715793e+00  2.54755793e+00  2.54510526e+00 -3.28320561e-05 
 8.05914000e-02  2.49945677e+00  3.87970814e+00  2.55010068e+00  2.54769140e+00 -3.28136906e-05 
 8.05964000e-02  2.49943066e+00  3.88220878e+00  2.55259365e+00  2.55023012e+00 -3.27956817e-05 
 8.06014000e-02  2.49940512e+00  3.88465742e+00  2.55503441e+00  2.55271895e+00 -3.27780468e-05 
 8.06064000e-02  2.49938017e+00  3.88705166e+00  2.55742059e+00  2.55515544e+00 -3.27608030e-05 
 8.06114000e-02  2.49935582e+00  3.88938917e+00  2.55974986e+00  2.55753724e+00 -3.27439670e-05 
 8.06164000e-02  2.49933212e+00  3.89166769e+00  2.56201996e+00  2.55986201e+00 -3.27275551e-05 
 8.06214000e-02  2.49930907e+00  3.89388499e+00  2.56422869e+00  2.56212751e+00 -3.27115833e-05 
 8.06264000e-02  2.49928670e+00  3.89603892e+00  2.56637389e+00  2.56433152e+00 -3.26960670e-05 
 8.06314000e-02  2.49926504e+00  3.89812740e+00  2.56845348e+00  2.56647191e+00 -3.26810212e-05 
 8.06364000e-02  2.49924410e+00  3.90014839e+00  2.57046546e+00  2.56854661e+00 -3.26664604e-05 
 8.06414000e-02  2.49922391e+00  3.90209994e+00  2.57240786e+00  2.57055359e+00 -3.26523987e-05 
 8.06464000e-02  2.49920448e+00  3.90398016e+00  2.57427880e+00  2.57249091e+00 -3.26388495e-05 
 8.06514000e-02  2.49918584e+00  3.90578722e+00  2.57607648e+00  2.57435669e+00 -3.26258260e-05 
 8.06564000e-02  2.49916801e+00  3.90751938e+00  2.57779916e+00  2.57614914e+00 -3.26133407e-05 
 8.06614000e-02  2.49915099e+00  3.90917497e+00  2.57944516e+00  2.57786651e+00 -3.26014057e-05 
 8.06664000e-02  2.49913481e+00  3.91075238e+00  2.58101291e+00  2.57950715e+00 -3.25900322e-05 
 8.06714000e-02  2.49911949e+00  3.91225009e+00  2.58250088e+00  2.58106947e+00 -3.25792314e-05 
 8.06764000e-02  2.49910503e+00  3.91366665e+00  2.58390764e+00  2.58255196e+00 -3.25690135e-05 
 8.06814000e-02  2.49909146e+00  3.91500070e+00  2.58523184e+00  2.58395320e+00 -3.25593884e-05 
 8.06864000e-02  2.49907879e+00  3.91625096e+00  2.58647219e+00  2.58527182e+00 -3.25503652e-05 
 8.06914000e-02  2.49906702e+00  3.91741621e+00  2.58762750e+00  2.58650656e+00 -3.25419527e-05 
 8.06964000e-02  2.49905618e+00  3.91849534e+00  2.58869666e+00  2.58765623e+00 -3.25341588e-05 
 8.07014000e-02  2.49904626e+00  3.91948730e+00  2.58967864e+00  2.58871972e+00 -3.25269911e-05 
 8.07064000e-02  2.49903729e+00  3.92039115e+00  2.59057250e+00  2.58969600e+00 -3.25204564e-05 
 8.07114000e-02  2.49902927e+00  3.92120600e+00  2.59137737e+00  2.59058415e+00 -3.25145608e-05 
 8.07164000e-02  2.49902220e+00  3.92193109e+00  2.59209248e+00  2.59138330e+00 -3.25093102e-05 
 8.07214000e-02  2.49901610e+00  3.92256570e+00  2.59271714e+00  2.59209268e+00 -3.25047094e-05 
 8.07264000e-02  2.49901097e+00  3.92310923e+00  2.59325076e+00  2.59271162e+00 -3.25007630e-05 
 8.07314000e-02  2.49900682e+00  3.92356116e+00  2.59369281e+00  2.59323951e+00 -3.24974745e-05 
 8.07364000e-02  2.49900365e+00  3.92392105e+00  2.59404288e+00  2.59367585e+00 -3.24948473e-05 
 8.07414000e-02  2.49900146e+00  3.92418856e+00  2.59430063e+00  2.59402023e+00 -3.24928837e-05 
 8.07464000e-02  2.49900026e+00  3.92436343e+00  2.59446581e+00  2.59427230e+00 -3.24915858e-05 
 8.07514000e-02  2.49900004e+00  3.92444549e+00  2.59453826e+00  2.59443184e+00 -3.24909546e-05 
 8.07564000e-02  2.49900081e+00  3.92443466e+00  2.59451791e+00  2.59449867e+00 -3.24909909e-05 
 8.07614000e-02  2.49900256e+00  3.92433096e+00  2.59440479e+00  2.59447275e+00 -3.24916946e-05 
 8.07664000e-02  2.49900530e+00  3.92413448e+00  2.59419899e+00  2.59435410e+00 -3.24930650e-05 
 8.07714000e-02  2.49900903e+00  3.92384541e+00  2.59390073e+00  2.59414282e+00 -3.24951008e-05 
 8.07764000e-02  2.49901373e+00  3.92346402e+00  2.59351028e+00  2.59383913e+00 -3.24978001e-05 
 8.07814000e-02  2.49901940e+00  3.92299070e+00  2.59302802e+00  2.59344331e+00 -3.25011603e-05 
 8.07864000e-02  2.49902604e+00  3.92242588e+00  2.59245441e+00  2.59295574e+00 -3.25051782e-05 
 8.07914000e-02  2.49903364e+00  3.92177011e+00  2.59179001e+00  2.59237690e+00 -3.25098500e-05 
 8.07964000e-02  2.49904220e+00  3.92102402e+00  2.59103545e+00  2.59170734e+00 -3.25151713e-05 
 8.08014000e-02  2.49905170e+00  3.92018833e+00  2.59019146e+00  2.59094770e+00 -3.25211368e-05 
 8.08064000e-02  2.49906214e+00  3.91926385e+00  2.58925885e+00  2.59009871e+00 -3.25277410e-05 
 8.08114000e-02  2.49907350e+00  3.91825146e+00  2.58823853e+00  2.58916120e+00 -3.25349776e-05 
 8.08164000e-02  2.49908577e+00  3.91715213e+00  2.58713146e+00  2.58813605e+00 -3.25428396e-05 
 8.08214000e-02  2.49909895e+00  3.91596693e+00  2.58593871e+00  2.58702427e+00 -3.25513195e-05 
 8.08264000e-02  2.49911302e+00  3.91469700e+00  2.58466145e+00  2.58582692e+00 -3.25604091e-05 
 8.08314000e-02  2.49912796e+00  3.91334355e+00  2.58330089e+00  2.58454514e+00 -3.25700999e-05 
 8.08364000e-02  2.49914377e+00  3.91190790e+00  2.58185834e+00  2.58318019e+00 -3.25803825e-05 
 8.08414000e-02  2.49916042e+00  3.91039143e+00  2.58033521e+00  2.58173338e+00 -3.25912470e-05 
 8.08464000e-02  2.49917790e+00  3.90879561e+00  2.57873296e+00  2.58020609e+00 -3.26026831e-05 
 8.08514000e-02  2.49919618e+00  3.90712197e+00  2.57705314e+00  2.57859981e+00 -3.26146796e-05 
 8.08564000e-02  2.49921527e+00  3.90537213e+00  2.57529736e+00  2.57691609e+00 -3.26272252e-05 
 8.08614000e-02  2.49923512e+00  3.90354778e+00  2.57346734e+00  2.57515655e+00 -3.26403078e-05 
 8.08664000e-02  2.49925574e+00  3.90165070e+00  2.57156484e+00  2.57332290e+00 -3.26539147e-05 
 8.08714000e-02  2.49927708e+00  3.89968271e+00  2.56959170e+00  2.57141690e+00 -3.26680329e-05 
 8.08764000e-02  2.49929914e+00  3.89764572e+00  2.56754983e+00  2.56944042e+00 -3.26826488e-05 
 8.08814000e-02  2.49932189e+00  3.89554171e+00  2.56544122e+00  2.56739535e+00 -3.26977482e-05 
 8.08864000e-02  2.49934531e+00  3.89337272e+00  2.56326790e+00  2.56528369e+00 -3.27133165e-05 
 8.08914000e-02  2.49936938e+00  3.89114086e+00  2.56103200e+00  2.56310748e+00 -3.27293388e-05 
 8.08964000e-02  2.49939407e+00  3.88884828e+00  2.55873567e+00  2.56086884e+00 -3.27457995e-05 
 8.09014000e-02  2.49941935e+00  3.88649723e+00  2.55638116e+00  2.55856993e+00 -3.27626827e-05 
 8.09064000e-02  2.49944521e+00  3.88408999e+00  2.55397076e+00  2.55621301e+00 -3.27799720e-05 
 8.09114000e-02  2.49947162e+00  3.88162890e+00  2.55150681e+00  2.55380035e+00 -3.27976506e-05 
 8.09164000e-02  2.49949855e+00  3.87911636e+00  2.54899171e+00  2.55133432e+00 -3.28157014e-05 
 8.09214000e-02  2.49952597e+00  3.87655483e+00  2.54642792e+00  2.54881730e+00 -3.28341069e-05 
 8.09264000e-02  2.49955386e+00  3.87394679e+00  2.54381794e+00  2.54625177e+00 -3.28528491e-05 
 8.09314000e-02  2.49958220e+00  3.87129481e+00  2.54116432e+00  2.54364022e+00 -3.28719097e-05 
 8.09364000e-02  2.49961094e+00  3.86860147e+00  2.53846965e+00  2.54098520e+00 -3.28912703e-05 
 8.09414000e-02  2.49964007e+00  3.86586940e+00  2.53573657e+00  2.53828930e+00 -3.29109118e-05 
 8.09464000e-02  2.49966955e+00  3.86310129e+00  2.53296776e+00  2.53555518e+00 -3.29308151e-05 
 8.09514000e-02  2.49969936e+00  3.86029984e+00  2.53016592e+00  2.53278550e+00 -3.29509608e-05 
 8.09564000e-02  2.49972947e+00  3.85746780e+00  2.52733381e+00  2.52998297e+00 -3.29713291e-05 
 8.09614000e-02  2.49975984e+00  3.85460794e+00  2.52447420e+00  2.52715035e+00 -3.29919001e-05 
 8.09664000e-02  2.49979045e+00  3.85172309e+00  2.52158990e+00  2.52429042e+00 -3.30126535e-05 
 8.09714000e-02  2.49982127e+00  3.84881607e+00  2.51868375e+00  2.52140598e+00 -3.30335691e-05 
 8.09764000e-02  2.49985226e+00  3.84588975e+00  2.51575861e+00  2.51849987e+00 -3.30546263e-05 
 8.09814000e-02  2.49988340e+00  3.84294699e+00  2.51281735e+00  2.51557495e+00 -3.30758044e-05 
 8.09864000e-02  2.49991465e+00  3.83999071e+00  2.50986288e+00  2.51263409e+00 -3.30970825e-05 
 8.09914000e-02  2.49994599e+00  3.83702381e+00  2.50689809e+00  2.50968020e+00 -3.31184396e-05 
 8.09964000e-02  2.49997738e+00  3.83404922e+00  2.50392593e+00  2.50671618e+00 -3.31398547e-05 
 8.10014000e-02  2.50000880e+00  3.83106988e+00  2.50094932e+00  2.50374496e+00 -3.31613067e-05 
 8.10064000e-02  2.50004020e+00  3.82808874e+00  2.49797120e+00  2.50076947e+00 -3.31827744e-05 
 8.10114000e-02  2.50007157e+00  3.82510873e+00  2.49499452e+00  2.49779266e+00 -3.32042365e-05 
 8.10164000e-02  2.50010286e+00  3.82213280e+00  2.49202222e+00  2.49481745e+00 -3.32256718e-05 
 8.10214000e-02  2.50013406e+00  3.81916390e+00  2.48905724e+00  2.49184681e+00 -3.32470591e-05 
 8.10264000e-02  2.50016512e+00  3.81620498e+00  2.48610252e+00  2.48888366e+00 -3.32683772e-05 
 8.10314000e-02  2.50019601e+00  3.81325896e+00  2.48316099e+00  2.48593095e+00 -3.32896048e-05 
 8.10364000e-02  2.50022672e+00  3.81032876e+00  2.48023556e+00  2.48299159e+00 -3.33107211e-05 
 8.10414000e-02  2.50025720e+00  3.80741730e+00  2.47732914e+00  2.48006850e+00 -3.33317048e-05 
 8.10464000e-02  2.50028743e+00  3.80452745e+00  2.47444461e+00  2.47716459e+00 -3.33525353e-05 
 8.10514000e-02  2.50031737e+00  3.80166210e+00  2.47158484e+00  2.47428274e+00 -3.33731918e-05 
 8.10564000e-02  2.50034700e+00  3.79882409e+00  2.46875267e+00  2.47142581e+00 -3.33936537e-05 
 8.10614000e-02  2.50037629e+00  3.79601625e+00  2.46595092e+00  2.46859663e+00 -3.34139006e-05 
 8.10664000e-02  2.50040521e+00  3.79324136e+00  2.46318237e+00  2.46579803e+00 -3.34339123e-05 
 8.10714000e-02  2.50043372e+00  3.79050219e+00  2.46044979e+00  2.46303279e+00 -3.34536688e-05 
 8.10764000e-02  2.50046181e+00  3.78780147e+00  2.45775588e+00  2.46030365e+00 -3.34731506e-05 
 8.10814000e-02  2.50048944e+00  3.78514188e+00  2.45510335e+00  2.45761335e+00 -3.34923379e-05 
 8.10864000e-02  2.50051659e+00  3.78252609e+00  2.45249482e+00  2.45496456e+00 -3.35112118e-05 
 8.10914000e-02  2.50054323e+00  3.77995670e+00  2.44993291e+00  2.45235991e+00 -3.35297533e-05 
 8.10964000e-02  2.50056934e+00  3.77743627e+00  2.44742017e+00  2.44980202e+00 -3.35479438e-05 
 8.11014000e-02  2.50059488e+00  3.77496731e+00  2.44495911e+00  2.44729342e+00 -3.35657652e-05 
 8.11064000e-02  2.50061983e+00  3.77255231e+00  2.44255218e+00  2.44483663e+00 -3.35831995e-05 
 8.11114000e-02  2.50064418e+00  3.77019365e+00  2.44020180e+00  2.44243410e+00 -3.36002294e-05 
 8.11164000e-02  2.50066788e+00  3.76789372e+00  2.43791030e+00  2.44008823e+00 -3.36168377e-05 
 8.11214000e-02  2.50069093e+00  3.76565479e+00  2.43567998e+00  2.43780136e+00 -3.36330078e-05 
 8.11264000e-02  2.50071330e+00  3.76347912e+00  2.43351308e+00  2.43557578e+00 -3.36487234e-05 
 8.11314000e-02  2.50073496e+00  3.76136888e+00  2.43141175e+00  2.43341372e+00 -3.36639688e-05 
 8.11364000e-02  2.50075590e+00  3.75932618e+00  2.42937811e+00  2.43131734e+00 -3.36787286e-05 
 8.11414000e-02  2.50077609e+00  3.75735306e+00  2.42741418e+00  2.42928873e+00 -3.36929880e-05 
 8.11464000e-02  2.50079552e+00  3.75545151e+00  2.42552194e+00  2.42732993e+00 -3.37067327e-05 
 8.11514000e-02  2.50081416e+00  3.75362342e+00  2.42370327e+00  2.42544290e+00 -3.37199489e-05 
 8.11564000e-02  2.50083199e+00  3.75187063e+00  2.42196001e+00  2.42362953e+00 -3.37326232e-05 
 8.11614000e-02  2.50084901e+00  3.75019489e+00  2.42029390e+00  2.42189163e+00 -3.37447429e-05 
 8.11664000e-02  2.50086519e+00  3.74859789e+00  2.41870661e+00  2.42023095e+00 -3.37562958e-05 
 8.11714000e-02  2.50088051e+00  3.74708122e+00  2.41719972e+00  2.41864915e+00 -3.37672703e-05 
 8.11764000e-02  2.50089497e+00  3.74564640e+00  2.41577476e+00  2.41714783e+00 -3.37776553e-05 
 8.11814000e-02  2.50090854e+00  3.74429488e+00  2.41443315e+00  2.41572847e+00 -3.37874403e-05 
 8.11864000e-02  2.50092121e+00  3.74302801e+00  2.41317623e+00  2.41439251e+00 -3.37966156e-05 
 8.11914000e-02  2.50093298e+00  3.74184706e+00  2.41200527e+00  2.41314129e+00 -3.38051718e-05 
 8.11964000e-02  2.50094382e+00  3.74075321e+00  2.41092144e+00  2.41197606e+00 -3.38131003e-05 
 8.12014000e-02  2.50095374e+00  3.73974757e+00  2.40992584e+00  2.41089799e+00 -3.38203932e-05 
 8.12064000e-02  2.50096271e+00  3.73883114e+00  2.40901945e+00  2.40990817e+00 -3.38270430e-05 
 8.12114000e-02  2.50097073e+00  3.73800484e+00  2.40820319e+00  2.40900758e+00 -3.38330431e-05 
 8.12164000e-02  2.50097780e+00  3.73726950e+00  2.40747788e+00  2.40819713e+00 -3.38383874e-05 
 8.12214000e-02  2.50098390e+00  3.73662587e+00  2.40684425e+00  2.40747764e+00 -3.38430706e-05 
 8.12264000e-02  2.50098903e+00  3.73607458e+00  2.40630293e+00  2.40684983e+00 -3.38470879e-05 
 8.12314000e-02  2.50099318e+00  3.73561618e+00  2.40585446e+00  2.40631432e+00 -3.38504352e-05 
 8.12364000e-02  2.50099635e+00  3.73525115e+00  2.40549931e+00  2.40587166e+00 -3.38531092e-05 
 8.12414000e-02  2.50099854e+00  3.73497985e+00  2.40523781e+00  2.40552229e+00 -3.38551072e-05 
 8.12464000e-02  2.50099974e+00  3.73480254e+00  2.40507025e+00  2.40526655e+00 -3.38564272e-05 
 8.12514000e-02  2.50099996e+00  3.73471941e+00  2.40499678e+00  2.40510472e+00 -3.38570678e-05 
 8.12564000e-02  2.50099919e+00  3.73473054e+00  2.40501747e+00  2.40503694e+00 -3.38570284e-05 
 8.12614000e-02  2.50099744e+00  3.73483591e+00  2.40513231e+00  2.40506330e+00 -3.38563090e-05 
 8.12664000e-02  2.50099470e+00  3.73503543e+00  2.40534119e+00  2.40518375e+00 -3.38549104e-05 
 8.12714000e-02  2.50099097e+00  3.73532889e+00  2.40564389e+00  2.40539819e+00 -3.38528340e-05 
 8.12764000e-02  2.50098627e+00  3.73571600e+00  2.40604010e+00  2.40570639e+00 -3.38500819e-05 
 8.12814000e-02  2.50098060e+00  3.73619637e+00  2.40652944e+00  2.40610804e+00 -3.38466568e-05 
 8.12864000e-02  2.50097396e+00  3.73676951e+00  2.40711140e+00  2.40660275e+00 -3.38425623e-05 
 8.12914000e-02  2.50096636e+00  3.73743485e+00  2.40778541e+00  2.40719001e+00 -3.38378024e-05 
 8.12964000e-02  2.50095780e+00  3.73819172e+00  2.40855079e+00  2.40786924e+00 -3.38323820e-05 
 8.13014000e-02  2.50094830e+00  3.73903936e+00  2.40940676e+00  2.40863975e+00 -3.38263065e-05 
 8.13064000e-02  2.50093786e+00  3.73997693e+00  2.41035247e+00  2.40950077e+00 -3.38195821e-05 
 8.13114000e-02  2.50092650e+00  3.74100347e+00  2.41138698e+00  2.41045143e+00 -3.38122156e-05 
 8.13164000e-02  2.50091423e+00  3.74211796e+00  2.41250923e+00  2.41149079e+00 -3.38042143e-05 
 8.13214000e-02  2.50090105e+00  3.74331928e+00  2.41371812e+00  2.41261779e+00 -3.37955864e-05 
 8.13264000e-02  2.50088698e+00  3.74460622e+00  2.41501241e+00  2.41383131e+00 -3.37863406e-05 
 8.13314000e-02  2.50087204e+00  3.74597750e+00  2.41639082e+00  2.41513013e+00 -3.37764861e-05 
 8.13364000e-02  2.50085623e+00  3.74743173e+00  2.41785196e+00  2.41651295e+00 -3.37660330e-05 
 8.13414000e-02  2.50083958e+00  3.74896747e+00  2.41939436e+00  2.41797837e+00 -3.37549917e-05 
 8.13464000e-02  2.50082210e+00  3.75058316e+00  2.42101649e+00  2.41952494e+00 -3.37433734e-05 
 8.13514000e-02  2.50080382e+00  3.75227719e+00  2.42271671e+00  2.42115109e+00 -3.37311897e-05 
 8.13564000e-02  2.50078473e+00  3.75404786e+00  2.42449331e+00  2.42285520e+00 -3.37184530e-05 
 8.13614000e-02  2.50076488e+00  3.75589340e+00  2.42634453e+00  2.42463556e+00 -3.37051760e-05 
 8.13664000e-02  2.50074426e+00  3.75781196e+00  2.42826850e+00  2.42649039e+00 -3.36913722e-05 
 8.13714000e-02  2.50072292e+00  3.75980161e+00  2.43026330e+00  2.42841783e+00 -3.36770553e-05 
 8.13764000e-02  2.50070086e+00  3.76186037e+00  2.43232693e+00  2.43041594e+00 -3.36622399e-05 
 8.13814000e-02  2.50067811e+00  3.76398617e+00  2.43445732e+00  2.43248274e+00 -3.36469407e-05 
 8.13864000e-02  2.50065469e+00  3.76617688e+00  2.43665235e+00  2.43461614e+00 -3.36311732e-05 
 8.13914000e-02  2.50063062e+00  3.76843033e+00  2.43890982e+00  2.43681402e+00 -3.36149531e-05 
 8.13964000e-02  2.50060593e+00  3.77074424e+00  2.44122746e+00  2.43907417e+00 -3.35982968e-05 
 8.14014000e-02  2.50058065e+00  3.77311631e+00  2.44360297e+00  2.44139434e+00 -3.35812210e-05 
 8.14064000e-02  2.50055479e+00  3.77554417e+00  2.44603397e+00  2.44377221e+00 -3.35637428e-05 
 8.14114000e-02  2.50052838e+00  3.77802539e+00  2.44851803e+00  2.44620540e+00 -3.35458797e-05 
 8.14164000e-02  2.50050145e+00  3.78055750e+00  2.45105268e+00  2.44869148e+00 -3.35276496e-05 
 8.14214000e-02  2.50047403e+00  3.78313797e+00  2.45363537e+00  2.45122797e+00 -3.35090707e-05 
 8.14264000e-02  2.50044614e+00  3.78576422e+00  2.45626354e+00  2.45381234e+00 -3.34901617e-05 
 8.14314000e-02  2.50041780e+00  3.78843363e+00  2.45893457e+00  2.45644200e+00 -3.34709414e-05 
 8.14364000e-02  2.50038906e+00  3.79114355e+00  2.46164579e+00  2.45911435e+00 -3.34514291e-05 
 8.14414000e-02  2.50035993e+00  3.79389128e+00  2.46439450e+00  2.46182671e+00 -3.34316442e-05 
 8.14464000e-02  2.50033045e+00  3.79667407e+00  2.46717796e+00  2.46457638e+00 -3.34116065e-05 
 8.14514000e-02  2.50030064e+00  3.79948916e+00  2.46999341e+00  2.46736062e+00 -3.33913361e-05 
 8.14564000e-02  2.50027053e+00  3.80233375e+00  2.47283804e+00  2.47017667e+00 -3.33708530e-05 
 8.14614000e-02  2.50024016e+00  3.80520501e+00  2.47570903e+00  2.47302172e+00 -3.33501777e-05 
 8.14664000e-02  2.50020955e+00  3.80810009e+00  2.47860352e+00  2.47589294e+00 -3.33293307e-05 
 8.14714000e-02  2.50017873e+00  3.81101611e+00  2.48151864e+00  2.47878748e+00 -3.33083329e-05 
 8.14764000e-02  2.50014774e+00  3.81395018e+00  2.48445150e+00  2.48170247e+00 -3.32872051e-05 
 8.14814000e-02  2.50011660e+00  3.81689938e+00  2.48739918e+00  2.48463502e+00 -3.32659682e-05 
 8.14864000e-02  2.50008535e+00  3.81986080e+00  2.49035876e+00  2.48758221e+00 -3.32446434e-05 
 8.14914000e-02  2.50005401e+00  3.82283150e+00  2.49332731e+00  2.49054112e+00 -3.32232517e-05 
 8.14964000e-02  2.50002262e+00  3.82580853e+00  2.49630190e+00  2.49350882e+00 -3.32018145e-05 
 8.15014000e-02  2.49999120e+00  3.82878896e+00  2.49927958e+00  2.49648238e+00 -3.31803528e-05 
 8.15064000e-02  2.49995980e+00  3.83176984e+00  2.50225740e+00  2.49945884e+00 -3.31588880e-05 
 8.15114000e-02  2.49992843e+00  3.83474821e+00  2.50523242e+00  2.50243528e+00 -3.31374413e-05 
 8.15164000e-02  2.49989714e+00  3.83772114e+00  2.50820171e+00  2.50540874e+00 -3.31160338e-05 
 8.15214000e-02  2.49986594e+00  3.84068570e+00  2.51116233e+00  2.50837630e+00 -3.30946866e-05 
 8.15264000e-02  2.49983488e+00  3.84363896e+00  2.51411137e+00  2.51133501e+00 -3.30734209e-05 
 8.15314000e-02  2.49980399e+00  3.84657801e+00  2.51704591e+00  2.51428198e+00 -3.30522574e-05 
 8.15364000e-02  2.49977328e+00  3.84949996e+00  2.51996308e+00  2.51721428e+00 -3.30312172e-05 
 8.15414000e-02  2.49974280e+00  3.85240193e+00  2.52286000e+00  2.52012904e+00 -3.30103208e-05 
 8.15464000e-02  2.49971257e+00  3.85528107e+00  2.52573381e+00  2.52302339e+00 -3.29895887e-05 
 8.15514000e-02  2.49968263e+00  3.85813455e+00  2.52858171e+00  2.52589448e+00 -3.29690414e-05 
 8.15564000e-02  2.49965300e+00  3.86095957e+00  2.53140088e+00  2.52873949e+00 -3.29486989e-05 
 8.15614000e-02  2.49962371e+00  3.86375336e+00  2.53418857e+00  2.53155563e+00 -3.29285812e-05 
 8.15664000e-02  2.49959479e+00  3.86651318e+00  2.53694205e+00  2.53434013e+00 -3.29087080e-05 
 8.15714000e-02  2.49956628e+00  3.86923632e+00  2.53965861e+00  2.53709027e+00 -3.28890986e-05 
 8.15764000e-02  2.49953819e+00  3.87192012e+00  2.54233560e+00  2.53980335e+00 -3.28697722e-05 
 8.15814000e-02  2.49951056e+00  3.87456196e+00  2.54497040e+00  2.54247672e+00 -3.28507478e-05 
 8.15864000e-02  2.49948341e+00  3.87715926e+00  2.54756044e+00  2.54510776e+00 -3.28320437e-05 
 8.15914000e-02  2.49945677e+00  3.87970947e+00  2.55010318e+00  2.54769391e+00 -3.28136783e-05 
 8.15964000e-02  2.49943066e+00  3.88221011e+00  2.55259615e+00  2.55023263e+00 -3.27956693e-05 
 8.16014000e-02  2.49940512e+00  3.88465874e+00  2.55503691e+00  2.55272145e+00 -3.27780344e-05 
 8.16064000e-02  2.49938017e+00  3.88705298e+00  2.55742309e+00  2.55515794e+00 -3.27607906e-05 
 8.16114000e-02  2.49935582e+00  3.88939049e+00  2.55975236e+00  2.55753974e+00 -3.27439546e-05 
 8.16164000e-02  2.49933212e+00  3.89166901e+00  2.56202247e+00  2.55986451e+00 -3.27275428e-05 
 8.16214000e-02  2.49930907e+00  3.89388631e+00  2.56423119e+00  2.56213001e+00 -3.27115710e-05 
 8.16264000e-02  2.49928670e+00  3.89604025e+00  2.56637639e+00  2.56433402e+00 -3.26960547e-05 
 8.16314000e-02  2.49926504e+00  3.89812872e+00  2.56845598e+00  2.56647441e+00 -3.26810089e-05 
 8.16364000e-02  2.49924410e+00  3.90014972e+00  2.57046796e+00  2.56854911e+00 -3.26664481e-05 
 8.16414000e-02  2.49922391e+00  3.90210127e+00  2.57241035e+00  2.57055608e+00 -3.26523863e-05 
 8.16464000e-02  2.49920448e+00  3.90398148e+00  2.57428130e+00  2.57249341e+00 -3.26388372e-05 
 8.16514000e-02  2.49918584e+00  3.90578854e+00  2.57607898e+00  2.57435919e+00 -3.26258137e-05 
 8.16564000e-02  2.49916801e+00  3.90752071e+00  2.57780165e+00  2.57615164e+00 -3.26133284e-05 
 8.16614000e-02  2.49915099e+00  3.90917629e+00  2.57944766e+00  2.57786901e+00 -3.26013933e-05 
 8.16664000e-02  2.49913481e+00  3.91075370e+00  2.58101540e+00  2.57950965e+00 -3.25900199e-05 
 8.16714000e-02  2.49911949e+00  3.91225141e+00  2.58250337e+00  2.58107197e+00 -3.25792191e-05 
 8.16764000e-02  2.49910503e+00  3.91366797e+00  2.58391014e+00  2.58255446e+00 -3.25690012e-05 
 8.16814000e-02  2.49909146e+00  3.91500203e+00  2.58523433e+00  2.58395569e+00 -3.25593761e-05 
 8.16864000e-02  2.49907879e+00  3.91625228e+00  2.58647468e+00  2.58527431e+00 -3.25503529e-05 
 8.16914000e-02  2.49906702e+00  3.91741754e+00  2.58762999e+00  2.58650905e+00 -3.25419404e-05 
 8.16964000e-02  2.49905618e+00  3.91849666e+00  2.58869916e+00  2.58765872e+00 -3.25341465e-05 
 8.17014000e-02  2.49904626e+00  3.91948863e+00  2.58968114e+00  2.58872221e+00 -3.25269788e-05 
 8.17064000e-02  2.49903729e+00  3.92039247e+00  2.59057499e+00  2.58969850e+00 -3.25204440e-05 
 8.17114000e-02  2.49902927e+00  3.92120733e+00  2.59137986e+00  2.59058664e+00 -3.25145485e-05 
 8.17164000e-02  2.49902220e+00  3.92193241e+00  2.59209497e+00  2.59138579e+00 -3.25092979e-05 
 8.17214000e-02  2.49901610e+00  3.92256702e+00  2.59271963e+00  2.59209517e+00 -3.25046971e-05 
 8.17264000e-02  2.49901097e+00  3.92311055e+00  2.59325325e+00  2.59271411e+00 -3.25007506e-05 
 8.17314000e-02  2.49900682e+00  3.92356248e+00  2.59369530e+00  2.59324200e+00 -3.24974622e-05 
 8.17364000e-02  2.49900365e+00  3.92392238e+00  2.59404537e+00  2.59367835e+00 -3.24948350e-05 
 8.17414000e-02  2.49900146e+00  3.92418988e+00  2.59430312e+00  2.59402272e+00 -3.24928714e-05 
 8.17464000e-02  2.49900026e+00  3.92436475e+00  2.59446830e+00  2.59427479e+00 -3.24915735e-05 
 8.17514000e-02  2.49900004e+00  3.92444681e+00  2.59454075e+00  2.59443433e+00 -3.24909423e-05 
 8.17564000e-02  2.49900081e+00  3.92443599e+00  2.59452040e+00  2.59450117e+00 -3.24909786e-05 
 8.17614000e-02  2.49900256e+00  3.92433228e+00  2.59440728e+00  2.59447524e+00 -3.24916823e-05 
 8.17664000e-02  2.49900530e+00  3.92413580e+00  2.59420148e+00  2.59435659e+00 -3.24930527e-05 
 8.17714000e-02  2.49900903e+00  3.92384673e+00  2.59390322e+00  2.59414531e+00 -3.24950885e-05 
 8.17764000e-02  2.49901373e+00  3.92346535e+00  2.59351277e+00  2.59384162e+00 -3.24977878e-05 
 8.17814000e-02  2.49901940e+00  3.92299202e+00  2.59303051e+00  2.59344580e+00 -3.25011480e-05 
 8.17864000e-02  2.49902604e+00  3.92242720e+00  2.59245690e+00  2.59295823e+00 -3.25051659e-05 
 8.17914000e-02  2.49903364e+00  3.92177143e+00  2.59179250e+00  2.59237939e+00 -3.25098377e-05 
 8.17964000e-02  2.49904220e+00  3.92102534e+00  2.59103794e+00  2.59170983e+00 -3.25151589e-05 
 8.18014000e-02  2.49905170e+00  3.92018966e+00  2.59019395e+00  2.59095019e+00 -3.25211245e-05 
 8.18064000e-02  2.49906214e+00  3.91926517e+00  2.58926134e+00  2.59010120e+00 -3.25277287e-05 
 8.18114000e-02  2.49907350e+00  3.91825278e+00  2.58824101e+00  2.58916369e+00 -3.25349653e-05 
 8.18164000e-02  2.49908577e+00  3.91715346e+00  2.58713395e+00  2.58813854e+00 -3.25428273e-05 
 8.18214000e-02  2.49909895e+00  3.91596825e+00  2.58594120e+00  2.58702676e+00 -3.25513071e-05 
 8.18264000e-02  2.49911302e+00  3.91469832e+00  2.58466394e+00  2.58582940e+00 -3.25603968e-05 
 8.18314000e-02  2.49912796e+00  3.91334488e+00  2.58330337e+00  2.58454763e+00 -3.25700876e-05 
 8.18364000e-02  2.49914377e+00  3.91190923e+00  2.58186083e+00  2.58318268e+00 -3.25803702e-05 
 8.18414000e-02  2.49916042e+00  3.91039276e+00  2.58033770e+00  2.58173587e+00 -3.25912347e-05 
 8.18464000e-02  2.49917790e+00  3.90879693e+00  2.57873545e+00  2.58020858e+00 -3.26026707e-05 
 8.18514000e-02  2.49919618e+00  3.90712329e+00  2.57705563e+00  2.57860230e+00 -3.26146673e-05 
 8.18564000e-02  2.49921527e+00  3.90537346e+00  2.57529985e+00  2.57691858e+00 -3.26272129e-05 
 8.18614000e-02  2.49923512e+00  3.90354911e+00  2.57346983e+00  2.57515904e+00 -3.26402955e-05 
 8.18664000e-02  2.49925574e+00  3.90165203e+00  2.57156733e+00  2.57332539e+00 -3.26539024e-05 
 8.18714000e-02  2.49927708e+00  3.89968404e+00  2.56959419e+00  2.57141939e+00 -3.26680206e-05 
 8.18764000e-02  2.49929914e+00  3.89764705e+00  2.56755232e+00  2.56944291e+00 -3.26826364e-05 
 8.18814000e-02  2.49932189e+00  3.89554304e+00  2.56544371e+00  2.56739784e+00 -3.26977358e-05 
 8.18864000e-02  2.49934531e+00  3.89337405e+00  2.56327039e+00  2.56528618e+00 -3.27133041e-05 
 8.18914000e-02  2.49936938e+00  3.89114219e+00  2.56103449e+00  2.56310997e+00 -3.27293264e-05 
 8.18964000e-02  2.49939407e+00  3.88884961e+00  2.55873816e+00  2.56087133e+00 -3.27457871e-05 
 8.19014000e-02  2.49941935e+00  3.88649856e+00  2.55638365e+00  2.55857243e+00 -3.27626703e-05 
 8.19064000e-02  2.49944521e+00  3.88409132e+00  2.55397325e+00  2.55621550e+00 -3.27799596e-05 
 8.19114000e-02  2.49947162e+00  3.88163023e+00  2.55150930e+00  2.55380284e+00 -3.27976382e-05 
 8.19164000e-02  2.49949855e+00  3.87911769e+00  2.54899420e+00  2.55133681e+00 -3.28156891e-05 
 8.19214000e-02  2.49952597e+00  3.87655616e+00  2.54643041e+00  2.54881979e+00 -3.28340945e-05 
 8.19264000e-02  2.49955386e+00  3.87394812e+00  2.54382043e+00  2.54625426e+00 -3.28528367e-05 
 8.19314000e-02  2.49958220e+00  3.87129614e+00  2.54116681e+00  2.54364271e+00 -3.28718973e-05 
 8.19364000e-02  2.49961094e+00  3.86860280e+00  2.53847214e+00  2.54098769e+00 -3.28912579e-05 
 8.19414000e-02  2.49964007e+00  3.86587073e+00  2.53573906e+00  2.53829180e+00 -3.29108994e-05 
 8.19464000e-02  2.49966955e+00  3.86310262e+00  2.53297025e+00  2.53555767e+00 -3.29308027e-05 
 8.19514000e-02  2.49969936e+00  3.86030117e+00  2.53016841e+00  2.53278799e+00 -3.29509484e-05 
 8.19564000e-02  2.49972947e+00  3.85746913e+00  2.52733630e+00  2.52998547e+00 -3.29713167e-05 
 8.19614000e-02  2.49975984e+00  3.85460928e+00  2.52447669e+00  2.52715285e+00 -3.29918877e-05 
 8.19664000e-02  2.49979045e+00  3.85172443e+00  2.52159240e+00  2.52429291e+00 -3.30126411e-05 
 8.19714000e-02  2.49982127e+00  3.84881741e+00  2.51868625e+00  2.52140847e+00 -3.30335567e-05 
 8.19764000e-02  2.49985226e+00  3.84589108e+00  2.51576110e+00  2.51850236e+00 -3.30546139e-05 
 8.19814000e-02  2.49988340e+00  3.84294833e+00  2.51281985e+00  2.51557744e+00 -3.30757920e-05 
 8.19864000e-02  2.49991465e+00  3.83999204e+00  2.50986537e+00  2.51263658e+00 -3.30970700e-05 
 8.19914000e-02  2.49994599e+00  3.83702515e+00  2.50690059e+00  2.50968269e+00 -3.31184272e-05 
 8.19964000e-02  2.49997738e+00  3.83405056e+00  2.50392842e+00  2.50671867e+00 -3.31398423e-05 
 8.20014000e-02  2.50000880e+00  3.83107122e+00  2.50095181e+00  2.50374745e+00 -3.31612943e-05 
 8.20064000e-02  2.50004020e+00  3.82809007e+00  2.49797369e+00  2.50077197e+00 -3.31827620e-05 
 8.20114000e-02  2.50007157e+00  3.82511006e+00  2.49499701e+00  2.49779515e+00 -3.32042241e-05 
 8.20164000e-02  2.50010286e+00  3.82213414e+00  2.49202471e+00  2.49481995e+00 -3.32256594e-05 
 8.20214000e-02  2.50013406e+00  3.81916524e+00  2.48905973e+00  2.49184931e+00 -3.32470467e-05 
 8.20264000e-02  2.50016512e+00  3.81620632e+00  2.48610501e+00  2.48888616e+00 -3.32683647e-05 
 8.20314000e-02  2.50019601e+00  3.81326030e+00  2.48316348e+00  2.48593344e+00 -3.32895924e-05 
 8.20364000e-02  2.50022672e+00  3.81033010e+00  2.48023805e+00  2.48299408e+00 -3.33107086e-05 
 8.20414000e-02  2.50025720e+00  3.80741864e+00  2.47733163e+00  2.48007100e+00 -3.33316924e-05 
 8.20464000e-02  2.50028743e+00  3.80452879e+00  2.47444711e+00  2.47716709e+00 -3.33525229e-05 
 8.20514000e-02  2.50031737e+00  3.80166344e+00  2.47158734e+00  2.47428524e+00 -3.33731793e-05 
 8.20564000e-02  2.50034700e+00  3.79882544e+00  2.46875517e+00  2.47142830e+00 -3.33936412e-05 
 8.20614000e-02  2.50037629e+00  3.79601759e+00  2.46595342e+00  2.46859913e+00 -3.34138881e-05 
 8.20664000e-02  2.50040521e+00  3.79324270e+00  2.46318487e+00  2.46580053e+00 -3.34338998e-05 
 8.20714000e-02  2.50043372e+00  3.79050353e+00  2.46045228e+00  2.46303528e+00 -3.34536564e-05 
 8.20764000e-02  2.50046181e+00  3.78780281e+00  2.45775838e+00  2.46030615e+00 -3.34731381e-05 
 8.20814000e-02  2.50048944e+00  3.78514323e+00  2.45510585e+00  2.45761585e+00 -3.34923254e-05 
 8.20864000e-02  2.50051659e+00  3.78252744e+00  2.45249732e+00  2.45496705e+00 -3.35111993e-05 
 8.20914000e-02  2.50054323e+00  3.77995804e+00  2.44993541e+00  2.45236241e+00 -3.35297408e-05 
 8.20964000e-02  2.50056934e+00  3.77743761e+00  2.44742267e+00  2.44980451e+00 -3.35479313e-05 
 8.21014000e-02  2.50059488e+00  3.77496866e+00  2.44496161e+00  2.44729592e+00 -3.35657527e-05 
 8.21064000e-02  2.50061983e+00  3.77255365e+00  2.44255468e+00  2.44483913e+00 -3.35831870e-05 
 8.21114000e-02  2.50064418e+00  3.77019500e+00  2.44020429e+00  2.44243660e+00 -3.36002169e-05 
 8.21164000e-02  2.50066788e+00  3.76789506e+00  2.43791280e+00  2.44009073e+00 -3.36168252e-05 
 8.21214000e-02  2.50069093e+00  3.76565614e+00  2.43568248e+00  2.43780386e+00 -3.36329953e-05 
 8.21264000e-02  2.50071330e+00  3.76348047e+00  2.43351558e+00  2.43557828e+00 -3.36487109e-05 
 8.21314000e-02  2.50073496e+00  3.76137023e+00  2.43141425e+00  2.43341622e+00 -3.36639563e-05 
 8.21364000e-02  2.50075590e+00  3.75932753e+00  2.42938060e+00  2.43131984e+00 -3.36787161e-05 
 8.21414000e-02  2.50077609e+00  3.75735441e+00  2.42741668e+00  2.42929123e+00 -3.36929755e-05 
 8.21464000e-02  2.50079552e+00  3.75545286e+00  2.42552444e+00  2.42733243e+00 -3.37067202e-05 
 8.21514000e-02  2.50081416e+00  3.75362477e+00  2.42370577e+00  2.42544540e+00 -3.37199363e-05 
 8.21564000e-02  2.50083199e+00  3.75187198e+00  2.42196251e+00  2.42363203e+00 -3.37326107e-05 
 8.21614000e-02  2.50084901e+00  3.75019624e+00  2.42029640e+00  2.42189413e+00 -3.37447304e-05 
 8.21664000e-02  2.50086519e+00  3.74859924e+00  2.41870910e+00  2.42023345e+00 -3.37562833e-05 
 8.21714000e-02  2.50088051e+00  3.74708257e+00  2.41720222e+00  2.41865165e+00 -3.37672578e-05 
 8.21764000e-02  2.50089497e+00  3.74564775e+00  2.41577726e+00  2.41715032e+00 -3.37776428e-05 
 8.21814000e-02  2.50090854e+00  3.74429623e+00  2.41443565e+00  2.41573097e+00 -3.37874278e-05 
 8.21864000e-02  2.50092121e+00  3.74302936e+00  2.41317873e+00  2.41439501e+00 -3.37966031e-05 
 8.21914000e-02  2.50093298e+00  3.74184841e+00  2.41200777e+00  2.41314379e+00 -3.38051593e-05 
 8.21964000e-02  2.50094382e+00  3.74075456e+00  2.41092394e+00  2.41197856e+00 -3.38130878e-05 
 8.22014000e-02  2.50095374e+00  3.73974892e+00  2.40992834e+00  2.41090049e+00 -3.38203806e-05 
 8.22064000e-02  2.50096271e+00  3.73883249e+00  2.40902195e+00  2.40991066e+00 -3.38270305e-05 
 8.22114000e-02  2.50097073e+00  3.73800619e+00  2.40820569e+00  2.40901008e+00 -3.38330306e-05 
 8.22164000e-02  2.50097780e+00  3.73727085e+00  2.40748038e+00  2.40819963e+00 -3.38383749e-05 
 8.22214000e-02  2.50098390e+00  3.73662722e+00  2.40684675e+00  2.40748014e+00 -3.38430581e-05 
 8.22264000e-02  2.50098903e+00  3.73607593e+00  2.40630543e+00  2.40685232e+00 -3.38470753e-05 
 8.22314000e-02  2.50099318e+00  3.73561754e+00  2.40585696e+00  2.40631682e+00 -3.38504227e-05 
 8.22364000e-02  2.50099635e+00  3.73525250e+00  2.40550181e+00  2.40587415e+00 -3.38530967e-05 
 8.22414000e-02  2.50099854e+00  3.73498120e+00  2.40524031e+00  2.40552478e+00 -3.38550947e-05 
 8.22464000e-02  2.50099974e+00  3.73480389e+00  2.40507274e+00  2.40526905e+00 -3.38564146e-05 
 8.22514000e-02  2.50099996e+00  3.73472076e+00  2.40499927e+00  2.40510722e+00 -3.38570552e-05 
 8.22564000e-02  2.50099919e+00  3.73473189e+00  2.40501997e+00  2.40503944e+00 -3.38570158e-05 
 8.22614000e-02  2.50099744e+00  3.73483727e+00  2.40513481e+00  2.40506579e+00 -3.38562965e-05 
 8.22664000e-02  2.50099470e+00  3.73503679e+00  2.40534369e+00  2.40518625e+00 -3.38548979e-05 
 8.22714000e-02  2.50099097e+00  3.73533025e+00  2.40564638e+00  2.40540068e+00 -3.38528215e-05 
 8.22764000e-02  2.50098627e+00  3.73571736e+00  2.40604260e+00  2.40570888e+00 -3.38500693e-05 
 8.22814000e-02  2.50098060e+00  3.73619772e+00  2.40653193e+00  2.40611054e+00 -3.38466443e-05 
 8.22864000e-02  2.50097396e+00  3.73677086e+00  2.40711390e+00  2.40660524e+00 -3.38425498e-05 
 8.22914000e-02  2.50096636e+00  3.73743620e+00  2.40778791e+00  2.40719251e+00 -3.38377899e-05 
 8.22964000e-02  2.50095780e+00  3.73819307e+00  2.40855328e+00  2.40787173e+00 -3.38323695e-05 
 8.23014000e-02  2.50094830e+00  3.73904072e+00  2.40940925e+00  2.40864224e+00 -3.38262940e-05 
 8.23064000e-02  2.50093786e+00  3.73997828e+00  2.41035497e+00  2.40950326e+00 -3.38195696e-05 
 8.23114000e-02  2.50092650e+00  3.74100482e+00  2.41138947e+00  2.41045393e+00 -3.38122031e-05 
 8.23164000e-02  2.50091423e+00  3.74211931e+00  2.41251173e+00  2.41149328e+00 -3.38042018e-05 
 8.23214000e-02  2.50090105e+00  3.74332063e+00  2.41372061e+00  2.41262029e+00 -3.37955739e-05 
 8.23264000e-02  2.50088698e+00  3.74460758e+00  2.41501490e+00  2.41383381e+00 -3.37863281e-05 
 8.23314000e-02  2.50087204e+00  3.74597885e+00  2.41639331e+00  2.41513263e+00 -3.37764736e-05 
 8.23364000e-02  2.50085623e+00  3.74743309e+00  2.41785445e+00  2.41651544e+00 -3.37660205e-05 
 8.23414000e-02  2.50083958e+00  3.74896882e+00  2.41939685e+00  2.41798087e+00 -3.37549792e-05 
 8.23464000e-02  2.50082210e+00  3.75058451e+00  2.42101898e+00  2.41952743e+00 -3.37433608e-05 
 8.23514000e-02  2.50080382e+00  3.75227854e+00  2.42271920e+00  2.42115358e+00 -3.37311772e-05 
 8.23564000e-02  2.50078473e+00  3.75404921e+00  2.42449580e+00  2.42285769e+00 -3.37184405e-05 
 8.23614000e-02  2.50076488e+00  3.75589475e+00  2.42634702e+00  2.42463805e+00 -3.37051635e-05 
 8.23664000e-02  2.50074426e+00  3.75781331e+00  2.42827099e+00  2.42649288e+00 -3.36913597e-05 
 8.23714000e-02  2.50072292e+00  3.75980296e+00  2.43026579e+00  2.42842032e+00 -3.36770428e-05 
 8.23764000e-02  2.50070086e+00  3.76186172e+00  2.43232942e+00  2.43041843e+00 -3.36622274e-05 
 8.23814000e-02  2.50067811e+00  3.76398752e+00  2.43445981e+00  2.43248523e+00 -3.36469282e-05 
 8.23864000e-02  2.50065469e+00  3.76617823e+00  2.43665484e+00  2.43461863e+00 -3.36311607e-05 
 8.23914000e-02  2.50063062e+00  3.76843168e+00  2.43891230e+00  2.43681650e+00 -3.36149406e-05 
 8.23964000e-02  2.50060593e+00  3.77074559e+00  2.44122995e+00  2.43907666e+00 -3.35982843e-05 
 8.24014000e-02  2.50058065e+00  3.77311766e+00  2.44360546e+00  2.44139683e+00 -3.35812085e-05 
 8.24064000e-02  2.50055479e+00  3.77554552e+00  2.44603646e+00  2.44377470e+00 -3.35637303e-05 
 8.24114000e-02  2.50052838e+00  3.77802674e+00  2.44852052e+00  2.44620788e+00 -3.35458672e-05 
 8.24164000e-02  2.50050145e+00  3.78055885e+00  2.45105516e+00  2.44869396e+00 -3.35276371e-05 
 8.24214000e-02  2.50047403e+00  3.78313931e+00  2.45363786e+00  2.45123045e+00 -3.35090582e-05 
 8.24264000e-02  2.50044614e+00  3.78576556e+00  2.45626603e+00  2.45381482e+00 -3.34901492e-05 
 8.24314000e-02  2.50041780e+00  3.78843498e+00  2.45893705e+00  2.45644449e+00 -3.34709289e-05 
 8.24364000e-02  2.50038906e+00  3.79114490e+00  2.46164827e+00  2.45911683e+00 -3.34514166e-05 
 8.24414000e-02  2.50035993e+00  3.79389262e+00  2.46439698e+00  2.46182919e+00 -3.34316317e-05 
 8.24464000e-02  2.50033045e+00  3.79667542e+00  2.46718044e+00  2.46457886e+00 -3.34115941e-05 
 8.24514000e-02  2.50030064e+00  3.79949051e+00  2.46999589e+00  2.46736310e+00 -3.33913236e-05 
 8.24564000e-02  2.50027053e+00  3.80233510e+00  2.47284052e+00  2.47017915e+00 -3.33708405e-05 
 8.24614000e-02  2.50024016e+00  3.80520636e+00  2.47571151e+00  2.47302420e+00 -3.33501652e-05 
 8.24664000e-02  2.50020955e+00  3.80810144e+00  2.47860600e+00  2.47589542e+00 -3.33293183e-05 
 8.24714000e-02  2.50017873e+00  3.81101746e+00  2.48152112e+00  2.47878996e+00 -3.33083204e-05 
 8.24764000e-02  2.50014774e+00  3.81395152e+00  2.48445398e+00  2.48170495e+00 -3.32871926e-05 
 8.24814000e-02  2.50011660e+00  3.81690073e+00  2.48740165e+00  2.48463750e+00 -3.32659557e-05 
 8.24864000e-02  2.50008535e+00  3.81986215e+00  2.49036124e+00  2.48758468e+00 -3.32446309e-05 
 8.24914000e-02  2.50005401e+00  3.82283284e+00  2.49332979e+00  2.49054359e+00 -3.32232393e-05 
 8.24964000e-02  2.50002262e+00  3.82580988e+00  2.49630438e+00  2.49351130e+00 -3.32018020e-05 
 8.25014000e-02  2.49999120e+00  3.82879031e+00  2.49928205e+00  2.49648485e+00 -3.31803404e-05 
 8.25064000e-02  2.49995980e+00  3.83177118e+00  2.50225987e+00  2.49946132e+00 -3.31588756e-05 
 8.25114000e-02  2.49992843e+00  3.83474955e+00  2.50523490e+00  2.50243775e+00 -3.31374289e-05 
 8.25164000e-02  2.49989714e+00  3.83772249e+00  2.50820418e+00  2.50541122e+00 -3.31160214e-05 
 8.25214000e-02  2.49986594e+00  3.84068704e+00  2.51116480e+00  2.50837877e+00 -3.30946742e-05 
 8.25264000e-02  2.49983488e+00  3.84364030e+00  2.51411384e+00  2.51133749e+00 -3.30734084e-05 
 8.25314000e-02  2.49980399e+00  3.84657935e+00  2.51704839e+00  2.51428445e+00 -3.30522450e-05 
 8.25364000e-02  2.49977328e+00  3.84950130e+00  2.51996555e+00  2.51721675e+00 -3.30312048e-05 
 8.25414000e-02  2.49974280e+00  3.85240327e+00  2.52286247e+00  2.52013151e+00 -3.30103084e-05 
 8.25464000e-02  2.49971257e+00  3.85528241e+00  2.52573628e+00  2.52302586e+00 -3.29895763e-05 
 8.25514000e-02  2.49968263e+00  3.85813589e+00  2.52858417e+00  2.52589695e+00 -3.29690290e-05 
 8.25564000e-02  2.49965300e+00  3.86096091e+00  2.53140335e+00  2.52874196e+00 -3.29486865e-05 
 8.25614000e-02  2.49962371e+00  3.86375470e+00  2.53419104e+00  2.53155810e+00 -3.29285688e-05 
 8.25664000e-02  2.49959479e+00  3.86651452e+00  2.53694452e+00  2.53434260e+00 -3.29086956e-05 
 8.25714000e-02  2.49956628e+00  3.86923766e+00  2.53966108e+00  2.53709274e+00 -3.28890862e-05 
 8.25764000e-02  2.49953819e+00  3.87192146e+00  2.54233807e+00  2.53980582e+00 -3.28697598e-05 
 8.25814000e-02  2.49951056e+00  3.87456330e+00  2.54497287e+00  2.54247919e+00 -3.28507354e-05 
 8.25864000e-02  2.49948341e+00  3.87716059e+00  2.54756290e+00  2.54511023e+00 -3.28320313e-05 
 8.25914000e-02  2.49945677e+00  3.87971081e+00  2.55010565e+00  2.54769637e+00 -3.28136659e-05 
 8.25964000e-02  2.49943066e+00  3.88221145e+00  2.55259861e+00  2.55023509e+00 -3.27956570e-05 
 8.26014000e-02  2.49940512e+00  3.88466008e+00  2.55503937e+00  2.55272391e+00 -3.27780220e-05 
 8.26064000e-02  2.49938017e+00  3.88705432e+00  2.55742555e+00  2.55516041e+00 -3.27607782e-05 
 8.26114000e-02  2.49935582e+00  3.88939183e+00  2.55975483e+00  2.55754220e+00 -3.27439422e-05 
 8.26164000e-02  2.49933212e+00  3.89167035e+00  2.56202493e+00  2.55986698e+00 -3.27275304e-05 
 8.26214000e-02  2.49930907e+00  3.89388765e+00  2.56423365e+00  2.56213247e+00 -3.27115586e-05 
 8.26264000e-02  2.49928670e+00  3.89604158e+00  2.56637885e+00  2.56433649e+00 -3.26960423e-05 
 8.26314000e-02  2.49926504e+00  3.89813006e+00  2.56845844e+00  2.56647688e+00 -3.26809965e-05 
 8.26364000e-02  2.49924410e+00  3.90015105e+00  2.57047042e+00  2.56855157e+00 -3.26664357e-05 
 8.26414000e-02  2.49922391e+00  3.90210260e+00  2.57241281e+00  2.57055854e+00 -3.26523740e-05 
 8.26464000e-02  2.49920448e+00  3.90398282e+00  2.57428376e+00  2.57249587e+00 -3.26388248e-05 
 8.26514000e-02  2.49918584e+00  3.90578988e+00  2.57608144e+00  2.57436165e+00 -3.26258013e-05 
 8.26564000e-02  2.49916801e+00  3.90752204e+00  2.57780411e+00  2.57615410e+00 -3.26133161e-05 
 8.26614000e-02  2.49915099e+00  3.90917763e+00  2.57945012e+00  2.57787147e+00 -3.26013810e-05 
 8.26664000e-02  2.49913481e+00  3.91075503e+00  2.58101786e+00  2.57951211e+00 -3.25900076e-05 
 8.26714000e-02  2.49911949e+00  3.91225274e+00  2.58250583e+00  2.58107443e+00 -3.25792067e-05 
 8.26764000e-02  2.49910503e+00  3.91366931e+00  2.58391259e+00  2.58255692e+00 -3.25689888e-05 
 8.26814000e-02  2.49909146e+00  3.91500336e+00  2.58523679e+00  2.58395815e+00 -3.25593637e-05 
 8.26864000e-02  2.49907879e+00  3.91625362e+00  2.58647714e+00  2.58527677e+00 -3.25503406e-05 
 8.26914000e-02  2.49906702e+00  3.91741887e+00  2.58763245e+00  2.58651151e+00 -3.25419280e-05 
 8.26964000e-02  2.49905618e+00  3.91849800e+00  2.58870161e+00  2.58766118e+00 -3.25341342e-05 
 8.27014000e-02  2.49904626e+00  3.91948996e+00  2.58968359e+00  2.58872467e+00 -3.25269664e-05 
 8.27064000e-02  2.49903729e+00  3.92039380e+00  2.59057745e+00  2.58970095e+00 -3.25204317e-05 
 8.27114000e-02  2.49902927e+00  3.92120866e+00  2.59138232e+00  2.59058910e+00 -3.25145362e-05 
 8.27164000e-02  2.49902220e+00  3.92193374e+00  2.59209743e+00  2.59138825e+00 -3.25092855e-05 
 8.27214000e-02  2.49901610e+00  3.92256835e+00  2.59272209e+00  2.59209763e+00 -3.25046848e-05 
 8.27264000e-02  2.49901097e+00  3.92311189e+00  2.59325570e+00  2.59271656e+00 -3.25007383e-05 
 8.27314000e-02  2.49900682e+00  3.92356382e+00  2.59369776e+00  2.59324446e+00 -3.24974499e-05 
 8.27364000e-02  2.49900365e+00  3.92392371e+00  2.59404782e+00  2.59368080e+00 -3.24948226e-05 
 8.27414000e-02  2.49900146e+00  3.92419122e+00  2.59430557e+00  2.59402517e+00 -3.24928591e-05 
 8.27464000e-02  2.49900026e+00  3.92436609e+00  2.59447075e+00  2.59427725e+00 -3.24915611e-05 
 8.27514000e-02  2.49900004e+00  3.92444815e+00  2.59454320e+00  2.59443678e+00 -3.24909300e-05 
 8.27564000e-02  2.49900081e+00  3.92443732e+00  2.59452285e+00  2.59450362e+00 -3.24909663e-05 
 8.27614000e-02  2.49900256e+00  3.92433362e+00  2.59440973e+00  2.59447770e+00 -3.24916699e-05 
 8.27664000e-02  2.49900530e+00  3.92413713e+00  2.59420393e+00  2.59435904e+00 -3.24930403e-05 
 8.27714000e-02  2.49900903e+00  3.92384806e+00  2.59390567e+00  2.59414776e+00 -3.24950761e-05 
 8.27764000e-02  2.49901373e+00  3.92346668e+00  2.59351522e+00  2.59384407e+00 -3.24977754e-05 
 8.27814000e-02  2.49901940e+00  3.92299335e+00  2.59303296e+00  2.59344825e+00 -3.25011357e-05 
 8.27864000e-02  2.49902604e+00  3.92242853e+00  2.59245935e+00  2.59296068e+00 -3.25051536e-05 
 8.27914000e-02  2.49903364e+00  3.92177276e+00  2.59179495e+00  2.59238184e+00 -3.25098254e-05 
 8.27964000e-02  2.49904220e+00  3.92102668e+00  2.59104039e+00  2.59171228e+00 -3.25151466e-05 
 8.28014000e-02  2.49905170e+00  3.92019099e+00  2.59019640e+00  2.59095264e+00 -3.25211122e-05 
 8.28064000e-02  2.49906214e+00  3.91926651e+00  2.58926380e+00  2.59010365e+00 -3.25277164e-05 
 8.28114000e-02  2.49907350e+00  3.91825412e+00  2.58824347e+00  2.58916614e+00 -3.25349529e-05 
 8.28164000e-02  2.49908577e+00  3.91715479e+00  2.58713640e+00  2.58814099e+00 -3.25428149e-05 
 8.28214000e-02  2.49909895e+00  3.91596959e+00  2.58594365e+00  2.58702921e+00 -3.25512948e-05 
 8.28264000e-02  2.49911302e+00  3.91469966e+00  2.58466639e+00  2.58583186e+00 -3.25603845e-05 
 8.28314000e-02  2.49912796e+00  3.91334621e+00  2.58330583e+00  2.58455009e+00 -3.25700752e-05 
 8.28364000e-02  2.49914377e+00  3.91191056e+00  2.58186328e+00  2.58318513e+00 -3.25803578e-05 
 8.28414000e-02  2.49916042e+00  3.91039409e+00  2.58034015e+00  2.58173832e+00 -3.25912223e-05 
 8.28464000e-02  2.49917790e+00  3.90879827e+00  2.57873790e+00  2.58021103e+00 -3.26026584e-05 
 8.28514000e-02  2.49919618e+00  3.90712463e+00  2.57705808e+00  2.57860475e+00 -3.26146550e-05 
 8.28564000e-02  2.49921527e+00  3.90537479e+00  2.57530230e+00  2.57692103e+00 -3.26272006e-05 
 8.28614000e-02  2.49923512e+00  3.90355045e+00  2.57347228e+00  2.57516149e+00 -3.26402831e-05 
 8.28664000e-02  2.49925574e+00  3.90165336e+00  2.57156978e+00  2.57332784e+00 -3.26538900e-05 
 8.28714000e-02  2.49927708e+00  3.89968538e+00  2.56959664e+00  2.57142185e+00 -3.26680082e-05 
 8.28764000e-02  2.49929914e+00  3.89764839e+00  2.56755477e+00  2.56944536e+00 -3.26826241e-05 
 8.28814000e-02  2.49932189e+00  3.89554438e+00  2.56544616e+00  2.56740029e+00 -3.26977234e-05 
 8.28864000e-02  2.49934531e+00  3.89337539e+00  2.56327284e+00  2.56528863e+00 -3.27132918e-05 
 8.28914000e-02  2.49936938e+00  3.89114352e+00  2.56103694e+00  2.56311242e+00 -3.27293141e-05 
 8.28964000e-02  2.49939407e+00  3.88885095e+00  2.55874061e+00  2.56087378e+00 -3.27457748e-05 
 8.29014000e-02  2.49941935e+00  3.88649990e+00  2.55638611e+00  2.55857488e+00 -3.27626579e-05 
 8.29064000e-02  2.49944521e+00  3.88409266e+00  2.55397570e+00  2.55621795e+00 -3.27799472e-05 
 8.29114000e-02  2.49947162e+00  3.88163157e+00  2.55151175e+00  2.55380530e+00 -3.27976259e-05 
 8.29164000e-02  2.49949855e+00  3.87911903e+00  2.54899666e+00  2.55133926e+00 -3.28156767e-05 
 8.29214000e-02  2.49952597e+00  3.87655750e+00  2.54643287e+00  2.54882225e+00 -3.28340821e-05 
 8.29264000e-02  2.49955386e+00  3.87394947e+00  2.54382289e+00  2.54625671e+00 -3.28528243e-05 
 8.29314000e-02  2.49958220e+00  3.87129748e+00  2.54116927e+00  2.54364516e+00 -3.28718849e-05 
 8.29364000e-02  2.49961094e+00  3.86860414e+00  2.53847460e+00  2.54099014e+00 -3.28912455e-05 
 8.29414000e-02  2.49964007e+00  3.86587208e+00  2.53574152e+00  2.53829425e+00 -3.29108870e-05 
 8.29464000e-02  2.49966955e+00  3.86310396e+00  2.53297270e+00  2.53556012e+00 -3.29307903e-05 
 8.29514000e-02  2.49969936e+00  3.86030251e+00  2.53017087e+00  2.53279044e+00 -3.29509360e-05 
 8.29564000e-02  2.49972947e+00  3.85747047e+00  2.52733875e+00  2.52998792e+00 -3.29713043e-05 
 8.29614000e-02  2.49975984e+00  3.85461062e+00  2.52447915e+00  2.52715530e+00 -3.29918753e-05 
 8.29664000e-02  2.49979045e+00  3.85172577e+00  2.52159485e+00  2.52429537e+00 -3.30126287e-05 
 8.29714000e-02  2.49982127e+00  3.84881875e+00  2.51868870e+00  2.52141093e+00 -3.30335443e-05 
 8.29764000e-02  2.49985226e+00  3.84589243e+00  2.51576356e+00  2.51850482e+00 -3.30546015e-05 
 8.29814000e-02  2.49988340e+00  3.84294967e+00  2.51282230e+00  2.51557990e+00 -3.30757795e-05 
 8.29864000e-02  2.49991465e+00  3.83999339e+00  2.50986782e+00  2.51263904e+00 -3.30970576e-05 
 8.29914000e-02  2.49994599e+00  3.83702649e+00  2.50690304e+00  2.50968515e+00 -3.31184148e-05 
 8.29964000e-02  2.49997738e+00  3.83405191e+00  2.50393088e+00  2.50672113e+00 -3.31398299e-05 
 8.30014000e-02  2.50000880e+00  3.83107257e+00  2.50095427e+00  2.50374991e+00 -3.31612819e-05 
 8.30064000e-02  2.50004020e+00  3.82809142e+00  2.49797615e+00  2.50077442e+00 -3.31827495e-05 
 8.30114000e-02  2.50007157e+00  3.82511141e+00  2.49499947e+00  2.49779761e+00 -3.32042116e-05 
 8.30164000e-02  2.50010286e+00  3.82213549e+00  2.49202717e+00  2.49482241e+00 -3.32256469e-05 
 8.30214000e-02  2.50013406e+00  3.81916659e+00  2.48906219e+00  2.49185176e+00 -3.32470342e-05 
 8.30264000e-02  2.50016512e+00  3.81620767e+00  2.48610747e+00  2.48888861e+00 -3.32683523e-05 
 8.30314000e-02  2.50019601e+00  3.81326165e+00  2.48316594e+00  2.48593590e+00 -3.32895799e-05 
 8.30364000e-02  2.50022672e+00  3.81033145e+00  2.48024051e+00  2.48299654e+00 -3.33106961e-05 
 8.30414000e-02  2.50025720e+00  3.80741999e+00  2.47733409e+00  2.48007346e+00 -3.33316799e-05 
 8.30464000e-02  2.50028743e+00  3.80453015e+00  2.47444956e+00  2.47716955e+00 -3.33525104e-05 
 8.30514000e-02  2.50031737e+00  3.80166480e+00  2.47158979e+00  2.47428769e+00 -3.33731669e-05 
 8.30564000e-02  2.50034700e+00  3.79882679e+00  2.46875762e+00  2.47143076e+00 -3.33936287e-05 
 8.30614000e-02  2.50037629e+00  3.79601894e+00  2.46595587e+00  2.46860159e+00 -3.34138756e-05 
 8.30664000e-02  2.50040521e+00  3.79324406e+00  2.46318733e+00  2.46580298e+00 -3.34338873e-05 
 8.30714000e-02  2.50043372e+00  3.79050489e+00  2.46045474e+00  2.46303774e+00 -3.34536439e-05 
 8.30764000e-02  2.50046181e+00  3.78780417e+00  2.45776084e+00  2.46030861e+00 -3.34731256e-05 
 8.30814000e-02  2.50048944e+00  3.78514458e+00  2.45510830e+00  2.45761830e+00 -3.34923130e-05 
 8.30864000e-02  2.50051659e+00  3.78252879e+00  2.45249978e+00  2.45496951e+00 -3.35111868e-05 
 8.30914000e-02  2.50054323e+00  3.77995940e+00  2.44993787e+00  2.45236487e+00 -3.35297283e-05 
 8.30964000e-02  2.50056934e+00  3.77743897e+00  2.44742513e+00  2.44980697e+00 -3.35479188e-05 
 8.31014000e-02  2.50059488e+00  3.77497002e+00  2.44496407e+00  2.44729838e+00 -3.35657402e-05 
 8.31064000e-02  2.50061983e+00  3.77255501e+00  2.44255714e+00  2.44484159e+00 -3.35831745e-05 
 8.31114000e-02  2.50064418e+00  3.77019636e+00  2.44020675e+00  2.44243906e+00 -3.36002044e-05 
 8.31164000e-02  2.50066788e+00  3.76789642e+00  2.43791526e+00  2.44009319e+00 -3.36168127e-05 
 8.31214000e-02  2.50069093e+00  3.76565750e+00  2.43568494e+00  2.43780632e+00 -3.36329828e-05 
 8.31264000e-02  2.50071330e+00  3.76348183e+00  2.43351803e+00  2.43558074e+00 -3.36486984e-05 
 8.31314000e-02  2.50073496e+00  3.76137159e+00  2.43141671e+00  2.43341868e+00 -3.36639438e-05 
 8.31364000e-02  2.50075590e+00  3.75932889e+00  2.42938306e+00  2.43132229e+00 -3.36787036e-05 
 8.31414000e-02  2.50077609e+00  3.75735577e+00  2.42741914e+00  2.42929369e+00 -3.36929630e-05 
 8.31464000e-02  2.50079552e+00  3.75545422e+00  2.42552689e+00  2.42733489e+00 -3.37067077e-05 
 8.31514000e-02  2.50081416e+00  3.75362613e+00  2.42370823e+00  2.42544786e+00 -3.37199238e-05 
 8.31564000e-02  2.50083199e+00  3.75187334e+00  2.42196497e+00  2.42363448e+00 -3.37325981e-05 
 8.31614000e-02  2.50084901e+00  3.75019760e+00  2.42029886e+00  2.42189659e+00 -3.37447178e-05 
 8.31664000e-02  2.50086519e+00  3.74860060e+00  2.41871156e+00  2.42023591e+00 -3.37562708e-05 
 8.31714000e-02  2.50088051e+00  3.74708393e+00  2.41720468e+00  2.41865411e+00 -3.37672452e-05 
 8.31764000e-02  2.50089497e+00  3.74564911e+00  2.41577972e+00  2.41715278e+00 -3.37776302e-05 
 8.31814000e-02  2.50090854e+00  3.74429759e+00  2.41443810e+00  2.41573343e+00 -3.37874153e-05 
 8.31864000e-02  2.50092121e+00  3.74303072e+00  2.41318119e+00  2.41439747e+00 -3.37965905e-05 
 8.31914000e-02  2.50093298e+00  3.74184977e+00  2.41201023e+00  2.41314625e+00 -3.38051467e-05 
 8.31964000e-02  2.50094382e+00  3.74075592e+00  2.41092640e+00  2.41198102e+00 -3.38130753e-05 
 8.32014000e-02  2.50095374e+00  3.73975028e+00  2.40993079e+00  2.41090295e+00 -3.38203681e-05 
 8.32064000e-02  2.50096271e+00  3.73883385e+00  2.40902441e+00  2.40991312e+00 -3.38270179e-05 
 8.32114000e-02  2.50097073e+00  3.73800755e+00  2.40820815e+00  2.40901254e+00 -3.38330181e-05 
 8.32164000e-02  2.50097780e+00  3.73727222e+00  2.40748284e+00  2.40820209e+00 -3.38383624e-05 
 8.32214000e-02  2.50098390e+00  3.73662858e+00  2.40684920e+00  2.40748260e+00 -3.38430455e-05 
 8.32264000e-02  2.50098903e+00  3.73607729e+00  2.40630788e+00  2.40685478e+00 -3.38470628e-05 
 8.32314000e-02  2.50099318e+00  3.73561890e+00  2.40585942e+00  2.40631927e+00 -3.38504101e-05 
 8.32364000e-02  2.50099635e+00  3.73525387e+00  2.40550426e+00  2.40587661e+00 -3.38530841e-05 
 8.32414000e-02  2.50099854e+00  3.73498256e+00  2.40524277e+00  2.40552724e+00 -3.38550821e-05 
 8.32464000e-02  2.50099974e+00  3.73480525e+00  2.40507520e+00  2.40527151e+00 -3.38564021e-05 
 8.32514000e-02  2.50099996e+00  3.73472212e+00  2.40500173e+00  2.40510967e+00 -3.38570427e-05 
 8.32564000e-02  2.50099919e+00  3.73473325e+00  2.40502242e+00  2.40504190e+00 -3.38570033e-05 
 8.32614000e-02  2.50099744e+00  3.73483863e+00  2.40513727e+00  2.40506825e+00 -3.38562839e-05 
 8.32664000e-02  2.50099470e+00  3.73503815e+00  2.40534614e+00  2.40518870e+00 -3.38548853e-05 
 8.32714000e-02  2.50099097e+00  3.73533161e+00  2.40564884e+00  2.40540314e+00 -3.38528089e-05 
 8.32764000e-02  2.50098627e+00  3.73571872e+00  2.40604505e+00  2.40571134e+00 -3.38500568e-05 
 8.32814000e-02  2.50098060e+00  3.73619908e+00  2.40653439e+00  2.40611299e+00 -3.38466318e-05 
 8.32864000e-02  2.50097396e+00  3.73677222e+00  2.40711635e+00  2.40660770e+00 -3.38425372e-05 
 8.32914000e-02  2.50096636e+00  3.73743756e+00  2.40779036e+00  2.40719496e+00 -3.38377774e-05 
 8.32964000e-02  2.50095780e+00  3.73819444e+00  2.40855574e+00  2.40787419e+00 -3.38323569e-05 
 8.33014000e-02  2.50094830e+00  3.73904208e+00  2.40941171e+00  2.40864470e+00 -3.38262815e-05 
 8.33064000e-02  2.50093786e+00  3.73997964e+00  2.41035742e+00  2.40950572e+00 -3.38195571e-05 
 8.33114000e-02  2.50092650e+00  3.74100618e+00  2.41139193e+00  2.41045638e+00 -3.38121905e-05 
 8.33164000e-02  2.50091423e+00  3.74212067e+00  2.41251418e+00  2.41149574e+00 -3.38041893e-05 
 8.33214000e-02  2.50090105e+00  3.74332199e+00  2.41372306e+00  2.41262274e+00 -3.37955614e-05 
 8.33264000e-02  2.50088698e+00  3.74460894e+00  2.41501736e+00  2.41383626e+00 -3.37863155e-05 
 8.33314000e-02  2.50087204e+00  3.74598021e+00  2.41639576e+00  2.41513508e+00 -3.37764611e-05 
 8.33364000e-02  2.50085623e+00  3.74743445e+00  2.41785690e+00  2.41651789e+00 -3.37660079e-05 
 8.33414000e-02  2.50083958e+00  3.74897018e+00  2.41939931e+00  2.41798332e+00 -3.37549667e-05 
 8.33464000e-02  2.50082210e+00  3.75058587e+00  2.42102143e+00  2.41952988e+00 -3.37433483e-05 
 8.33514000e-02  2.50080382e+00  3.75227990e+00  2.42272165e+00  2.42115603e+00 -3.37311647e-05 
 8.33564000e-02  2.50078473e+00  3.75405057e+00  2.42449825e+00  2.42286014e+00 -3.37184280e-05 
 8.33614000e-02  2.50076488e+00  3.75589611e+00  2.42634947e+00  2.42464050e+00 -3.37051510e-05 
 8.33664000e-02  2.50074426e+00  3.75781467e+00  2.42827344e+00  2.42649533e+00 -3.36913472e-05 
 8.33714000e-02  2.50072292e+00  3.75980432e+00  2.43026824e+00  2.42842277e+00 -3.36770303e-05 
 8.33764000e-02  2.50070086e+00  3.76186308e+00  2.43233187e+00  2.43042088e+00 -3.36622149e-05 
 8.33814000e-02  2.50067811e+00  3.76398888e+00  2.43446226e+00  2.43248767e+00 -3.36469157e-05 
 8.33864000e-02  2.50065469e+00  3.76617959e+00  2.43665729e+00  2.43462108e+00 -3.36311482e-05 
 8.33914000e-02  2.50063062e+00  3.76843303e+00  2.43891475e+00  2.43681895e+00 -3.36149281e-05 
 8.33964000e-02  2.50060593e+00  3.77074695e+00  2.44123240e+00  2.43907911e+00 -3.35982718e-05 
 8.34014000e-02  2.50058065e+00  3.77311902e+00  2.44360790e+00  2.44139928e+00 -3.35811960e-05 
 8.34064000e-02  2.50055479e+00  3.77554688e+00  2.44603890e+00  2.44377714e+00 -3.35637178e-05 
 8.34114000e-02  2.50052838e+00  3.77802810e+00  2.44852296e+00  2.44621033e+00 -3.35458547e-05 
 8.34164000e-02  2.50050145e+00  3.78056021e+00  2.45105761e+00  2.44869641e+00 -3.35276246e-05 
 8.34214000e-02  2.50047403e+00  3.78314067e+00  2.45364030e+00  2.45123290e+00 -3.35090457e-05 
 8.34264000e-02  2.50044614e+00  3.78576692e+00  2.45626847e+00  2.45381726e+00 -3.34901367e-05 
 8.34314000e-02  2.50041780e+00  3.78843634e+00  2.45893950e+00  2.45644693e+00 -3.34709164e-05 
 8.34364000e-02  2.50038906e+00  3.79114626e+00  2.46165071e+00  2.45911927e+00 -3.34514041e-05 
 8.34414000e-02  2.50035993e+00  3.79389398e+00  2.46439942e+00  2.46183163e+00 -3.34316193e-05 
 8.34464000e-02  2.50033045e+00  3.79667677e+00  2.46718289e+00  2.46458130e+00 -3.34115816e-05 
 8.34514000e-02  2.50030064e+00  3.79949186e+00  2.46999833e+00  2.46736554e+00 -3.33913111e-05 
 8.34564000e-02  2.50027053e+00  3.80233645e+00  2.47284297e+00  2.47018159e+00 -3.33708280e-05 
 8.34614000e-02  2.50024016e+00  3.80520771e+00  2.47571395e+00  2.47302664e+00 -3.33501527e-05 
 8.34664000e-02  2.50020955e+00  3.80810279e+00  2.47860844e+00  2.47589786e+00 -3.33293058e-05 
 8.34714000e-02  2.50017873e+00  3.81101881e+00  2.48152356e+00  2.47879240e+00 -3.33083080e-05 
 8.34764000e-02  2.50014774e+00  3.81395288e+00  2.48445641e+00  2.48170739e+00 -3.32871802e-05 
 8.34814000e-02  2.50011660e+00  3.81690208e+00  2.48740409e+00  2.48463993e+00 -3.32659433e-05 
 8.34864000e-02  2.50008535e+00  3.81986350e+00  2.49036367e+00  2.48758712e+00 -3.32446185e-05 
 8.34914000e-02  2.50005401e+00  3.82283420e+00  2.49333223e+00  2.49054603e+00 -3.32232268e-05 
 8.34964000e-02  2.50002262e+00  3.82581123e+00  2.49630681e+00  2.49351373e+00 -3.32017896e-05 
 8.35014000e-02  2.49999120e+00  3.82879166e+00  2.49928449e+00  2.49648729e+00 -3.31803280e-05 
 8.35064000e-02  2.49995980e+00  3.83177253e+00  2.50226231e+00  2.49946375e+00 -3.31588632e-05 
 8.35114000e-02  2.49992843e+00  3.83475091e+00  2.50523733e+00  2.50244019e+00 -3.31374164e-05 
 8.35164000e-02  2.49989714e+00  3.83772384e+00  2.50820662e+00  2.50541365e+00 -3.31160089e-05 
 8.35214000e-02  2.49986594e+00  3.84068840e+00  2.51116724e+00  2.50838120e+00 -3.30946618e-05 
 8.35264000e-02  2.49983488e+00  3.84364165e+00  2.51411627e+00  2.51133992e+00 -3.30733960e-05 
 8.35314000e-02  2.49980399e+00  3.84658070e+00  2.51705082e+00  2.51428688e+00 -3.30522326e-05 
 8.35364000e-02  2.49977328e+00  3.84950265e+00  2.51996798e+00  2.51721919e+00 -3.30311924e-05 
 8.35414000e-02  2.49974280e+00  3.85240462e+00  2.52286490e+00  2.52013395e+00 -3.30102960e-05 
 8.35464000e-02  2.49971257e+00  3.85528376e+00  2.52573871e+00  2.52302829e+00 -3.29895639e-05 
 8.35514000e-02  2.49968263e+00  3.85813724e+00  2.52858660e+00  2.52589938e+00 -3.29690166e-05 
 8.35564000e-02  2.49965300e+00  3.86096226e+00  2.53140578e+00  2.52874439e+00 -3.29486741e-05 
 8.35614000e-02  2.49962371e+00  3.86375605e+00  2.53419347e+00  2.53156052e+00 -3.29285564e-05 
 8.35664000e-02  2.49959479e+00  3.86651586e+00  2.53694694e+00  2.53434503e+00 -3.29086832e-05 
 8.35714000e-02  2.49956628e+00  3.86923901e+00  2.53966351e+00  2.53709516e+00 -3.28890738e-05 
 8.35764000e-02  2.49953819e+00  3.87192281e+00  2.54234049e+00  2.53980824e+00 -3.28697475e-05 
 8.35814000e-02  2.49951056e+00  3.87456465e+00  2.54497529e+00  2.54248161e+00 -3.28507230e-05 
 8.35864000e-02  2.49948341e+00  3.87716194e+00  2.54756533e+00  2.54511265e+00 -3.28320189e-05 
 8.35914000e-02  2.49945677e+00  3.87971215e+00  2.55010807e+00  2.54769880e+00 -3.28136535e-05 
 8.35964000e-02  2.49943066e+00  3.88221279e+00  2.55260104e+00  2.55023752e+00 -3.27956446e-05 
 8.36014000e-02  2.49940512e+00  3.88466142e+00  2.55504180e+00  2.55272634e+00 -3.27780097e-05 
 8.36064000e-02  2.49938017e+00  3.88705566e+00  2.55742798e+00  2.55516283e+00 -3.27607659e-05 
 8.36114000e-02  2.49935582e+00  3.88939318e+00  2.55975725e+00  2.55754462e+00 -3.27439299e-05 
 8.36164000e-02  2.49933212e+00  3.89167169e+00  2.56202735e+00  2.55986940e+00 -3.27275181e-05 
 8.36214000e-02  2.49930907e+00  3.89388899e+00  2.56423607e+00  2.56213489e+00 -3.27115463e-05 
 8.36264000e-02  2.49928670e+00  3.89604293e+00  2.56638127e+00  2.56433891e+00 -3.26960300e-05 
 8.36314000e-02  2.49926504e+00  3.89813140e+00  2.56846087e+00  2.56647930e+00 -3.26809842e-05 
 8.36364000e-02  2.49924410e+00  3.90015240e+00  2.57047284e+00  2.56855399e+00 -3.26664234e-05 
 8.36414000e-02  2.49922391e+00  3.90210394e+00  2.57241523e+00  2.57056096e+00 -3.26523616e-05 
 8.36464000e-02  2.49920448e+00  3.90398416e+00  2.57428618e+00  2.57249828e+00 -3.26388125e-05 
 8.36514000e-02  2.49918584e+00  3.90579122e+00  2.57608386e+00  2.57436407e+00 -3.26257890e-05 
 8.36564000e-02  2.49916801e+00  3.90752338e+00  2.57780653e+00  2.57615652e+00 -3.26133037e-05 
 8.36614000e-02  2.49915099e+00  3.90917897e+00  2.57945253e+00  2.57787389e+00 -3.26013686e-05 
 8.36664000e-02  2.49913481e+00  3.91075638e+00  2.58102028e+00  2.57951453e+00 -3.25899952e-05 
 8.36714000e-02  2.49911949e+00  3.91225409e+00  2.58250825e+00  2.58107684e+00 -3.25791944e-05 
 8.36764000e-02  2.49910503e+00  3.91367065e+00  2.58391501e+00  2.58255933e+00 -3.25689765e-05 
 8.36814000e-02  2.49909146e+00  3.91500470e+00  2.58523920e+00  2.58396056e+00 -3.25593514e-05 
 8.36864000e-02  2.49907879e+00  3.91625496e+00  2.58647955e+00  2.58527918e+00 -3.25503283e-05 
 8.36914000e-02  2.49906702e+00  3.91742021e+00  2.58763487e+00  2.58651392e+00 -3.25419157e-05 
 8.36964000e-02  2.49905618e+00  3.91849934e+00  2.58870403e+00  2.58766359e+00 -3.25341219e-05 
 8.37014000e-02  2.49904626e+00  3.91949130e+00  2.58968601e+00  2.58872708e+00 -3.25269541e-05 
 8.37064000e-02  2.49903729e+00  3.92039514e+00  2.59057986e+00  2.58970337e+00 -3.25204194e-05 
 8.37114000e-02  2.49902927e+00  3.92121000e+00  2.59138473e+00  2.59059151e+00 -3.25145239e-05 
 8.37164000e-02  2.49902220e+00  3.92193508e+00  2.59209984e+00  2.59139066e+00 -3.25092732e-05 
 8.37214000e-02  2.49901610e+00  3.92256969e+00  2.59272450e+00  2.59210004e+00 -3.25046725e-05 
 8.37264000e-02  2.49901097e+00  3.92311323e+00  2.59325811e+00  2.59271898e+00 -3.25007260e-05 
 8.37314000e-02  2.49900682e+00  3.92356516e+00  2.59370017e+00  2.59324687e+00 -3.24974376e-05 
 8.37364000e-02  2.49900365e+00  3.92392505e+00  2.59405024e+00  2.59368321e+00 -3.24948103e-05 
 8.37414000e-02  2.49900146e+00  3.92419256e+00  2.59430798e+00  2.59402759e+00 -3.24928468e-05 
 8.37464000e-02  2.49900026e+00  3.92436743e+00  2.59447316e+00  2.59427966e+00 -3.24915488e-05 
 8.37514000e-02  2.49900004e+00  3.92444949e+00  2.59454561e+00  2.59443919e+00 -3.24909177e-05 
 8.37564000e-02  2.49900081e+00  3.92443866e+00  2.59452526e+00  2.59450603e+00 -3.24909540e-05 
 8.37614000e-02  2.49900256e+00  3.92433496e+00  2.59441214e+00  2.59448011e+00 -3.24916576e-05 
 8.37664000e-02  2.49900530e+00  3.92413847e+00  2.59420634e+00  2.59436145e+00 -3.24930280e-05 
 8.37714000e-02  2.49900903e+00  3.92384940e+00  2.59390808e+00  2.59415017e+00 -3.24950638e-05 
 8.37764000e-02  2.49901373e+00  3.92346802e+00  2.59351763e+00  2.59384648e+00 -3.24977631e-05 
 8.37814000e-02  2.49901940e+00  3.92299469e+00  2.59303537e+00  2.59345066e+00 -3.25011234e-05 
 8.37864000e-02  2.49902604e+00  3.92242987e+00  2.59246176e+00  2.59296309e+00 -3.25051413e-05 
 8.37914000e-02  2.49903364e+00  3.92177411e+00  2.59179736e+00  2.59238425e+00 -3.25098131e-05 
 8.37964000e-02  2.49904220e+00  3.92102802e+00  2.59104280e+00  2.59171469e+00 -3.25151343e-05 
 8.38014000e-02  2.49905170e+00  3.92019233e+00  2.59019881e+00  2.59095505e+00 -3.25210999e-05 
 8.38064000e-02  2.49906214e+00  3.91926785e+00  2.58926621e+00  2.59010606e+00 -3.25277041e-05 
 8.38114000e-02  2.49907350e+00  3.91825546e+00  2.58824588e+00  2.58916855e+00 -3.25349406e-05 
 8.38164000e-02  2.49908577e+00  3.91715613e+00  2.58713881e+00  2.58814340e+00 -3.25428026e-05 
 8.38214000e-02  2.49909895e+00  3.91597093e+00  2.58594606e+00  2.58703162e+00 -3.25512825e-05 
 8.38264000e-02  2.49911302e+00  3.91470100e+00  2.58466880e+00  2.58583427e+00 -3.25603722e-05 
 8.38314000e-02  2.49912796e+00  3.91334756e+00  2.58330824e+00  2.58455249e+00 -3.25700629e-05 
 8.38364000e-02  2.49914377e+00  3.91191191e+00  2.58186569e+00  2.58318754e+00 -3.25803455e-05 
 8.38414000e-02  2.49916042e+00  3.91039544e+00  2.58034256e+00  2.58174073e+00 -3.25912100e-05 
 8.38464000e-02  2.49917790e+00  3.90879961e+00  2.57874031e+00  2.58021344e+00 -3.26026460e-05 
 8.38514000e-02  2.49919618e+00  3.90712597e+00  2.57706049e+00  2.57860716e+00 -3.26146426e-05 
 8.38564000e-02  2.49921527e+00  3.90537614e+00  2.57530471e+00  2.57692344e+00 -3.26271882e-05 
 8.38614000e-02  2.49923512e+00  3.90355179e+00  2.57347469e+00  2.57516390e+00 -3.26402708e-05 
 8.38664000e-02  2.49925574e+00  3.90165471e+00  2.57157219e+00  2.57333025e+00 -3.26538777e-05 
 8.38714000e-02  2.49927708e+00  3.89968672e+00  2.56959905e+00  2.57142426e+00 -3.26679959e-05 
 8.38764000e-02  2.49929914e+00  3.89764974e+00  2.56755718e+00  2.56944777e+00 -3.26826117e-05 
 8.38814000e-02  2.49932189e+00  3.89554573e+00  2.56544857e+00  2.56740270e+00 -3.26977111e-05 
 8.38864000e-02  2.49934531e+00  3.89337674e+00  2.56327525e+00  2.56529104e+00 -3.27132794e-05 
 8.38914000e-02  2.49936938e+00  3.89114487e+00  2.56103935e+00  2.56311483e+00 -3.27293017e-05 
 8.38964000e-02  2.49939407e+00  3.88885230e+00  2.55874303e+00  2.56087619e+00 -3.27457624e-05 
 8.39014000e-02  2.49941935e+00  3.88650125e+00  2.55638852e+00  2.55857729e+00 -3.27626456e-05 
 8.39064000e-02  2.49944521e+00  3.88409401e+00  2.55397811e+00  2.55622036e+00 -3.27799349e-05 
 8.39114000e-02  2.49947162e+00  3.88163292e+00  2.55151416e+00  2.55380771e+00 -3.27976135e-05 
 8.39164000e-02  2.49949855e+00  3.87912038e+00  2.54899907e+00  2.55134167e+00 -3.28156643e-05 
 8.39214000e-02  2.49952597e+00  3.87655885e+00  2.54643528e+00  2.54882466e+00 -3.28340698e-05 
 8.39264000e-02  2.49955386e+00  3.87395082e+00  2.54382530e+00  2.54625912e+00 -3.28528119e-05 
 8.39314000e-02  2.49958220e+00  3.87129883e+00  2.54117168e+00  2.54364757e+00 -3.28718726e-05 
 8.39364000e-02  2.49961094e+00  3.86860549e+00  2.53847701e+00  2.54099255e+00 -3.28912331e-05 
 8.39414000e-02  2.49964007e+00  3.86587343e+00  2.53574393e+00  2.53829666e+00 -3.29108746e-05 
 8.39464000e-02  2.49966955e+00  3.86310531e+00  2.53297511e+00  2.53556254e+00 -3.29307779e-05 
 8.39514000e-02  2.49969936e+00  3.86030386e+00  2.53017328e+00  2.53279286e+00 -3.29509236e-05 
 8.39564000e-02  2.49972947e+00  3.85747183e+00  2.52734117e+00  2.52999033e+00 -3.29712919e-05 
 8.39614000e-02  2.49975984e+00  3.85461198e+00  2.52448156e+00  2.52715771e+00 -3.29918629e-05 
 8.39664000e-02  2.49979045e+00  3.85172713e+00  2.52159726e+00  2.52429778e+00 -3.30126163e-05 
 8.39714000e-02  2.49982127e+00  3.84882011e+00  2.51869111e+00  2.52141334e+00 -3.30335319e-05 
 8.39764000e-02  2.49985226e+00  3.84589378e+00  2.51576597e+00  2.51850723e+00 -3.30545891e-05 
 8.39814000e-02  2.49988340e+00  3.84295103e+00  2.51282471e+00  2.51558231e+00 -3.30757671e-05 
 8.39864000e-02  2.49991465e+00  3.83999475e+00  2.50987024e+00  2.51264145e+00 -3.30970452e-05 
 8.39914000e-02  2.49994599e+00  3.83702785e+00  2.50690546e+00  2.50968756e+00 -3.31184023e-05 
 8.39964000e-02  2.49997738e+00  3.83405326e+00  2.50393329e+00  2.50672354e+00 -3.31398175e-05 
 8.40014000e-02  2.50000880e+00  3.83107393e+00  2.50095668e+00  2.50375232e+00 -3.31612695e-05 
 8.40064000e-02  2.50004020e+00  3.82809278e+00  2.49797856e+00  2.50077684e+00 -3.31827371e-05 
 8.40114000e-02  2.50007157e+00  3.82511277e+00  2.49500188e+00  2.49780002e+00 -3.32041992e-05 
 8.40164000e-02  2.50010286e+00  3.82213685e+00  2.49202958e+00  2.49482482e+00 -3.32256345e-05 
 8.40214000e-02  2.50013406e+00  3.81916795e+00  2.48906460e+00  2.49185418e+00 -3.32470218e-05 
 8.40264000e-02  2.50016512e+00  3.81620903e+00  2.48610988e+00  2.48889103e+00 -3.32683398e-05 
 8.40314000e-02  2.50019601e+00  3.81326301e+00  2.48316835e+00  2.48593831e+00 -3.32895675e-05 
 8.40364000e-02  2.50022672e+00  3.81033281e+00  2.48024293e+00  2.48299896e+00 -3.33106837e-05 
 8.40414000e-02  2.50025720e+00  3.80742135e+00  2.47733651e+00  2.48007587e+00 -3.33316675e-05 
 8.40464000e-02  2.50028743e+00  3.80453151e+00  2.47445198e+00  2.47717196e+00 -3.33524980e-05 
 8.40514000e-02  2.50031737e+00  3.80166616e+00  2.47159221e+00  2.47429011e+00 -3.33731544e-05 
 8.40564000e-02  2.50034700e+00  3.79882815e+00  2.46876004e+00  2.47143318e+00 -3.33936163e-05 
 8.40614000e-02  2.50037629e+00  3.79602030e+00  2.46595829e+00  2.46860400e+00 -3.34138632e-05 
 8.40664000e-02  2.50040521e+00  3.79324542e+00  2.46318974e+00  2.46580540e+00 -3.34338749e-05 
 8.40714000e-02  2.50043372e+00  3.79050625e+00  2.46045716e+00  2.46304016e+00 -3.34536314e-05 
 8.40764000e-02  2.50046181e+00  3.78780553e+00  2.45776326e+00  2.46031102e+00 -3.34731131e-05 
 8.40814000e-02  2.50048944e+00  3.78514595e+00  2.45511072e+00  2.45762072e+00 -3.34923005e-05 
 8.40864000e-02  2.50051659e+00  3.78253015e+00  2.45250220e+00  2.45497193e+00 -3.35111744e-05 
 8.40914000e-02  2.50054323e+00  3.77996076e+00  2.44994029e+00  2.45236728e+00 -3.35297158e-05 
 8.40964000e-02  2.50056934e+00  3.77744033e+00  2.44742754e+00  2.44980939e+00 -3.35479063e-05 
 8.41014000e-02  2.50059488e+00  3.77497138e+00  2.44496648e+00  2.44730079e+00 -3.35657277e-05 
 8.41064000e-02  2.50061983e+00  3.77255637e+00  2.44255956e+00  2.44484401e+00 -3.35831621e-05 
 8.41114000e-02  2.50064418e+00  3.77019772e+00  2.44020917e+00  2.44244148e+00 -3.36001919e-05 
 8.41164000e-02  2.50066788e+00  3.76789779e+00  2.43791767e+00  2.44009560e+00 -3.36168002e-05 
 8.41214000e-02  2.50069093e+00  3.76565886e+00  2.43568736e+00  2.43780874e+00 -3.36329703e-05 
 8.41264000e-02  2.50071330e+00  3.76348319e+00  2.43352045e+00  2.43558316e+00 -3.36486859e-05 
 8.41314000e-02  2.50073496e+00  3.76137295e+00  2.43141912e+00  2.43342110e+00 -3.36639313e-05 
 8.41364000e-02  2.50075590e+00  3.75933025e+00  2.42938548e+00  2.43132471e+00 -3.36786911e-05 
 8.41414000e-02  2.50077609e+00  3.75735714e+00  2.42742155e+00  2.42929610e+00 -3.36929505e-05 
 8.41464000e-02  2.50079552e+00  3.75545558e+00  2.42552931e+00  2.42733730e+00 -3.37066952e-05 
 8.41514000e-02  2.50081416e+00  3.75362749e+00  2.42371065e+00  2.42545027e+00 -3.37199113e-05 
 8.41564000e-02  2.50083199e+00  3.75187470e+00  2.42196739e+00  2.42363690e+00 -3.37325856e-05 
 8.41614000e-02  2.50084901e+00  3.75019897e+00  2.42030127e+00  2.42189901e+00 -3.37447053e-05 
 8.41664000e-02  2.50086519e+00  3.74860196e+00  2.41871398e+00  2.42023833e+00 -3.37562583e-05 
 8.41714000e-02  2.50088051e+00  3.74708529e+00  2.41720710e+00  2.41865653e+00 -3.37672327e-05 
 8.41764000e-02  2.50089497e+00  3.74565048e+00  2.41578213e+00  2.41715520e+00 -3.37776177e-05 
 8.41814000e-02  2.50090854e+00  3.74429896e+00  2.41444052e+00  2.41573584e+00 -3.37874028e-05 
 8.41864000e-02  2.50092121e+00  3.74303209e+00  2.41318360e+00  2.41439989e+00 -3.37965780e-05 
 8.41914000e-02  2.50093298e+00  3.74185114e+00  2.41201265e+00  2.41314866e+00 -3.38051342e-05 
 8.41964000e-02  2.50094382e+00  3.74075729e+00  2.41092882e+00  2.41198343e+00 -3.38130628e-05 
 8.42014000e-02  2.50095374e+00  3.73975165e+00  2.40993321e+00  2.41090536e+00 -3.38203556e-05 
 8.42064000e-02  2.50096271e+00  3.73883522e+00  2.40902682e+00  2.40991554e+00 -3.38270054e-05 
 8.42114000e-02  2.50097073e+00  3.73800892e+00  2.40821056e+00  2.40901495e+00 -3.38330055e-05 
 8.42164000e-02  2.50097780e+00  3.73727358e+00  2.40748525e+00  2.40820451e+00 -3.38383499e-05 
 8.42214000e-02  2.50098390e+00  3.73662995e+00  2.40685162e+00  2.40748501e+00 -3.38430330e-05 
 8.42264000e-02  2.50098903e+00  3.73607866e+00  2.40631030e+00  2.40685720e+00 -3.38470503e-05 
 8.42314000e-02  2.50099318e+00  3.73562027e+00  2.40586184e+00  2.40632169e+00 -3.38503976e-05 
 8.42364000e-02  2.50099635e+00  3.73525524e+00  2.40550668e+00  2.40587903e+00 -3.38530716e-05 
 8.42414000e-02  2.50099854e+00  3.73498393e+00  2.40524518e+00  2.40552966e+00 -3.38550696e-05 
 8.42464000e-02  2.50099974e+00  3.73480662e+00  2.40507762e+00  2.40527392e+00 -3.38563896e-05 
 8.42514000e-02  2.50099996e+00  3.73472349e+00  2.40500414e+00  2.40511209e+00 -3.38570302e-05 
 8.42564000e-02  2.50099919e+00  3.73473462e+00  2.40502484e+00  2.40504431e+00 -3.38569908e-05 
 8.42614000e-02  2.50099744e+00  3.73484000e+00  2.40513968e+00  2.40507067e+00 -3.38562714e-05 
 8.42664000e-02  2.50099470e+00  3.73503952e+00  2.40534856e+00  2.40519112e+00 -3.38548728e-05 
 8.42714000e-02  2.50099097e+00  3.73533298e+00  2.40565125e+00  2.40540555e+00 -3.38527964e-05 
 8.42764000e-02  2.50098627e+00  3.73572009e+00  2.40604747e+00  2.40571375e+00 -3.38500443e-05 
 8.42814000e-02  2.50098060e+00  3.73620045e+00  2.40653680e+00  2.40611541e+00 -3.38466193e-05 
 8.42864000e-02  2.50097396e+00  3.73677359e+00  2.40711877e+00  2.40661011e+00 -3.38425247e-05 
 8.42914000e-02  2.50096636e+00  3.73743893e+00  2.40779277e+00  2.40719737e+00 -3.38377648e-05 
 8.42964000e-02  2.50095780e+00  3.73819580e+00  2.40855815e+00  2.40787660e+00 -3.38323444e-05 
 8.43014000e-02  2.50094830e+00  3.73904345e+00  2.40941412e+00  2.40864711e+00 -3.38262690e-05 
 8.43064000e-02  2.50093786e+00  3.73998101e+00  2.41035983e+00  2.40950813e+00 -3.38195446e-05 
 8.43114000e-02  2.50092650e+00  3.74100755e+00  2.41139434e+00  2.41045879e+00 -3.38121780e-05 
 8.43164000e-02  2.50091423e+00  3.74212204e+00  2.41251659e+00  2.41149815e+00 -3.38041768e-05 
 8.43214000e-02  2.50090105e+00  3.74332336e+00  2.41372547e+00  2.41262515e+00 -3.37955489e-05 
 8.43264000e-02  2.50088698e+00  3.74461030e+00  2.41501977e+00  2.41383867e+00 -3.37863031e-05 
 8.43314000e-02  2.50087204e+00  3.74598158e+00  2.41639817e+00  2.41513749e+00 -3.37764486e-05 
 8.43364000e-02  2.50085623e+00  3.74743582e+00  2.41785931e+00  2.41652030e+00 -3.37659955e-05 
 8.43414000e-02  2.50083958e+00  3.74897155e+00  2.41940172e+00  2.41798573e+00 -3.37549542e-05 
 8.43464000e-02  2.50082210e+00  3.75058724e+00  2.42102384e+00  2.41953229e+00 -3.37433358e-05 
 8.43514000e-02  2.50080382e+00  3.75228127e+00  2.42272406e+00  2.42115844e+00 -3.37311522e-05 
 8.43564000e-02  2.50078473e+00  3.75405194e+00  2.42450066e+00  2.42286255e+00 -3.37184155e-05 
 8.43614000e-02  2.50076488e+00  3.75589748e+00  2.42635188e+00  2.42464291e+00 -3.37051385e-05 
 8.43664000e-02  2.50074426e+00  3.75781604e+00  2.42827585e+00  2.42649774e+00 -3.36913347e-05 
 8.43714000e-02  2.50072292e+00  3.75980569e+00  2.43027064e+00  2.42842517e+00 -3.36770178e-05 
 8.43764000e-02  2.50070086e+00  3.76186444e+00  2.43233427e+00  2.43042329e+00 -3.36622024e-05 
 8.43814000e-02  2.50067811e+00  3.76399024e+00  2.43446467e+00  2.43249008e+00 -3.36469032e-05 
 8.43864000e-02  2.50065469e+00  3.76618096e+00  2.43665969e+00  2.43462348e+00 -3.36311357e-05 
 8.43914000e-02  2.50063062e+00  3.76843440e+00  2.43891716e+00  2.43682136e+00 -3.36149157e-05 
 8.43964000e-02  2.50060593e+00  3.77074831e+00  2.44123480e+00  2.43908151e+00 -3.35982594e-05 
 8.44014000e-02  2.50058065e+00  3.77312038e+00  2.44361031e+00  2.44140168e+00 -3.35811836e-05 
 8.44064000e-02  2.50055479e+00  3.77554824e+00  2.44604131e+00  2.44377955e+00 -3.35637054e-05 
 8.44114000e-02  2.50052838e+00  3.77802946e+00  2.44852537e+00  2.44621273e+00 -3.35458422e-05 
 8.44164000e-02  2.50050145e+00  3.78056157e+00  2.45106001e+00  2.44869881e+00 -3.35276121e-05 
 8.44214000e-02  2.50047403e+00  3.78314204e+00  2.45364270e+00  2.45123530e+00 -3.35090333e-05 
 8.44264000e-02  2.50044614e+00  3.78576829e+00  2.45627087e+00  2.45381967e+00 -3.34901243e-05 
 8.44314000e-02  2.50041780e+00  3.78843770e+00  2.45894190e+00  2.45644933e+00 -3.34709040e-05 
 8.44364000e-02  2.50038906e+00  3.79114762e+00  2.46165311e+00  2.45912167e+00 -3.34513917e-05 
 8.44414000e-02  2.50035993e+00  3.79389534e+00  2.46440182e+00  2.46183403e+00 -3.34316068e-05 
 8.44464000e-02  2.50033045e+00  3.79667814e+00  2.46718529e+00  2.46458370e+00 -3.34115692e-05 
 8.44514000e-02  2.50030064e+00  3.79949323e+00  2.47000073e+00  2.46736794e+00 -3.33912987e-05 
 8.44564000e-02  2.50027053e+00  3.80233782e+00  2.47284536e+00  2.47018399e+00 -3.33708156e-05 
 8.44614000e-02  2.50024016e+00  3.80520908e+00  2.47571635e+00  2.47302904e+00 -3.33501403e-05 
 8.44664000e-02  2.50020955e+00  3.80810415e+00  2.47861084e+00  2.47590026e+00 -3.33292934e-05 
 8.44714000e-02  2.50017873e+00  3.81102017e+00  2.48152596e+00  2.47879480e+00 -3.33082956e-05 
 8.44764000e-02  2.50014774e+00  3.81395424e+00  2.48445881e+00  2.48170979e+00 -3.32871677e-05 
 8.44814000e-02  2.50011660e+00  3.81690344e+00  2.48740649e+00  2.48464233e+00 -3.32659309e-05 
 8.44864000e-02  2.50008535e+00  3.81986486e+00  2.49036607e+00  2.48758952e+00 -3.32446061e-05 
 8.44914000e-02  2.50005401e+00  3.82283556e+00  2.49333462e+00  2.49054843e+00 -3.32232144e-05 
 8.44964000e-02  2.50002262e+00  3.82581259e+00  2.49630921e+00  2.49351613e+00 -3.32017772e-05 
 8.45014000e-02  2.49999120e+00  3.82879302e+00  2.49928688e+00  2.49648968e+00 -3.31803156e-05 
 8.45064000e-02  2.49995980e+00  3.83177389e+00  2.50226470e+00  2.49946615e+00 -3.31588508e-05 
 8.45114000e-02  2.49992843e+00  3.83475226e+00  2.50523972e+00  2.50244258e+00 -3.31374040e-05 
 8.45164000e-02  2.49989714e+00  3.83772520e+00  2.50820901e+00  2.50541604e+00 -3.31159965e-05 
 8.45214000e-02  2.49986594e+00  3.84068975e+00  2.51116963e+00  2.50838359e+00 -3.30946494e-05 
 8.45264000e-02  2.49983488e+00  3.84364301e+00  2.51411866e+00  2.51134231e+00 -3.30733836e-05 
 8.45314000e-02  2.49980399e+00  3.84658206e+00  2.51705321e+00  2.51428927e+00 -3.30522202e-05 
 8.45364000e-02  2.49977328e+00  3.84950401e+00  2.51997037e+00  2.51722158e+00 -3.30311800e-05 
 8.45414000e-02  2.49974280e+00  3.85240598e+00  2.52286728e+00  2.52013633e+00 -3.30102836e-05 
 8.45464000e-02  2.49971257e+00  3.85528512e+00  2.52574110e+00  2.52303068e+00 -3.29895516e-05 
 8.45514000e-02  2.49968263e+00  3.85813860e+00  2.52858899e+00  2.52590177e+00 -3.29690042e-05 
 8.45564000e-02  2.49965300e+00  3.86096362e+00  2.53140816e+00  2.52874677e+00 -3.29486618e-05 
 8.45614000e-02  2.49962371e+00  3.86375740e+00  2.53419586e+00  2.53156291e+00 -3.29285441e-05 
 8.45664000e-02  2.49959479e+00  3.86651722e+00  2.53694933e+00  2.53434741e+00 -3.29086708e-05 
 8.45714000e-02  2.49956628e+00  3.86924036e+00  2.53966589e+00  2.53709755e+00 -3.28890615e-05 
 8.45764000e-02  2.49953819e+00  3.87192416e+00  2.54234288e+00  2.53981063e+00 -3.28697351e-05 
 8.45814000e-02  2.49951056e+00  3.87456600e+00  2.54497768e+00  2.54248400e+00 -3.28507107e-05 
 8.45864000e-02  2.49948341e+00  3.87716329e+00  2.54756771e+00  2.54511504e+00 -3.28320066e-05 
 8.45914000e-02  2.49945677e+00  3.87971350e+00  2.55011045e+00  2.54770118e+00 -3.28136412e-05 
 8.45964000e-02  2.49943066e+00  3.88221414e+00  2.55260342e+00  2.55023990e+00 -3.27956323e-05 
 8.46014000e-02  2.49940512e+00  3.88466278e+00  2.55504418e+00  2.55272872e+00 -3.27779973e-05 
 8.46064000e-02  2.49938017e+00  3.88705701e+00  2.55743036e+00  2.55516521e+00 -3.27607535e-05 
 8.46114000e-02  2.49935582e+00  3.88939453e+00  2.55975963e+00  2.55754700e+00 -3.27439176e-05 
 8.46164000e-02  2.49933212e+00  3.89167304e+00  2.56202973e+00  2.55987178e+00 -3.27275057e-05 
 8.46214000e-02  2.49930907e+00  3.89389034e+00  2.56423845e+00  2.56213727e+00 -3.27115340e-05 
 8.46264000e-02  2.49928670e+00  3.89604428e+00  2.56638365e+00  2.56434129e+00 -3.26960177e-05 
 8.46314000e-02  2.49926504e+00  3.89813275e+00  2.56846324e+00  2.56648168e+00 -3.26809719e-05 
 8.46364000e-02  2.49924410e+00  3.90015374e+00  2.57047521e+00  2.56855636e+00 -3.26664111e-05 
 8.46414000e-02  2.49922391e+00  3.90210529e+00  2.57241761e+00  2.57056334e+00 -3.26523493e-05 
 8.46464000e-02  2.49920448e+00  3.90398551e+00  2.57428855e+00  2.57250066e+00 -3.26388002e-05 
 8.46514000e-02  2.49918584e+00  3.90579257e+00  2.57608623e+00  2.57436645e+00 -3.26257767e-05 
 8.46564000e-02  2.49916801e+00  3.90752473e+00  2.57780890e+00  2.57615889e+00 -3.26132914e-05 
 8.46614000e-02  2.49915099e+00  3.90918032e+00  2.57945491e+00  2.57787626e+00 -3.26013563e-05 
 8.46664000e-02  2.49913481e+00  3.91075772e+00  2.58102265e+00  2.57951690e+00 -3.25899829e-05 
 8.46714000e-02  2.49911949e+00  3.91225543e+00  2.58251062e+00  2.58107922e+00 -3.25791821e-05 
 8.46764000e-02  2.49910503e+00  3.91367200e+00  2.58391738e+00  2.58256171e+00 -3.25689642e-05 
 8.46814000e-02  2.49909146e+00  3.91500605e+00  2.58524158e+00  2.58396294e+00 -3.25593391e-05 
 8.46864000e-02  2.49907879e+00  3.91625631e+00  2.58648193e+00  2.58528156e+00 -3.25503160e-05 
 8.46914000e-02  2.49906702e+00  3.91742156e+00  2.58763724e+00  2.58651630e+00 -3.25419034e-05 
 8.46964000e-02  2.49905618e+00  3.91850068e+00  2.58870640e+00  2.58766596e+00 -3.25341096e-05 
 8.47014000e-02  2.49904626e+00  3.91949265e+00  2.58968838e+00  2.58872945e+00 -3.25269419e-05 
 8.47064000e-02  2.49903729e+00  3.92039649e+00  2.59058223e+00  2.58970574e+00 -3.25204071e-05 
 8.47114000e-02  2.49902927e+00  3.92121135e+00  2.59138710e+00  2.59059388e+00 -3.25145116e-05 
 8.47164000e-02  2.49902220e+00  3.92193643e+00  2.59210221e+00  2.59139303e+00 -3.25092610e-05 
 8.47214000e-02  2.49901610e+00  3.92257104e+00  2.59272687e+00  2.59210241e+00 -3.25046602e-05 
 8.47264000e-02  2.49901097e+00  3.92311457e+00  2.59326048e+00  2.59272135e+00 -3.25007137e-05 
 8.47314000e-02  2.49900682e+00  3.92356650e+00  2.59370254e+00  2.59324924e+00 -3.24974253e-05 
 8.47364000e-02  2.49900365e+00  3.92392640e+00  2.59405261e+00  2.59368558e+00 -3.24947981e-05 
 8.47414000e-02  2.49900146e+00  3.92419390e+00  2.59431035e+00  2.59402995e+00 -3.24928345e-05 
 8.47464000e-02  2.49900026e+00  3.92436877e+00  2.59447553e+00  2.59428203e+00 -3.24915366e-05 
 8.47514000e-02  2.49900004e+00  3.92445083e+00  2.59454798e+00  2.59444156e+00 -3.24909054e-05 
 8.47564000e-02  2.49900081e+00  3.92444001e+00  2.59452763e+00  2.59450840e+00 -3.24909417e-05 
 8.47614000e-02  2.49900256e+00  3.92433630e+00  2.59441451e+00  2.59448248e+00 -3.24916454e-05 
 8.47664000e-02  2.49900530e+00  3.92413982e+00  2.59420871e+00  2.59436382e+00 -3.24930158e-05 
 8.47714000e-02  2.49900903e+00  3.92385075e+00  2.59391045e+00  2.59415254e+00 -3.24950516e-05 
 8.47764000e-02  2.49901373e+00  3.92346937e+00  2.59352000e+00  2.59384885e+00 -3.24977509e-05 
 8.47814000e-02  2.49901940e+00  3.92299604e+00  2.59303774e+00  2.59345303e+00 -3.25011111e-05 
 8.47864000e-02  2.49902604e+00  3.92243122e+00  2.59246413e+00  2.59296546e+00 -3.25051290e-05 
 8.47914000e-02  2.49903364e+00  3.92177545e+00  2.59179973e+00  2.59238662e+00 -3.25098008e-05 
 8.47964000e-02  2.49904220e+00  3.92102937e+00  2.59104517e+00  2.59171706e+00 -3.25151220e-05 
 8.48014000e-02  2.49905170e+00  3.92019368e+00  2.59020118e+00  2.59095742e+00 -3.25210876e-05 
 8.48064000e-02  2.49906214e+00  3.91926920e+00  2.58926857e+00  2.59010843e+00 -3.25276918e-05 
 8.48114000e-02  2.49907350e+00  3.91825681e+00  2.58824824e+00  2.58917091e+00 -3.25349283e-05 
 8.48164000e-02  2.49908577e+00  3.91715748e+00  2.58714117e+00  2.58814577e+00 -3.25427903e-05 
 8.48214000e-02  2.49909895e+00  3.91597228e+00  2.58594843e+00  2.58703399e+00 -3.25512702e-05 
 8.48264000e-02  2.49911302e+00  3.91470235e+00  2.58467116e+00  2.58583663e+00 -3.25603599e-05 
 8.48314000e-02  2.49912796e+00  3.91334890e+00  2.58331060e+00  2.58455486e+00 -3.25700506e-05 
 8.48364000e-02  2.49914377e+00  3.91191326e+00  2.58186806e+00  2.58318991e+00 -3.25803332e-05 
 8.48414000e-02  2.49916042e+00  3.91039679e+00  2.58034493e+00  2.58174309e+00 -3.25911977e-05 
 8.48464000e-02  2.49917790e+00  3.90880096e+00  2.57874268e+00  2.58021581e+00 -3.26026338e-05 
 8.48514000e-02  2.49919618e+00  3.90712732e+00  2.57706285e+00  2.57860953e+00 -3.26146303e-05 
 8.48564000e-02  2.49921527e+00  3.90537749e+00  2.57530708e+00  2.57692581e+00 -3.26271759e-05 
 8.48614000e-02  2.49923512e+00  3.90355314e+00  2.57347706e+00  2.57516627e+00 -3.26402585e-05 
 8.48664000e-02  2.49925574e+00  3.90165606e+00  2.57157456e+00  2.57333261e+00 -3.26538654e-05 
 8.48714000e-02  2.49927708e+00  3.89968807e+00  2.56960142e+00  2.57142662e+00 -3.26679836e-05 
 8.48764000e-02  2.49929914e+00  3.89765109e+00  2.56755955e+00  2.56945014e+00 -3.26825994e-05 
 8.48814000e-02  2.49932189e+00  3.89554708e+00  2.56545094e+00  2.56740507e+00 -3.26976988e-05 
 8.48864000e-02  2.49934531e+00  3.89337809e+00  2.56327762e+00  2.56529341e+00 -3.27132671e-05 
 8.48914000e-02  2.49936938e+00  3.89114622e+00  2.56104172e+00  2.56311720e+00 -3.27292894e-05 
 8.48964000e-02  2.49939407e+00  3.88885365e+00  2.55874539e+00  2.56087856e+00 -3.27457501e-05 
 8.49014000e-02  2.49941935e+00  3.88650260e+00  2.55639088e+00  2.55857966e+00 -3.27626333e-05 
 8.49064000e-02  2.49944521e+00  3.88409536e+00  2.55398048e+00  2.55622273e+00 -3.27799226e-05 
 8.49114000e-02  2.49947162e+00  3.88163427e+00  2.55151653e+00  2.55381008e+00 -3.27976012e-05 
 8.49164000e-02  2.49949855e+00  3.87912174e+00  2.54900144e+00  2.55134404e+00 -3.28156520e-05 
 8.49214000e-02  2.49952597e+00  3.87656020e+00  2.54643765e+00  2.54882703e+00 -3.28340574e-05 
 8.49264000e-02  2.49955386e+00  3.87395217e+00  2.54382767e+00  2.54626149e+00 -3.28527996e-05 
 8.49314000e-02  2.49958220e+00  3.87130019e+00  2.54117405e+00  2.54364994e+00 -3.28718602e-05 
 8.49364000e-02  2.49961094e+00  3.86860685e+00  2.53847938e+00  2.54099492e+00 -3.28912208e-05 
 8.49414000e-02  2.49964007e+00  3.86587478e+00  2.53574630e+00  2.53829903e+00 -3.29108623e-05 
 8.49464000e-02  2.49966955e+00  3.86310667e+00  2.53297748e+00  2.53556491e+00 -3.29307656e-05 
 8.49514000e-02  2.49969936e+00  3.86030522e+00  2.53017565e+00  2.53279523e+00 -3.29509113e-05 
 8.49564000e-02  2.49972947e+00  3.85747318e+00  2.52734354e+00  2.52999270e+00 -3.29712795e-05 
 8.49614000e-02  2.49975984e+00  3.85461333e+00  2.52448393e+00  2.52716008e+00 -3.29918505e-05 
 8.49664000e-02  2.49979045e+00  3.85172848e+00  2.52159963e+00  2.52430015e+00 -3.30126040e-05 
 8.49714000e-02  2.49982127e+00  3.84882147e+00  2.51869348e+00  2.52141571e+00 -3.30335196e-05 
 8.49764000e-02  2.49985226e+00  3.84589514e+00  2.51576834e+00  2.51850960e+00 -3.30545767e-05 
 8.49814000e-02  2.49988340e+00  3.84295239e+00  2.51282708e+00  2.51558468e+00 -3.30757548e-05 
 8.49864000e-02  2.49991465e+00  3.83999611e+00  2.50987261e+00  2.51264382e+00 -3.30970328e-05 
 8.49914000e-02  2.49994599e+00  3.83702921e+00  2.50690783e+00  2.50968993e+00 -3.31183900e-05 
 8.49964000e-02  2.49997738e+00  3.83405462e+00  2.50393566e+00  2.50672591e+00 -3.31398051e-05 
 8.50014000e-02  2.50000880e+00  3.83107529e+00  2.50095905e+00  2.50375469e+00 -3.31612571e-05 
 8.50064000e-02  2.50004020e+00  3.82809414e+00  2.49798094e+00  2.50077921e+00 -3.31827247e-05 
 8.50114000e-02  2.50007157e+00  3.82511413e+00  2.49500425e+00  2.49780239e+00 -3.32041868e-05 
 8.50164000e-02  2.50010286e+00  3.82213821e+00  2.49203195e+00  2.49482719e+00 -3.32256221e-05 
 8.50214000e-02  2.50013406e+00  3.81916931e+00  2.48906698e+00  2.49185655e+00 -3.32470094e-05 
 8.50264000e-02  2.50016512e+00  3.81621039e+00  2.48611226e+00  2.48889340e+00 -3.32683274e-05 
 8.50314000e-02  2.50019601e+00  3.81326437e+00  2.48317072e+00  2.48594069e+00 -3.32895551e-05 
 8.50364000e-02  2.50022672e+00  3.81033417e+00  2.48024530e+00  2.48300133e+00 -3.33106713e-05 
 8.50414000e-02  2.50025720e+00  3.80742271e+00  2.47733888e+00  2.48007824e+00 -3.33316551e-05 
 8.50464000e-02  2.50028743e+00  3.80453287e+00  2.47445435e+00  2.47717433e+00 -3.33524856e-05 
 8.50514000e-02  2.50031737e+00  3.80166752e+00  2.47159458e+00  2.47429248e+00 -3.33731420e-05 
 8.50564000e-02  2.50034700e+00  3.79882951e+00  2.46876241e+00  2.47143555e+00 -3.33936039e-05 
 8.50614000e-02  2.50037629e+00  3.79602167e+00  2.46596066e+00  2.46860637e+00 -3.34138508e-05 
 8.50664000e-02  2.50040521e+00  3.79324678e+00  2.46319212e+00  2.46580777e+00 -3.34338625e-05 
 8.50714000e-02  2.50043372e+00  3.79050761e+00  2.46045953e+00  2.46304253e+00 -3.34536190e-05 
 8.50764000e-02  2.50046181e+00  3.78780689e+00  2.45776563e+00  2.46031340e+00 -3.34731007e-05 
 8.50814000e-02  2.50048944e+00  3.78514731e+00  2.45511309e+00  2.45762309e+00 -3.34922881e-05 
 8.50864000e-02  2.50051659e+00  3.78253152e+00  2.45250457e+00  2.45497430e+00 -3.35111619e-05 
 8.50914000e-02  2.50054323e+00  3.77996213e+00  2.44994266e+00  2.45236966e+00 -3.35297034e-05 
 8.50964000e-02  2.50056934e+00  3.77744170e+00  2.44742992e+00  2.44981176e+00 -3.35478939e-05 
 8.51014000e-02  2.50059488e+00  3.77497275e+00  2.44496886e+00  2.44730317e+00 -3.35657153e-05 
 8.51064000e-02  2.50061983e+00  3.77255774e+00  2.44256193e+00  2.44484638e+00 -3.35831496e-05 
 8.51114000e-02  2.50064418e+00  3.77019909e+00  2.44021154e+00  2.44244385e+00 -3.36001795e-05 
 8.51164000e-02  2.50066788e+00  3.76789915e+00  2.43792005e+00  2.44009798e+00 -3.36167878e-05 
 8.51214000e-02  2.50069093e+00  3.76566023e+00  2.43568973e+00  2.43781111e+00 -3.36329579e-05 
 8.51264000e-02  2.50071330e+00  3.76348456e+00  2.43352282e+00  2.43558553e+00 -3.36486735e-05 
 8.51314000e-02  2.50073496e+00  3.76137432e+00  2.43142150e+00  2.43342347e+00 -3.36639188e-05 
 8.51364000e-02  2.50075590e+00  3.75933162e+00  2.42938785e+00  2.43132709e+00 -3.36786786e-05 
 8.51414000e-02  2.50077609e+00  3.75735851e+00  2.42742393e+00  2.42929848e+00 -3.36929380e-05 
 8.51464000e-02  2.50079552e+00  3.75545695e+00  2.42553169e+00  2.42733968e+00 -3.37066827e-05 
 8.51514000e-02  2.50081416e+00  3.75362886e+00  2.42371302e+00  2.42545265e+00 -3.37198989e-05 
 8.51564000e-02  2.50083199e+00  3.75187607e+00  2.42196976e+00  2.42363928e+00 -3.37325732e-05 
 8.51614000e-02  2.50084901e+00  3.75020034e+00  2.42030365e+00  2.42190138e+00 -3.37446929e-05 
 8.51664000e-02  2.50086519e+00  3.74860333e+00  2.41871635e+00  2.42024070e+00 -3.37562458e-05 
 8.51714000e-02  2.50088051e+00  3.74708666e+00  2.41720947e+00  2.41865890e+00 -3.37672203e-05 
 8.51764000e-02  2.50089497e+00  3.74565185e+00  2.41578451e+00  2.41715757e+00 -3.37776053e-05 
 8.51814000e-02  2.50090854e+00  3.74430033e+00  2.41444289e+00  2.41573822e+00 -3.37873903e-05 
 8.51864000e-02  2.50092121e+00  3.74303346e+00  2.41318598e+00  2.41440226e+00 -3.37965656e-05 
 8.51914000e-02  2.50093298e+00  3.74185251e+00  2.41201502e+00  2.41315104e+00 -3.38051218e-05 
 8.51964000e-02  2.50094382e+00  3.74075866e+00  2.41093119e+00  2.41198581e+00 -3.38130503e-05 
 8.52014000e-02  2.50095374e+00  3.73975302e+00  2.40993558e+00  2.41090774e+00 -3.38203431e-05 
 8.52064000e-02  2.50096271e+00  3.73883659e+00  2.40902920e+00  2.40991791e+00 -3.38269930e-05 
 8.52114000e-02  2.50097073e+00  3.73801029e+00  2.40821294e+00  2.40901733e+00 -3.38329931e-05 
 8.52164000e-02  2.50097780e+00  3.73727496e+00  2.40748763e+00  2.40820688e+00 -3.38383374e-05 
 8.52214000e-02  2.50098390e+00  3.73663132e+00  2.40685399e+00  2.40748739e+00 -3.38430206e-05 
 8.52264000e-02  2.50098903e+00  3.73608003e+00  2.40631267e+00  2.40685957e+00 -3.38470378e-05 
 8.52314000e-02  2.50099318e+00  3.73562164e+00  2.40586421e+00  2.40632406e+00 -3.38503852e-05 
 8.52364000e-02  2.50099635e+00  3.73525661e+00  2.40550905e+00  2.40588140e+00 -3.38530592e-05 
 8.52414000e-02  2.50099854e+00  3.73498530e+00  2.40524756e+00  2.40553203e+00 -3.38550572e-05 
 8.52464000e-02  2.50099974e+00  3.73480800e+00  2.40507999e+00  2.40527630e+00 -3.38563771e-05 
 8.52514000e-02  2.50099996e+00  3.73472486e+00  2.40500652e+00  2.40511446e+00 -3.38570177e-05 
 8.52564000e-02  2.50099919e+00  3.73473599e+00  2.40502721e+00  2.40504668e+00 -3.38569783e-05 
 8.52614000e-02  2.50099744e+00  3.73484137e+00  2.40514205e+00  2.40507304e+00 -3.38562590e-05 
 8.52664000e-02  2.50099470e+00  3.73504089e+00  2.40535093e+00  2.40519349e+00 -3.38548604e-05 
 8.52714000e-02  2.50099097e+00  3.73533435e+00  2.40565362e+00  2.40540792e+00 -3.38527840e-05 
 8.52764000e-02  2.50098627e+00  3.73572146e+00  2.40604984e+00  2.40571612e+00 -3.38500318e-05 
 8.52814000e-02  2.50098060e+00  3.73620182e+00  2.40653917e+00  2.40611778e+00 -3.38466068e-05 
 8.52864000e-02  2.50097396e+00  3.73677497e+00  2.40712114e+00  2.40661248e+00 -3.38425123e-05 
 8.52914000e-02  2.50096636e+00  3.73744031e+00  2.40779514e+00  2.40719974e+00 -3.38377524e-05 
 8.52964000e-02  2.50095780e+00  3.73819718e+00  2.40856052e+00  2.40787897e+00 -3.38323320e-05 
 8.53014000e-02  2.50094830e+00  3.73904482e+00  2.40941649e+00  2.40864948e+00 -3.38262565e-05 
 8.53064000e-02  2.50093786e+00  3.73998238e+00  2.41036220e+00  2.40951050e+00 -3.38195321e-05 
 8.53114000e-02  2.50092650e+00  3.74100892e+00  2.41139671e+00  2.41046116e+00 -3.38121656e-05 
 8.53164000e-02  2.50091423e+00  3.74212341e+00  2.41251896e+00  2.41150052e+00 -3.38041643e-05 
 8.53214000e-02  2.50090105e+00  3.74332473e+00  2.41372784e+00  2.41262752e+00 -3.37955364e-05 
 8.53264000e-02  2.50088698e+00  3.74461168e+00  2.41502213e+00  2.41384104e+00 -3.37862906e-05 
 8.53314000e-02  2.50087204e+00  3.74598295e+00  2.41640054e+00  2.41513986e+00 -3.37764361e-05 
 8.53364000e-02  2.50085623e+00  3.74743719e+00  2.41786168e+00  2.41652267e+00 -3.37659830e-05 
 8.53414000e-02  2.50083958e+00  3.74897292e+00  2.41940408e+00  2.41798809e+00 -3.37549417e-05 
 8.53464000e-02  2.50082210e+00  3.75058861e+00  2.42102620e+00  2.41953466e+00 -3.37433234e-05 
 8.53514000e-02  2.50080382e+00  3.75228264e+00  2.42272642e+00  2.42116081e+00 -3.37311398e-05 
 8.53564000e-02  2.50078473e+00  3.75405331e+00  2.42450303e+00  2.42286492e+00 -3.37184030e-05 
 8.53614000e-02  2.50076488e+00  3.75589885e+00  2.42635424e+00  2.42464528e+00 -3.37051261e-05 
 8.53664000e-02  2.50074426e+00  3.75781741e+00  2.42827821e+00  2.42650010e+00 -3.36913223e-05 
 8.53714000e-02  2.50072292e+00  3.75980706e+00  2.43027301e+00  2.42842754e+00 -3.36770054e-05 
 8.53764000e-02  2.50070086e+00  3.76186581e+00  2.43233664e+00  2.43042565e+00 -3.36621900e-05 
 8.53814000e-02  2.50067811e+00  3.76399161e+00  2.43446703e+00  2.43249244e+00 -3.36468908e-05 
 8.53864000e-02  2.50065469e+00  3.76618233e+00  2.43666205e+00  2.43462584e+00 -3.36311233e-05 
 8.53914000e-02  2.50063062e+00  3.76843577e+00  2.43891952e+00  2.43682372e+00 -3.36149032e-05 
 8.53964000e-02  2.50060593e+00  3.77074968e+00  2.44123716e+00  2.43908387e+00 -3.35982470e-05 
 8.54014000e-02  2.50058065e+00  3.77312175e+00  2.44361267e+00  2.44140404e+00 -3.35811712e-05 
 8.54064000e-02  2.50055479e+00  3.77554961e+00  2.44604367e+00  2.44378191e+00 -3.35636929e-05 
 8.54114000e-02  2.50052838e+00  3.77803083e+00  2.44852773e+00  2.44621509e+00 -3.35458298e-05 
 8.54164000e-02  2.50050145e+00  3.78056294e+00  2.45106237e+00  2.44870117e+00 -3.35275997e-05 
 8.54214000e-02  2.50047403e+00  3.78314340e+00  2.45364506e+00  2.45123766e+00 -3.35090209e-05 
 8.54264000e-02  2.50044614e+00  3.78576965e+00  2.45627323e+00  2.45382202e+00 -3.34901119e-05 
 8.54314000e-02  2.50041780e+00  3.78843907e+00  2.45894425e+00  2.45645169e+00 -3.34708916e-05 
 8.54364000e-02  2.50038906e+00  3.79114899e+00  2.46165547e+00  2.45912403e+00 -3.34513793e-05 
 8.54414000e-02  2.50035993e+00  3.79389671e+00  2.46440418e+00  2.46183639e+00 -3.34315944e-05 
 8.54464000e-02  2.50033045e+00  3.79667950e+00  2.46718764e+00  2.46458606e+00 -3.34115568e-05 
 8.54514000e-02  2.50030064e+00  3.79949459e+00  2.47000309e+00  2.46737030e+00 -3.33912863e-05 
 8.54564000e-02  2.50027053e+00  3.80233918e+00  2.47284772e+00  2.47018634e+00 -3.33708032e-05 
 8.54614000e-02  2.50024016e+00  3.80521044e+00  2.47571870e+00  2.47303139e+00 -3.33501279e-05 
 8.54664000e-02  2.50020955e+00  3.80810552e+00  2.47861319e+00  2.47590261e+00 -3.33292810e-05 
 8.54714000e-02  2.50017873e+00  3.81102154e+00  2.48152831e+00  2.47879715e+00 -3.33082832e-05 
 8.54764000e-02  2.50014774e+00  3.81395560e+00  2.48446116e+00  2.48171214e+00 -3.32871554e-05 
 8.54814000e-02  2.50011660e+00  3.81690481e+00  2.48740884e+00  2.48464468e+00 -3.32659185e-05 
 8.54864000e-02  2.50008535e+00  3.81986622e+00  2.49036842e+00  2.48759187e+00 -3.32445937e-05 
 8.54914000e-02  2.50005401e+00  3.82283692e+00  2.49333697e+00  2.49055078e+00 -3.32232021e-05 
 8.54964000e-02  2.50002262e+00  3.82581395e+00  2.49631156e+00  2.49351848e+00 -3.32017648e-05 
 8.55014000e-02  2.49999120e+00  3.82879438e+00  2.49928923e+00  2.49649203e+00 -3.31803032e-05 
 8.55064000e-02  2.49995980e+00  3.83177525e+00  2.50226705e+00  2.49946850e+00 -3.31588384e-05 
 8.55114000e-02  2.49992843e+00  3.83475363e+00  2.50524207e+00  2.50244493e+00 -3.31373917e-05 
 8.55164000e-02  2.49989714e+00  3.83772656e+00  2.50821135e+00  2.50541839e+00 -3.31159842e-05 
 8.55214000e-02  2.49986594e+00  3.84069111e+00  2.51117197e+00  2.50838594e+00 -3.30946371e-05 
 8.55264000e-02  2.49983488e+00  3.84364437e+00  2.51412101e+00  2.51134466e+00 -3.30733713e-05 
 8.55314000e-02  2.49980399e+00  3.84658342e+00  2.51705555e+00  2.51429162e+00 -3.30522079e-05 
 8.55364000e-02  2.49977328e+00  3.84950537e+00  2.51997272e+00  2.51722392e+00 -3.30311677e-05 
 8.55414000e-02  2.49974280e+00  3.85240734e+00  2.52286963e+00  2.52013868e+00 -3.30102713e-05 
 8.55464000e-02  2.49971257e+00  3.85528648e+00  2.52574344e+00  2.52303302e+00 -3.29895392e-05 
 8.55514000e-02  2.49968263e+00  3.85813996e+00  2.52859133e+00  2.52590411e+00 -3.29689919e-05 
 8.55564000e-02  2.49965300e+00  3.86096497e+00  2.53141051e+00  2.52874912e+00 -3.29486495e-05 
 8.55614000e-02  2.49962371e+00  3.86375876e+00  2.53419820e+00  2.53156525e+00 -3.29285318e-05 
 8.55664000e-02  2.49959479e+00  3.86651858e+00  2.53695167e+00  2.53434975e+00 -3.29086585e-05 
 8.55714000e-02  2.49956628e+00  3.86924172e+00  2.53966823e+00  2.53709989e+00 -3.28890492e-05 
 8.55764000e-02  2.49953819e+00  3.87192552e+00  2.54234522e+00  2.53981297e+00 -3.28697228e-05 
 8.55814000e-02  2.49951056e+00  3.87456736e+00  2.54498002e+00  2.54248634e+00 -3.28506984e-05 
 8.55864000e-02  2.49948341e+00  3.87716465e+00  2.54757005e+00  2.54511738e+00 -3.28319943e-05 
 8.55914000e-02  2.49945677e+00  3.87971486e+00  2.55011279e+00  2.54770352e+00 -3.28136289e-05 
 8.55964000e-02  2.49943066e+00  3.88221550e+00  2.55260576e+00  2.55024224e+00 -3.27956200e-05 
 8.56014000e-02  2.49940512e+00  3.88466413e+00  2.55504652e+00  2.55273106e+00 -3.27779851e-05 
 8.56064000e-02  2.49938017e+00  3.88705837e+00  2.55743269e+00  2.55516755e+00 -3.27607413e-05 
 8.56114000e-02  2.49935582e+00  3.88939588e+00  2.55976196e+00  2.55754934e+00 -3.27439053e-05 
 8.56164000e-02  2.49933212e+00  3.89167440e+00  2.56203206e+00  2.55987411e+00 -3.27274935e-05 
 8.56214000e-02  2.49930907e+00  3.89389170e+00  2.56424079e+00  2.56213961e+00 -3.27115217e-05 
 8.56264000e-02  2.49928670e+00  3.89604563e+00  2.56638598e+00  2.56434362e+00 -3.26960054e-05 
 8.56314000e-02  2.49926504e+00  3.89813411e+00  2.56846558e+00  2.56648401e+00 -3.26809596e-05 
 8.56364000e-02  2.49924410e+00  3.90015510e+00  2.57047755e+00  2.56855870e+00 -3.26663988e-05 
 8.56414000e-02  2.49922391e+00  3.90210665e+00  2.57241994e+00  2.57056568e+00 -3.26523371e-05 
 8.56464000e-02  2.49920448e+00  3.90398686e+00  2.57429089e+00  2.57250299e+00 -3.26387879e-05 
 8.56514000e-02  2.49918584e+00  3.90579392e+00  2.57608856e+00  2.57436878e+00 -3.26257645e-05 
 8.56564000e-02  2.49916801e+00  3.90752608e+00  2.57781124e+00  2.57616122e+00 -3.26132792e-05 
 8.56614000e-02  2.49915099e+00  3.90918167e+00  2.57945724e+00  2.57787859e+00 -3.26013441e-05 
 8.56664000e-02  2.49913481e+00  3.91075908e+00  2.58102498e+00  2.57951923e+00 -3.25899707e-05 
 8.56714000e-02  2.49911949e+00  3.91225678e+00  2.58251295e+00  2.58108155e+00 -3.25791699e-05 
 8.56764000e-02  2.49910503e+00  3.91367335e+00  2.58391971e+00  2.58256404e+00 -3.25689520e-05 
 8.56814000e-02  2.49909146e+00  3.91500740e+00  2.58524390e+00  2.58396527e+00 -3.25593269e-05 
 8.56864000e-02  2.49907879e+00  3.91625766e+00  2.58648425e+00  2.58528389e+00 -3.25503037e-05 
 8.56914000e-02  2.49906702e+00  3.91742291e+00  2.58763957e+00  2.58651863e+00 -3.25418912e-05 
 8.56964000e-02  2.49905618e+00  3.91850203e+00  2.58870873e+00  2.58766829e+00 -3.25340973e-05 
 8.57014000e-02  2.49904626e+00  3.91949400e+00  2.58969071e+00  2.58873178e+00 -3.25269296e-05 
 8.57064000e-02  2.49903729e+00  3.92039784e+00  2.59058456e+00  2.58970807e+00 -3.25203949e-05 
 8.57114000e-02  2.49902927e+00  3.92121270e+00  2.59138943e+00  2.59059621e+00 -3.25144994e-05 
 8.57164000e-02  2.49902220e+00  3.92193778e+00  2.59210454e+00  2.59139536e+00 -3.25092487e-05 
 8.57214000e-02  2.49901610e+00  3.92257239e+00  2.59272920e+00  2.59210474e+00 -3.25046480e-05 
 8.57264000e-02  2.49901097e+00  3.92311592e+00  2.59326281e+00  2.59272367e+00 -3.25007015e-05 
 8.57314000e-02  2.49900682e+00  3.92356785e+00  2.59370486e+00  2.59325156e+00 -3.24974131e-05 
 8.57364000e-02  2.49900365e+00  3.92392774e+00  2.59405493e+00  2.59368791e+00 -3.24947858e-05 
 8.57414000e-02  2.49900146e+00  3.92419525e+00  2.59431268e+00  2.59403228e+00 -3.24928223e-05 
 8.57464000e-02  2.49900026e+00  3.92437012e+00  2.59447785e+00  2.59428435e+00 -3.24915243e-05 
 8.57514000e-02  2.49900004e+00  3.92445218e+00  2.59455030e+00  2.59444389e+00 -3.24908932e-05 
 8.57564000e-02  2.49900081e+00  3.92444136e+00  2.59452996e+00  2.59451072e+00 -3.24909295e-05 
 8.57614000e-02  2.49900256e+00  3.92433765e+00  2.59441683e+00  2.59448480e+00 -3.24916331e-05 
 8.57664000e-02  2.49900530e+00  3.92414117e+00  2.59421104e+00  2.59436614e+00 -3.24930035e-05 
 8.57714000e-02  2.49900903e+00  3.92385210e+00  2.59391277e+00  2.59415487e+00 -3.24950393e-05 
 8.57764000e-02  2.49901373e+00  3.92347072e+00  2.59352232e+00  2.59385117e+00 -3.24977386e-05 
 8.57814000e-02  2.49901940e+00  3.92299739e+00  2.59304006e+00  2.59345535e+00 -3.25010989e-05 
 8.57864000e-02  2.49902604e+00  3.92243257e+00  2.59246645e+00  2.59296779e+00 -3.25051168e-05 
 8.57914000e-02  2.49903364e+00  3.92177680e+00  2.59180205e+00  2.59238894e+00 -3.25097886e-05 
 8.57964000e-02  2.49904220e+00  3.92103072e+00  2.59104749e+00  2.59171938e+00 -3.25151098e-05 
 8.58014000e-02  2.49905170e+00  3.92019503e+00  2.59020350e+00  2.59095974e+00 -3.25210754e-05 
 8.58064000e-02  2.49906214e+00  3.91927055e+00  2.58927090e+00  2.59011075e+00 -3.25276796e-05 
 8.58114000e-02  2.49907350e+00  3.91825816e+00  2.58825057e+00  2.58917324e+00 -3.25349161e-05 
 8.58164000e-02  2.49908577e+00  3.91715883e+00  2.58714350e+00  2.58814809e+00 -3.25427781e-05 
 8.58214000e-02  2.49909895e+00  3.91597363e+00  2.58595075e+00  2.58703631e+00 -3.25512580e-05 
 8.58264000e-02  2.49911302e+00  3.91470370e+00  2.58467349e+00  2.58583896e+00 -3.25603477e-05 
 8.58314000e-02  2.49912796e+00  3.91335025e+00  2.58331293e+00  2.58455718e+00 -3.25700384e-05 
 8.58364000e-02  2.49914377e+00  3.91191461e+00  2.58187038e+00  2.58319223e+00 -3.25803210e-05 
 8.58414000e-02  2.49916042e+00  3.91039814e+00  2.58034725e+00  2.58174542e+00 -3.25911855e-05 
 8.58464000e-02  2.49917790e+00  3.90880231e+00  2.57874500e+00  2.58021813e+00 -3.26026215e-05 
 8.58514000e-02  2.49919618e+00  3.90712868e+00  2.57706518e+00  2.57861185e+00 -3.26146181e-05 
 8.58564000e-02  2.49921527e+00  3.90537884e+00  2.57530940e+00  2.57692813e+00 -3.26271637e-05 
 8.58614000e-02  2.49923512e+00  3.90355450e+00  2.57347938e+00  2.57516859e+00 -3.26402462e-05 
 8.58664000e-02  2.49925574e+00  3.90165741e+00  2.57157688e+00  2.57333494e+00 -3.26538532e-05 
 8.58714000e-02  2.49927708e+00  3.89968942e+00  2.56960374e+00  2.57142895e+00 -3.26679713e-05 
 8.58764000e-02  2.49929914e+00  3.89765244e+00  2.56756187e+00  2.56945246e+00 -3.26825872e-05 
 8.58814000e-02  2.49932189e+00  3.89554843e+00  2.56545326e+00  2.56740739e+00 -3.26976865e-05 
 8.58864000e-02  2.49934531e+00  3.89337944e+00  2.56327994e+00  2.56529573e+00 -3.27132549e-05 
 8.58914000e-02  2.49936938e+00  3.89114758e+00  2.56104404e+00  2.56311952e+00 -3.27292772e-05 
 8.58964000e-02  2.49939407e+00  3.88885501e+00  2.55874772e+00  2.56088088e+00 -3.27457378e-05 
 8.59014000e-02  2.49941935e+00  3.88650396e+00  2.55639321e+00  2.55858198e+00 -3.27626210e-05 
 8.59064000e-02  2.49944521e+00  3.88409671e+00  2.55398281e+00  2.55622505e+00 -3.27799103e-05 
 8.59114000e-02  2.49947162e+00  3.88163563e+00  2.55151886e+00  2.55381240e+00 -3.27975889e-05 
 8.59164000e-02  2.49949855e+00  3.87912309e+00  2.54900376e+00  2.55134636e+00 -3.28156397e-05 
 8.59214000e-02  2.49952597e+00  3.87656156e+00  2.54643997e+00  2.54882935e+00 -3.28340452e-05 
 8.59264000e-02  2.49955386e+00  3.87395353e+00  2.54382999e+00  2.54626382e+00 -3.28527873e-05 
 8.59314000e-02  2.49958220e+00  3.87130154e+00  2.54117637e+00  2.54365226e+00 -3.28718480e-05 
 8.59364000e-02  2.49961094e+00  3.86860820e+00  2.53848170e+00  2.54099724e+00 -3.28912085e-05 
 8.59414000e-02  2.49964007e+00  3.86587614e+00  2.53574862e+00  2.53830135e+00 -3.29108500e-05 
 8.59464000e-02  2.49966955e+00  3.86310803e+00  2.53297981e+00  2.53556723e+00 -3.29307533e-05 
 8.59514000e-02  2.49969936e+00  3.86030658e+00  2.53017797e+00  2.53279755e+00 -3.29508990e-05 
 8.59564000e-02  2.49972947e+00  3.85747454e+00  2.52734586e+00  2.52999503e+00 -3.29712673e-05 
 8.59614000e-02  2.49975984e+00  3.85461469e+00  2.52448625e+00  2.52716241e+00 -3.29918382e-05 
 8.59664000e-02  2.49979045e+00  3.85172984e+00  2.52160196e+00  2.52430248e+00 -3.30125917e-05 
 8.59714000e-02  2.49982127e+00  3.84882283e+00  2.51869581e+00  2.52141804e+00 -3.30335073e-05 
 8.59764000e-02  2.49985226e+00  3.84589650e+00  2.51577067e+00  2.51851193e+00 -3.30545644e-05 
 8.59814000e-02  2.49988340e+00  3.84295375e+00  2.51282941e+00  2.51558700e+00 -3.30757425e-05 
 8.59864000e-02  2.49991465e+00  3.83999747e+00  2.50987493e+00  2.51264615e+00 -3.30970205e-05 
 8.59914000e-02  2.49994599e+00  3.83703057e+00  2.50691015e+00  2.50969226e+00 -3.31183777e-05 
 8.59964000e-02  2.49997738e+00  3.83405599e+00  2.50393799e+00  2.50672824e+00 -3.31397928e-05 
 8.60014000e-02  2.50000880e+00  3.83107665e+00  2.50096138e+00  2.50375702e+00 -3.31612448e-05 
 8.60064000e-02  2.50004020e+00  3.82809550e+00  2.49798326e+00  2.50078153e+00 -3.31827124e-05 
 8.60114000e-02  2.50007157e+00  3.82511549e+00  2.49500658e+00  2.49780472e+00 -3.32041745e-05 
 8.60164000e-02  2.50010286e+00  3.82213957e+00  2.49203428e+00  2.49482952e+00 -3.32256098e-05 
 8.60214000e-02  2.50013406e+00  3.81917068e+00  2.48906930e+00  2.49185887e+00 -3.32469971e-05 
 8.60264000e-02  2.50016512e+00  3.81621175e+00  2.48611458e+00  2.48889573e+00 -3.32683151e-05 
 8.60314000e-02  2.50019601e+00  3.81326574e+00  2.48317305e+00  2.48594301e+00 -3.32895428e-05 
 8.60364000e-02  2.50022672e+00  3.81033554e+00  2.48024763e+00  2.48300366e+00 -3.33106590e-05 
 8.60414000e-02  2.50025720e+00  3.80742408e+00  2.47734121e+00  2.48008057e+00 -3.33316427e-05 
 8.60464000e-02  2.50028743e+00  3.80453424e+00  2.47445668e+00  2.47717666e+00 -3.33524732e-05 
 8.60514000e-02  2.50031737e+00  3.80166889e+00  2.47159691e+00  2.47429481e+00 -3.33731297e-05 
 8.60564000e-02  2.50034700e+00  3.79883088e+00  2.46876474e+00  2.47143788e+00 -3.33935915e-05 
 8.60614000e-02  2.50037629e+00  3.79602304e+00  2.46596299e+00  2.46860870e+00 -3.34138384e-05 
 8.60664000e-02  2.50040521e+00  3.79324815e+00  2.46319444e+00  2.46581010e+00 -3.34338501e-05 
 8.60714000e-02  2.50043372e+00  3.79050898e+00  2.46046186e+00  2.46304486e+00 -3.34536067e-05 
 8.60764000e-02  2.50046181e+00  3.78780826e+00  2.45776796e+00  2.46031573e+00 -3.34730884e-05 
 8.60814000e-02  2.50048944e+00  3.78514868e+00  2.45511542e+00  2.45762542e+00 -3.34922757e-05 
 8.60864000e-02  2.50051659e+00  3.78253289e+00  2.45250690e+00  2.45497663e+00 -3.35111496e-05 
 8.60914000e-02  2.50054323e+00  3.77996350e+00  2.44994499e+00  2.45237199e+00 -3.35296910e-05 
 8.60964000e-02  2.50056934e+00  3.77744307e+00  2.44743225e+00  2.44981409e+00 -3.35478815e-05 
 8.61014000e-02  2.50059488e+00  3.77497412e+00  2.44497118e+00  2.44730550e+00 -3.35657029e-05 
 8.61064000e-02  2.50061983e+00  3.77255911e+00  2.44256426e+00  2.44484871e+00 -3.35831373e-05 
 8.61114000e-02  2.50064418e+00  3.77020046e+00  2.44021387e+00  2.44244618e+00 -3.36001671e-05 
 8.61164000e-02  2.50066788e+00  3.76790052e+00  2.43792238e+00  2.44010031e+00 -3.36167754e-05 
 8.61214000e-02  2.50069093e+00  3.76566160e+00  2.43569206e+00  2.43781344e+00 -3.36329455e-05 
 8.61264000e-02  2.50071330e+00  3.76348593e+00  2.43352515e+00  2.43558786e+00 -3.36486611e-05 
 8.61314000e-02  2.50073496e+00  3.76137569e+00  2.43142383e+00  2.43342580e+00 -3.36639064e-05 
 8.61364000e-02  2.50075590e+00  3.75933299e+00  2.42939018e+00  2.43132941e+00 -3.36786662e-05 
 8.61414000e-02  2.50077609e+00  3.75735988e+00  2.42742626e+00  2.42930081e+00 -3.36929257e-05 
 8.61464000e-02  2.50079552e+00  3.75545832e+00  2.42553401e+00  2.42734201e+00 -3.37066704e-05 
 8.61514000e-02  2.50081416e+00  3.75363024e+00  2.42371535e+00  2.42545498e+00 -3.37198865e-05 
 8.61564000e-02  2.50083199e+00  3.75187745e+00  2.42197209e+00  2.42364160e+00 -3.37325608e-05 
 8.61614000e-02  2.50084901e+00  3.75020171e+00  2.42030598e+00  2.42190371e+00 -3.37446805e-05 
 8.61664000e-02  2.50086519e+00  3.74860471e+00  2.41871868e+00  2.42024303e+00 -3.37562334e-05 
 8.61714000e-02  2.50088051e+00  3.74708804e+00  2.41721180e+00  2.41866123e+00 -3.37672079e-05 
 8.61764000e-02  2.50089497e+00  3.74565322e+00  2.41578684e+00  2.41715990e+00 -3.37775929e-05 
 8.61814000e-02  2.50090854e+00  3.74430170e+00  2.41444522e+00  2.41574055e+00 -3.37873779e-05 
 8.61864000e-02  2.50092121e+00  3.74303483e+00  2.41318831e+00  2.41440459e+00 -3.37965532e-05 
 8.61914000e-02  2.50093298e+00  3.74185388e+00  2.41201735e+00  2.41315336e+00 -3.38051094e-05 
 8.61964000e-02  2.50094382e+00  3.74076004e+00  2.41093352e+00  2.41198813e+00 -3.38130379e-05 
 8.62014000e-02  2.50095374e+00  3.73975439e+00  2.40993791e+00  2.41091007e+00 -3.38203307e-05 
 8.62064000e-02  2.50096271e+00  3.73883796e+00  2.40903152e+00  2.40992024e+00 -3.38269806e-05 
 8.62114000e-02  2.50097073e+00  3.73801167e+00  2.40821526e+00  2.40901965e+00 -3.38329807e-05 
 8.62164000e-02  2.50097780e+00  3.73727633e+00  2.40748995e+00  2.40820921e+00 -3.38383250e-05 
 8.62214000e-02  2.50098390e+00  3.73663269e+00  2.40685632e+00  2.40748971e+00 -3.38430082e-05 
 8.62264000e-02  2.50098903e+00  3.73608140e+00  2.40631500e+00  2.40686190e+00 -3.38470254e-05 
 8.62314000e-02  2.50099318e+00  3.73562301e+00  2.40586653e+00  2.40632639e+00 -3.38503728e-05 
 8.62364000e-02  2.50099635e+00  3.73525798e+00  2.40551138e+00  2.40588373e+00 -3.38530468e-05 
 8.62414000e-02  2.50099854e+00  3.73498668e+00  2.40524988e+00  2.40553435e+00 -3.38550448e-05 
 8.62464000e-02  2.50099974e+00  3.73480937e+00  2.40508232e+00  2.40527862e+00 -3.38563647e-05 
 8.62514000e-02  2.50099996e+00  3.73472624e+00  2.40500884e+00  2.40511679e+00 -3.38570053e-05 
 8.62564000e-02  2.50099919e+00  3.73473737e+00  2.40502954e+00  2.40504901e+00 -3.38569659e-05 
 8.62614000e-02  2.50099744e+00  3.73484274e+00  2.40514438e+00  2.40507536e+00 -3.38562466e-05 
 8.62664000e-02  2.50099470e+00  3.73504226e+00  2.40535325e+00  2.40519582e+00 -3.38548480e-05 
 8.62714000e-02  2.50099097e+00  3.73533573e+00  2.40565595e+00  2.40541025e+00 -3.38527716e-05 
 8.62764000e-02  2.50098627e+00  3.73572283e+00  2.40605216e+00  2.40571845e+00 -3.38500194e-05 
 8.62814000e-02  2.50098060e+00  3.73620320e+00  2.40654150e+00  2.40612010e+00 -3.38465944e-05 
 8.62864000e-02  2.50097396e+00  3.73677634e+00  2.40712346e+00  2.40661481e+00 -3.38424999e-05 
 8.62914000e-02  2.50096636e+00  3.73744168e+00  2.40779747e+00  2.40720207e+00 -3.38377400e-05 
 8.62964000e-02  2.50095780e+00  3.73819855e+00  2.40856284e+00  2.40788129e+00 -3.38323196e-05 
 8.63014000e-02  2.50094830e+00  3.73904619e+00  2.40941881e+00  2.40865180e+00 -3.38262441e-05 
 8.63064000e-02  2.50093786e+00  3.73998376e+00  2.41036453e+00  2.40951282e+00 -3.38195197e-05 
 8.63114000e-02  2.50092650e+00  3.74101030e+00  2.41139903e+00  2.41046349e+00 -3.38121532e-05 
 8.63164000e-02  2.50091423e+00  3.74212479e+00  2.41252128e+00  2.41150284e+00 -3.38041519e-05 
 8.63214000e-02  2.50090105e+00  3.74332611e+00  2.41373016e+00  2.41262984e+00 -3.37955240e-05 
 8.63264000e-02  2.50088698e+00  3.74461305e+00  2.41502446e+00  2.41384336e+00 -3.37862782e-05 
 8.63314000e-02  2.50087204e+00  3.74598433e+00  2.41640286e+00  2.41514218e+00 -3.37764238e-05 
 8.63364000e-02  2.50085623e+00  3.74743856e+00  2.41786400e+00  2.41652499e+00 -3.37659706e-05 
 8.63414000e-02  2.50083958e+00  3.74897429e+00  2.41940640e+00  2.41799041e+00 -3.37549293e-05 
 8.63464000e-02  2.50082210e+00  3.75058998e+00  2.42102853e+00  2.41953698e+00 -3.37433110e-05 
 8.63514000e-02  2.50080382e+00  3.75228401e+00  2.42272874e+00  2.42116313e+00 -3.37311274e-05 
 8.63564000e-02  2.50078473e+00  3.75405468e+00  2.42450535e+00  2.42286724e+00 -3.37183907e-05 
 8.63614000e-02  2.50076488e+00  3.75590022e+00  2.42635656e+00  2.42464760e+00 -3.37051137e-05 
 8.63664000e-02  2.50074426e+00  3.75781878e+00  2.42828053e+00  2.42650242e+00 -3.36913099e-05 
 8.63714000e-02  2.50072292e+00  3.75980843e+00  2.43027533e+00  2.42842986e+00 -3.36769930e-05 
 8.63764000e-02  2.50070086e+00  3.76186718e+00  2.43233895e+00  2.43042797e+00 -3.36621776e-05 
 8.63814000e-02  2.50067811e+00  3.76399298e+00  2.43446934e+00  2.43249476e+00 -3.36468784e-05 
 8.63864000e-02  2.50065469e+00  3.76618370e+00  2.43666437e+00  2.43462816e+00 -3.36311109e-05 
 8.63914000e-02  2.50063062e+00  3.76843714e+00  2.43892183e+00  2.43682604e+00 -3.36148909e-05 
 8.63964000e-02  2.50060593e+00  3.77075105e+00  2.44123948e+00  2.43908619e+00 -3.35982346e-05 
 8.64014000e-02  2.50058065e+00  3.77312312e+00  2.44361498e+00  2.44140636e+00 -3.35811588e-05 
 8.64064000e-02  2.50055479e+00  3.77555098e+00  2.44604598e+00  2.44378422e+00 -3.35636806e-05 
 8.64114000e-02  2.50052838e+00  3.77803220e+00  2.44853004e+00  2.44621741e+00 -3.35458175e-05 
 8.64164000e-02  2.50050145e+00  3.78056431e+00  2.45106468e+00  2.44870349e+00 -3.35275874e-05 
 8.64214000e-02  2.50047403e+00  3.78314477e+00  2.45364737e+00  2.45123997e+00 -3.35090085e-05 
 8.64264000e-02  2.50044614e+00  3.78577102e+00  2.45627554e+00  2.45382434e+00 -3.34900995e-05 
 8.64314000e-02  2.50041780e+00  3.78844044e+00  2.45894657e+00  2.45645400e+00 -3.34708793e-05 
 8.64364000e-02  2.50038906e+00  3.79115035e+00  2.46165778e+00  2.45912634e+00 -3.34513670e-05 
 8.64414000e-02  2.50035993e+00  3.79389808e+00  2.46440649e+00  2.46183870e+00 -3.34315821e-05 
 8.64464000e-02  2.50033045e+00  3.79668087e+00  2.46718995e+00  2.46458837e+00 -3.34115445e-05 
 8.64514000e-02  2.50030064e+00  3.79949596e+00  2.47000540e+00  2.46737261e+00 -3.33912740e-05 
 8.64564000e-02  2.50027053e+00  3.80234055e+00  2.47285003e+00  2.47018865e+00 -3.33707909e-05 
 8.64614000e-02  2.50024016e+00  3.80521181e+00  2.47572101e+00  2.47303370e+00 -3.33501156e-05 
 8.64664000e-02  2.50020955e+00  3.80810688e+00  2.47861550e+00  2.47590492e+00 -3.33292687e-05 
 8.64714000e-02  2.50017873e+00  3.81102290e+00  2.48153062e+00  2.47879946e+00 -3.33082709e-05 
 8.64764000e-02  2.50014774e+00  3.81395697e+00  2.48446347e+00  2.48171445e+00 -3.32871431e-05 
 8.64814000e-02  2.50011660e+00  3.81690617e+00  2.48741114e+00  2.48464699e+00 -3.32659062e-05 
 8.64864000e-02  2.50008535e+00  3.81986759e+00  2.49037073e+00  2.48759417e+00 -3.32445814e-05 
 8.64914000e-02  2.50005401e+00  3.82283828e+00  2.49333928e+00  2.49055308e+00 -3.32231898e-05 
 8.64964000e-02  2.50002262e+00  3.82581532e+00  2.49631386e+00  2.49352078e+00 -3.32017526e-05 
 8.65014000e-02  2.49999120e+00  3.82879574e+00  2.49929153e+00  2.49649433e+00 -3.31802909e-05 
 8.65064000e-02  2.49995980e+00  3.83177662e+00  2.50226935e+00  2.49947080e+00 -3.31588262e-05 
 8.65114000e-02  2.49992843e+00  3.83475499e+00  2.50524437e+00  2.50244723e+00 -3.31373794e-05 
 8.65164000e-02  2.49989714e+00  3.83772792e+00  2.50821366e+00  2.50542069e+00 -3.31159719e-05 
 8.65214000e-02  2.49986594e+00  3.84069247e+00  2.51117428e+00  2.50838824e+00 -3.30946248e-05 
 8.65264000e-02  2.49983488e+00  3.84364573e+00  2.51412331e+00  2.51134696e+00 -3.30733590e-05 
 8.65314000e-02  2.49980399e+00  3.84658478e+00  2.51705785e+00  2.51429392e+00 -3.30521956e-05 
 8.65364000e-02  2.49977328e+00  3.84950673e+00  2.51997501e+00  2.51722622e+00 -3.30311554e-05 
 8.65414000e-02  2.49974280e+00  3.85240870e+00  2.52287193e+00  2.52014098e+00 -3.30102590e-05 
 8.65464000e-02  2.49971257e+00  3.85528784e+00  2.52574574e+00  2.52303532e+00 -3.29895270e-05 
 8.65514000e-02  2.49968263e+00  3.85814131e+00  2.52859363e+00  2.52590641e+00 -3.29689797e-05 
 8.65564000e-02  2.49965300e+00  3.86096633e+00  2.53141280e+00  2.52875141e+00 -3.29486372e-05 
 8.65614000e-02  2.49962371e+00  3.86376012e+00  2.53420049e+00  2.53156755e+00 -3.29285195e-05 
 8.65664000e-02  2.49959479e+00  3.86651993e+00  2.53695397e+00  2.53435205e+00 -3.29086463e-05 
 8.65714000e-02  2.49956628e+00  3.86924307e+00  2.53967053e+00  2.53710219e+00 -3.28890369e-05 
 8.65764000e-02  2.49953819e+00  3.87192688e+00  2.54234751e+00  2.53981526e+00 -3.28697106e-05 
 8.65814000e-02  2.49951056e+00  3.87456871e+00  2.54498231e+00  2.54248863e+00 -3.28506861e-05 
 8.65864000e-02  2.49948341e+00  3.87716601e+00  2.54757234e+00  2.54511967e+00 -3.28319821e-05 
 8.65914000e-02  2.49945677e+00  3.87971622e+00  2.55011508e+00  2.54770581e+00 -3.28136167e-05 
 8.65964000e-02  2.49943066e+00  3.88221686e+00  2.55260805e+00  2.55024453e+00 -3.27956078e-05 
 8.66014000e-02  2.49940512e+00  3.88466549e+00  2.55504881e+00  2.55273335e+00 -3.27779729e-05 
 8.66064000e-02  2.49938017e+00  3.88705972e+00  2.55743498e+00  2.55516984e+00 -3.27607291e-05 
 8.66114000e-02  2.49935582e+00  3.88939724e+00  2.55976426e+00  2.55755163e+00 -3.27438931e-05 
 8.66164000e-02  2.49933212e+00  3.89167575e+00  2.56203435e+00  2.55987640e+00 -3.27274813e-05 
 8.66214000e-02  2.49930907e+00  3.89389305e+00  2.56424308e+00  2.56214190e+00 -3.27115095e-05 
 8.66264000e-02  2.49928670e+00  3.89604698e+00  2.56638827e+00  2.56434591e+00 -3.26959932e-05 
 8.66314000e-02  2.49926504e+00  3.89813546e+00  2.56846786e+00  2.56648630e+00 -3.26809474e-05 
 8.66364000e-02  2.49924410e+00  3.90015645e+00  2.57047983e+00  2.56856099e+00 -3.26663866e-05 
 8.66414000e-02  2.49922391e+00  3.90210800e+00  2.57242223e+00  2.57056796e+00 -3.26523249e-05 
 8.66464000e-02  2.49920448e+00  3.90398821e+00  2.57429317e+00  2.57250528e+00 -3.26387757e-05 
 8.66514000e-02  2.49918584e+00  3.90579528e+00  2.57609085e+00  2.57437107e+00 -3.26257523e-05 
 8.66564000e-02  2.49916801e+00  3.90752744e+00  2.57781352e+00  2.57616351e+00 -3.26132670e-05 
 8.66614000e-02  2.49915099e+00  3.90918302e+00  2.57945952e+00  2.57788088e+00 -3.26013319e-05 
 8.66664000e-02  2.49913481e+00  3.91076043e+00  2.58102727e+00  2.57952152e+00 -3.25899585e-05 
 8.66714000e-02  2.49911949e+00  3.91225814e+00  2.58251524e+00  2.58108383e+00 -3.25791577e-05 
 8.66764000e-02  2.49910503e+00  3.91367470e+00  2.58392200e+00  2.58256632e+00 -3.25689398e-05 
 8.66814000e-02  2.49909146e+00  3.91500875e+00  2.58524619e+00  2.58396755e+00 -3.25593147e-05 
 8.66864000e-02  2.49907879e+00  3.91625901e+00  2.58648654e+00  2.58528617e+00 -3.25502916e-05 
 8.66914000e-02  2.49906702e+00  3.91742426e+00  2.58764185e+00  2.58652091e+00 -3.25418790e-05 
 8.66964000e-02  2.49905618e+00  3.91850339e+00  2.58871101e+00  2.58767057e+00 -3.25340852e-05 
 8.67014000e-02  2.49904626e+00  3.91949535e+00  2.58969299e+00  2.58873406e+00 -3.25269175e-05 
 8.67064000e-02  2.49903729e+00  3.92039919e+00  2.59058684e+00  2.58971035e+00 -3.25203827e-05 
 8.67114000e-02  2.49902927e+00  3.92121405e+00  2.59139171e+00  2.59059849e+00 -3.25144872e-05 
 8.67164000e-02  2.49902220e+00  3.92193913e+00  2.59210682e+00  2.59139764e+00 -3.25092366e-05 
 8.67214000e-02  2.49901610e+00  3.92257374e+00  2.59273148e+00  2.59210702e+00 -3.25046358e-05 
 8.67264000e-02  2.49901097e+00  3.92311727e+00  2.59326509e+00  2.59272595e+00 -3.25006893e-05 
 8.67314000e-02  2.49900682e+00  3.92356920e+00  2.59370714e+00  2.59325384e+00 -3.24974009e-05 
 8.67364000e-02  2.49900365e+00  3.92392909e+00  2.59405721e+00  2.59369019e+00 -3.24947737e-05 
 8.67414000e-02  2.49900146e+00  3.92419660e+00  2.59431496e+00  2.59403456e+00 -3.24928101e-05 
 8.67464000e-02  2.49900026e+00  3.92437147e+00  2.59448013e+00  2.59428663e+00 -3.24915122e-05 
 8.67514000e-02  2.49900004e+00  3.92445353e+00  2.59455258e+00  2.59444616e+00 -3.24908810e-05 
 8.67564000e-02  2.49900081e+00  3.92444271e+00  2.59453224e+00  2.59451300e+00 -3.24909173e-05 
 8.67614000e-02  2.49900256e+00  3.92433900e+00  2.59441911e+00  2.59448708e+00 -3.24916210e-05 
 8.67664000e-02  2.49900530e+00  3.92414252e+00  2.59421331e+00  2.59436842e+00 -3.24929914e-05 
 8.67714000e-02  2.49900903e+00  3.92385345e+00  2.59391505e+00  2.59415714e+00 -3.24950272e-05 
 8.67764000e-02  2.49901373e+00  3.92347207e+00  2.59352460e+00  2.59385345e+00 -3.24977265e-05 
 8.67814000e-02  2.49901940e+00  3.92299874e+00  2.59304234e+00  2.59345763e+00 -3.25010867e-05 
 8.67864000e-02  2.49902604e+00  3.92243392e+00  2.59246873e+00  2.59297006e+00 -3.25051046e-05 
 8.67914000e-02  2.49903364e+00  3.92177815e+00  2.59180433e+00  2.59239122e+00 -3.25097764e-05 
 8.67964000e-02  2.49904220e+00  3.92103207e+00  2.59104977e+00  2.59172166e+00 -3.25150976e-05 
 8.68014000e-02  2.49905170e+00  3.92019638e+00  2.59020578e+00  2.59096202e+00 -3.25210632e-05 
 8.68064000e-02  2.49906214e+00  3.91927190e+00  2.58927317e+00  2.59011303e+00 -3.25276674e-05 
 8.68114000e-02  2.49907350e+00  3.91825951e+00  2.58825284e+00  2.58917551e+00 -3.25349040e-05 
 8.68164000e-02  2.49908577e+00  3.91716018e+00  2.58714577e+00  2.58815037e+00 -3.25427659e-05 
 8.68214000e-02  2.49909895e+00  3.91597498e+00  2.58595303e+00  2.58703859e+00 -3.25512458e-05 
 8.68264000e-02  2.49911302e+00  3.91470505e+00  2.58467576e+00  2.58584123e+00 -3.25603355e-05 
 8.68314000e-02  2.49912796e+00  3.91335161e+00  2.58331520e+00  2.58455946e+00 -3.25700263e-05 
 8.68364000e-02  2.49914377e+00  3.91191596e+00  2.58187266e+00  2.58319451e+00 -3.25803088e-05 
 8.68414000e-02  2.49916042e+00  3.91039949e+00  2.58034953e+00  2.58174769e+00 -3.25911733e-05 
 8.68464000e-02  2.49917790e+00  3.90880367e+00  2.57874728e+00  2.58022041e+00 -3.26026094e-05 
 8.68514000e-02  2.49919618e+00  3.90713003e+00  2.57706745e+00  2.57861413e+00 -3.26146059e-05 
 8.68564000e-02  2.49921527e+00  3.90538019e+00  2.57531168e+00  2.57693041e+00 -3.26271515e-05 
 8.68614000e-02  2.49923512e+00  3.90355585e+00  2.57348166e+00  2.57517087e+00 -3.26402341e-05 
 8.68664000e-02  2.49925574e+00  3.90165877e+00  2.57157916e+00  2.57333721e+00 -3.26538410e-05 
 8.68714000e-02  2.49927708e+00  3.89969078e+00  2.56960602e+00  2.57143122e+00 -3.26679592e-05 
 8.68764000e-02  2.49929914e+00  3.89765379e+00  2.56756415e+00  2.56945474e+00 -3.26825750e-05 
 8.68814000e-02  2.49932189e+00  3.89554979e+00  2.56545554e+00  2.56740967e+00 -3.26976744e-05 
 8.68864000e-02  2.49934531e+00  3.89338080e+00  2.56328222e+00  2.56529801e+00 -3.27132427e-05 
 8.68914000e-02  2.49936938e+00  3.89114893e+00  2.56104632e+00  2.56312180e+00 -3.27292650e-05 
 8.68964000e-02  2.49939407e+00  3.88885636e+00  2.55874999e+00  2.56088316e+00 -3.27457257e-05 
 8.69014000e-02  2.49941935e+00  3.88650531e+00  2.55639549e+00  2.55858426e+00 -3.27626088e-05 
 8.69064000e-02  2.49944521e+00  3.88409807e+00  2.55398508e+00  2.55622733e+00 -3.27798981e-05 
 8.69114000e-02  2.49947162e+00  3.88163698e+00  2.55152113e+00  2.55381468e+00 -3.27975767e-05 
 8.69164000e-02  2.49949855e+00  3.87912445e+00  2.54900604e+00  2.55134864e+00 -3.28156275e-05 
 8.69214000e-02  2.49952597e+00  3.87656291e+00  2.54644225e+00  2.54883163e+00 -3.28340330e-05 
 8.69264000e-02  2.49955386e+00  3.87395488e+00  2.54383227e+00  2.54626609e+00 -3.28527751e-05 
 8.69314000e-02  2.49958220e+00  3.87130290e+00  2.54117865e+00  2.54365454e+00 -3.28718358e-05 
 8.69364000e-02  2.49961094e+00  3.86860956e+00  2.53848398e+00  2.54099952e+00 -3.28911963e-05 
 8.69414000e-02  2.49964007e+00  3.86587750e+00  2.53575090e+00  2.53830363e+00 -3.29108378e-05 
 8.69464000e-02  2.49966955e+00  3.86310939e+00  2.53298209e+00  2.53556951e+00 -3.29307411e-05 
 8.69514000e-02  2.49969936e+00  3.86030794e+00  2.53018025e+00  2.53279983e+00 -3.29508868e-05 
 8.69564000e-02  2.49972947e+00  3.85747590e+00  2.52734814e+00  2.52999730e+00 -3.29712550e-05 
 8.69614000e-02  2.49975984e+00  3.85461605e+00  2.52448853e+00  2.52716469e+00 -3.29918260e-05 
 8.69664000e-02  2.49979045e+00  3.85173120e+00  2.52160424e+00  2.52430475e+00 -3.30125795e-05 
 8.69714000e-02  2.49982127e+00  3.84882419e+00  2.51869809e+00  2.52142032e+00 -3.30334950e-05 
 8.69764000e-02  2.49985226e+00  3.84589786e+00  2.51577295e+00  2.51851421e+00 -3.30545522e-05 
 8.69814000e-02  2.49988340e+00  3.84295511e+00  2.51283169e+00  2.51558928e+00 -3.30757302e-05 
 8.69864000e-02  2.49991465e+00  3.83999883e+00  2.50987721e+00  2.51264843e+00 -3.30970083e-05 
 8.69914000e-02  2.49994599e+00  3.83703193e+00  2.50691243e+00  2.50969454e+00 -3.31183654e-05 
 8.69964000e-02  2.49997738e+00  3.83405735e+00  2.50394027e+00  2.50673052e+00 -3.31397805e-05 
 8.70014000e-02  2.50000880e+00  3.83107801e+00  2.50096366e+00  2.50375930e+00 -3.31612325e-05 
 8.70064000e-02  2.50004020e+00  3.82809687e+00  2.49798554e+00  2.50078381e+00 -3.31827002e-05 
 8.70114000e-02  2.50007157e+00  3.82511686e+00  2.49500886e+00  2.49780700e+00 -3.32041623e-05 
 8.70164000e-02  2.50010286e+00  3.82214093e+00  2.49203656e+00  2.49483180e+00 -3.32255975e-05 
 8.70214000e-02  2.50013406e+00  3.81917204e+00  2.48907158e+00  2.49186115e+00 -3.32469848e-05 
 8.70264000e-02  2.50016512e+00  3.81621312e+00  2.48611686e+00  2.48889801e+00 -3.32683028e-05 
 8.70314000e-02  2.50019601e+00  3.81326710e+00  2.48317533e+00  2.48594529e+00 -3.32895305e-05 
 8.70364000e-02  2.50022672e+00  3.81033691e+00  2.48024991e+00  2.48300594e+00 -3.33106467e-05 
 8.70414000e-02  2.50025720e+00  3.80742544e+00  2.47734349e+00  2.48008285e+00 -3.33316305e-05 
 8.70464000e-02  2.50028743e+00  3.80453560e+00  2.47445896e+00  2.47717894e+00 -3.33524609e-05 
 8.70514000e-02  2.50031737e+00  3.80167025e+00  2.47159919e+00  2.47429709e+00 -3.33731174e-05 
 8.70564000e-02  2.50034700e+00  3.79883225e+00  2.46876702e+00  2.47144016e+00 -3.33935793e-05 
 8.70614000e-02  2.50037629e+00  3.79602440e+00  2.46596527e+00  2.46861098e+00 -3.34138261e-05 
 8.70664000e-02  2.50040521e+00  3.79324952e+00  2.46319673e+00  2.46581238e+00 -3.34338378e-05 
 8.70714000e-02  2.50043372e+00  3.79051035e+00  2.46046414e+00  2.46304714e+00 -3.34535944e-05 
 8.70764000e-02  2.50046181e+00  3.78780963e+00  2.45777024e+00  2.46031801e+00 -3.34730761e-05 
 8.70814000e-02  2.50048944e+00  3.78515005e+00  2.45511770e+00  2.45762770e+00 -3.34922634e-05 
 8.70864000e-02  2.50051659e+00  3.78253426e+00  2.45250918e+00  2.45497891e+00 -3.35111373e-05 
 8.70914000e-02  2.50054323e+00  3.77996487e+00  2.44994727e+00  2.45237427e+00 -3.35296787e-05 
 8.70964000e-02  2.50056934e+00  3.77744444e+00  2.44743453e+00  2.44981637e+00 -3.35478693e-05 
 8.71014000e-02  2.50059488e+00  3.77497549e+00  2.44497347e+00  2.44730778e+00 -3.35656906e-05 
 8.71064000e-02  2.50061983e+00  3.77256048e+00  2.44256654e+00  2.44485099e+00 -3.35831250e-05 
 8.71114000e-02  2.50064418e+00  3.77020183e+00  2.44021615e+00  2.44244846e+00 -3.36001548e-05 
 8.71164000e-02  2.50066788e+00  3.76790189e+00  2.43792466e+00  2.44010259e+00 -3.36167631e-05 
 8.71214000e-02  2.50069093e+00  3.76566297e+00  2.43569434e+00  2.43781572e+00 -3.36329332e-05 
 8.71264000e-02  2.50071330e+00  3.76348730e+00  2.43352744e+00  2.43559014e+00 -3.36486488e-05 
 8.71314000e-02  2.50073496e+00  3.76137706e+00  2.43142611e+00  2.43342808e+00 -3.36638941e-05 
 8.71364000e-02  2.50075590e+00  3.75933436e+00  2.42939247e+00  2.43133170e+00 -3.36786539e-05 
 8.71414000e-02  2.50077609e+00  3.75736125e+00  2.42742854e+00  2.42930309e+00 -3.36929134e-05 
 8.71464000e-02  2.50079552e+00  3.75545970e+00  2.42553630e+00  2.42734429e+00 -3.37066580e-05 
 8.71514000e-02  2.50081416e+00  3.75363161e+00  2.42371763e+00  2.42545726e+00 -3.37198742e-05 
 8.71564000e-02  2.50083199e+00  3.75187882e+00  2.42197437e+00  2.42364389e+00 -3.37325485e-05 
 8.71614000e-02  2.50084901e+00  3.75020308e+00  2.42030826e+00  2.42190599e+00 -3.37446682e-05 
 8.71664000e-02  2.50086519e+00  3.74860608e+00  2.41872097e+00  2.42024531e+00 -3.37562211e-05 
 8.71714000e-02  2.50088051e+00  3.74708941e+00  2.41721408e+00  2.41866351e+00 -3.37671956e-05 
 8.71764000e-02  2.50089497e+00  3.74565459e+00  2.41578912e+00  2.41716218e+00 -3.37775806e-05 
 8.71814000e-02  2.50090854e+00  3.74430307e+00  2.41444751e+00  2.41574283e+00 -3.37873656e-05 
 8.71864000e-02  2.50092121e+00  3.74303620e+00  2.41319059e+00  2.41440687e+00 -3.37965409e-05 
 8.71914000e-02  2.50093298e+00  3.74185525e+00  2.41201963e+00  2.41315565e+00 -3.38050971e-05 
 8.71964000e-02  2.50094382e+00  3.74076141e+00  2.41093580e+00  2.41199042e+00 -3.38130256e-05 
 8.72014000e-02  2.50095374e+00  3.73975577e+00  2.40994019e+00  2.41091235e+00 -3.38203184e-05 
 8.72064000e-02  2.50096271e+00  3.73883934e+00  2.40903381e+00  2.40992252e+00 -3.38269683e-05 
 8.72114000e-02  2.50097073e+00  3.73801304e+00  2.40821755e+00  2.40902193e+00 -3.38329684e-05 
 8.72164000e-02  2.50097780e+00  3.73727770e+00  2.40749224e+00  2.40821149e+00 -3.38383127e-05 
 8.72214000e-02  2.50098390e+00  3.73663407e+00  2.40685860e+00  2.40749199e+00 -3.38429958e-05 
 8.72264000e-02  2.50098903e+00  3.73608278e+00  2.40631728e+00  2.40686418e+00 -3.38470131e-05 
 8.72314000e-02  2.50099318e+00  3.73562439e+00  2.40586882e+00  2.40632867e+00 -3.38503604e-05 
 8.72364000e-02  2.50099635e+00  3.73525936e+00  2.40551366e+00  2.40588601e+00 -3.38530344e-05 
 8.72414000e-02  2.50099854e+00  3.73498805e+00  2.40525216e+00  2.40553663e+00 -3.38550324e-05 
 8.72464000e-02  2.50099974e+00  3.73481074e+00  2.40508460e+00  2.40528090e+00 -3.38563524e-05 
 8.72514000e-02  2.50099996e+00  3.73472761e+00  2.40501112e+00  2.40511907e+00 -3.38569930e-05 
 8.72564000e-02  2.50099919e+00  3.73473874e+00  2.40503182e+00  2.40505129e+00 -3.38569536e-05 
 8.72614000e-02  2.50099744e+00  3.73484412e+00  2.40514666e+00  2.40507764e+00 -3.38562342e-05 
 8.72664000e-02  2.50099470e+00  3.73504364e+00  2.40535553e+00  2.40519810e+00 -3.38548356e-05 
 8.72714000e-02  2.50099097e+00  3.73533710e+00  2.40565823e+00  2.40541253e+00 -3.38527592e-05 
 8.72764000e-02  2.50098627e+00  3.73572421e+00  2.40605444e+00  2.40572073e+00 -3.38500071e-05 
 8.72814000e-02  2.50098060e+00  3.73620457e+00  2.40654378e+00  2.40612238e+00 -3.38465821e-05 
 8.72864000e-02  2.50097396e+00  3.73677771e+00  2.40712574e+00  2.40661709e+00 -3.38424875e-05 
 8.72914000e-02  2.50096636e+00  3.73744305e+00  2.40779974e+00  2.40720435e+00 -3.38377277e-05 
 8.72964000e-02  2.50095780e+00  3.73819992e+00  2.40856512e+00  2.40788357e+00 -3.38323073e-05 
 8.73014000e-02  2.50094830e+00  3.73904757e+00  2.40942109e+00  2.40865408e+00 -3.38262318e-05 
 8.73064000e-02  2.50093786e+00  3.73998513e+00  2.41036680e+00  2.40951510e+00 -3.38195074e-05 
 8.73114000e-02  2.50092650e+00  3.74101167e+00  2.41140130e+00  2.41046576e+00 -3.38121409e-05 
 8.73164000e-02  2.50091423e+00  3.74212616e+00  2.41252356e+00  2.41150512e+00 -3.38041396e-05 
 8.73214000e-02  2.50090105e+00  3.74332748e+00  2.41373244e+00  2.41263212e+00 -3.37955117e-05 
 8.73264000e-02  2.50088698e+00  3.74461442e+00  2.41502673e+00  2.41384564e+00 -3.37862659e-05 
 8.73314000e-02  2.50087204e+00  3.74598570e+00  2.41640514e+00  2.41514445e+00 -3.37764115e-05 
 8.73364000e-02  2.50085623e+00  3.74743993e+00  2.41786627e+00  2.41652727e+00 -3.37659583e-05 
 8.73414000e-02  2.50083958e+00  3.74897566e+00  2.41940868e+00  2.41799269e+00 -3.37549170e-05 
 8.73464000e-02  2.50082210e+00  3.75059135e+00  2.42103080e+00  2.41953925e+00 -3.37432987e-05 
 8.73514000e-02  2.50080382e+00  3.75228538e+00  2.42273101e+00  2.42116540e+00 -3.37311151e-05 
 8.73564000e-02  2.50078473e+00  3.75405606e+00  2.42450762e+00  2.42286951e+00 -3.37183784e-05 
 8.73614000e-02  2.50076488e+00  3.75590159e+00  2.42635883e+00  2.42464987e+00 -3.37051014e-05 
 8.73664000e-02  2.50074426e+00  3.75782015e+00  2.42828280e+00  2.42650469e+00 -3.36912976e-05 
 8.73714000e-02  2.50072292e+00  3.75980980e+00  2.43027760e+00  2.42843213e+00 -3.36769808e-05 
 8.73764000e-02  2.50070086e+00  3.76186855e+00  2.43234122e+00  2.43043024e+00 -3.36621653e-05 
 8.73814000e-02  2.50067811e+00  3.76399435e+00  2.43447161e+00  2.43249703e+00 -3.36468662e-05 
 8.73864000e-02  2.50065469e+00  3.76618507e+00  2.43666664e+00  2.43463043e+00 -3.36310986e-05 
 8.73914000e-02  2.50063062e+00  3.76843851e+00  2.43892410e+00  2.43682831e+00 -3.36148786e-05 
 8.73964000e-02  2.50060593e+00  3.77075242e+00  2.44124175e+00  2.43908846e+00 -3.35982223e-05 
 8.74014000e-02  2.50058065e+00  3.77312449e+00  2.44361725e+00  2.44140862e+00 -3.35811465e-05 
 8.74064000e-02  2.50055479e+00  3.77555235e+00  2.44604825e+00  2.44378649e+00 -3.35636683e-05 
 8.74114000e-02  2.50052838e+00  3.77803357e+00  2.44853231e+00  2.44621968e+00 -3.35458052e-05 
 8.74164000e-02  2.50050145e+00  3.78056568e+00  2.45106695e+00  2.44870575e+00 -3.35275751e-05 
 8.74214000e-02  2.50047403e+00  3.78314614e+00  2.45364964e+00  2.45124224e+00 -3.35089963e-05 
 8.74264000e-02  2.50044614e+00  3.78577239e+00  2.45627781e+00  2.45382660e+00 -3.34900873e-05 
 8.74314000e-02  2.50041780e+00  3.78844180e+00  2.45894883e+00  2.45645627e+00 -3.34708670e-05 
 8.74364000e-02  2.50038906e+00  3.79115172e+00  2.46166005e+00  2.45912861e+00 -3.34513547e-05 
 8.74414000e-02  2.50035993e+00  3.79389944e+00  2.46440875e+00  2.46184096e+00 -3.34315699e-05 
 8.74464000e-02  2.50033045e+00  3.79668223e+00  2.46719221e+00  2.46459063e+00 -3.34115322e-05 
 8.74514000e-02  2.50030064e+00  3.79949732e+00  2.47000766e+00  2.46737487e+00 -3.33912617e-05 
 8.74564000e-02  2.50027053e+00  3.80234191e+00  2.47285229e+00  2.47019091e+00 -3.33707787e-05 
 8.74614000e-02  2.50024016e+00  3.80521317e+00  2.47572327e+00  2.47303596e+00 -3.33501034e-05 
 8.74664000e-02  2.50020955e+00  3.80810825e+00  2.47861776e+00  2.47590718e+00 -3.33292565e-05 
 8.74714000e-02  2.50017873e+00  3.81102426e+00  2.48153288e+00  2.47880172e+00 -3.33082587e-05 
 8.74764000e-02  2.50014774e+00  3.81395833e+00  2.48446573e+00  2.48171671e+00 -3.32871308e-05 
 8.74814000e-02  2.50011660e+00  3.81690753e+00  2.48741340e+00  2.48464925e+00 -3.32658940e-05 
 8.74864000e-02  2.50008535e+00  3.81986895e+00  2.49037298e+00  2.48759643e+00 -3.32445692e-05 
 8.74914000e-02  2.50005401e+00  3.82283964e+00  2.49334153e+00  2.49055534e+00 -3.32231776e-05 
 8.74964000e-02  2.50002262e+00  3.82581668e+00  2.49631612e+00  2.49352304e+00 -3.32017404e-05 
 8.75014000e-02  2.49999120e+00  3.82879711e+00  2.49929379e+00  2.49649659e+00 -3.31802787e-05 
 8.75064000e-02  2.49995980e+00  3.83177798e+00  2.50227161e+00  2.49947306e+00 -3.31588140e-05 
 8.75114000e-02  2.49992843e+00  3.83475635e+00  2.50524663e+00  2.50244949e+00 -3.31373672e-05 
 8.75164000e-02  2.49989714e+00  3.83772928e+00  2.50821591e+00  2.50542295e+00 -3.31159597e-05 
 8.75214000e-02  2.49986594e+00  3.84069383e+00  2.51117653e+00  2.50839050e+00 -3.30946126e-05 
 8.75264000e-02  2.49983488e+00  3.84364709e+00  2.51412556e+00  2.51134921e+00 -3.30733469e-05 
 8.75314000e-02  2.49980399e+00  3.84658614e+00  2.51706011e+00  2.51429617e+00 -3.30521835e-05 
 8.75364000e-02  2.49977328e+00  3.84950809e+00  2.51997727e+00  2.51722847e+00 -3.30311432e-05 
 8.75414000e-02  2.49974280e+00  3.85241006e+00  2.52287418e+00  2.52014323e+00 -3.30102468e-05 
 8.75464000e-02  2.49971257e+00  3.85528919e+00  2.52574799e+00  2.52303757e+00 -3.29895148e-05 
 8.75514000e-02  2.49968263e+00  3.85814267e+00  2.52859588e+00  2.52590866e+00 -3.29689675e-05 
 8.75564000e-02  2.49965300e+00  3.86096769e+00  2.53141505e+00  2.52875366e+00 -3.29486250e-05 
 8.75614000e-02  2.49962371e+00  3.86376148e+00  2.53420274e+00  2.53156980e+00 -3.29285074e-05 
 8.75664000e-02  2.49959479e+00  3.86652129e+00  2.53695621e+00  2.53435430e+00 -3.29086341e-05 
 8.75714000e-02  2.49956628e+00  3.86924443e+00  2.53967277e+00  2.53710443e+00 -3.28890248e-05 
 8.75764000e-02  2.49953819e+00  3.87192823e+00  2.54234976e+00  2.53981751e+00 -3.28696984e-05 
 8.75814000e-02  2.49951056e+00  3.87457007e+00  2.54498456e+00  2.54249088e+00 -3.28506740e-05 
 8.75864000e-02  2.49948341e+00  3.87716736e+00  2.54757459e+00  2.54512192e+00 -3.28319700e-05 
 8.75914000e-02  2.49945677e+00  3.87971757e+00  2.55011733e+00  2.54770806e+00 -3.28136046e-05 
 8.75964000e-02  2.49943066e+00  3.88221821e+00  2.55261029e+00  2.55024678e+00 -3.27955956e-05 
 8.76014000e-02  2.49940512e+00  3.88466684e+00  2.55505105e+00  2.55273559e+00 -3.27779607e-05 
 8.76064000e-02  2.49938017e+00  3.88706108e+00  2.55743723e+00  2.55517208e+00 -3.27607169e-05 
 8.76114000e-02  2.49935582e+00  3.88939859e+00  2.55976650e+00  2.55755388e+00 -3.27438810e-05 
 8.76164000e-02  2.49933212e+00  3.89167710e+00  2.56203660e+00  2.55987865e+00 -3.27274691e-05 
 8.76214000e-02  2.49930907e+00  3.89389440e+00  2.56424532e+00  2.56214414e+00 -3.27114974e-05 
 8.76264000e-02  2.49928670e+00  3.89604834e+00  2.56639051e+00  2.56434815e+00 -3.26959811e-05 
 8.76314000e-02  2.49926504e+00  3.89813681e+00  2.56847011e+00  2.56648854e+00 -3.26809353e-05 
 8.76364000e-02  2.49924410e+00  3.90015780e+00  2.57048207e+00  2.56856323e+00 -3.26663745e-05 
 8.76414000e-02  2.49922391e+00  3.90210935e+00  2.57242447e+00  2.57057020e+00 -3.26523128e-05 
 8.76464000e-02  2.49920448e+00  3.90398956e+00  2.57429541e+00  2.57250752e+00 -3.26387636e-05 
 8.76514000e-02  2.49918584e+00  3.90579663e+00  2.57609309e+00  2.57437331e+00 -3.26257402e-05 
 8.76564000e-02  2.49916801e+00  3.90752879e+00  2.57781576e+00  2.57616575e+00 -3.26132549e-05 
 8.76614000e-02  2.49915099e+00  3.90918437e+00  2.57946176e+00  2.57788312e+00 -3.26013198e-05 
 8.76664000e-02  2.49913481e+00  3.91076178e+00  2.58102950e+00  2.57952375e+00 -3.25899464e-05 
 8.76714000e-02  2.49911949e+00  3.91225949e+00  2.58251747e+00  2.58108607e+00 -3.25791456e-05 
 8.76764000e-02  2.49910503e+00  3.91367605e+00  2.58392423e+00  2.58256856e+00 -3.25689277e-05 
 8.76814000e-02  2.49909146e+00  3.91501010e+00  2.58524842e+00  2.58396979e+00 -3.25593026e-05 
 8.76864000e-02  2.49907879e+00  3.91626036e+00  2.58648877e+00  2.58528841e+00 -3.25502795e-05 
 8.76914000e-02  2.49906702e+00  3.91742561e+00  2.58764408e+00  2.58652314e+00 -3.25418670e-05 
 8.76964000e-02  2.49905618e+00  3.91850473e+00  2.58871324e+00  2.58767281e+00 -3.25340731e-05 
 8.77014000e-02  2.49904626e+00  3.91949670e+00  2.58969522e+00  2.58873630e+00 -3.25269054e-05 
 8.77064000e-02  2.49903729e+00  3.92040054e+00  2.59058907e+00  2.58971258e+00 -3.25203706e-05 
 8.77114000e-02  2.49902927e+00  3.92121539e+00  2.59139394e+00  2.59060073e+00 -3.25144751e-05 
 8.77164000e-02  2.49902220e+00  3.92194048e+00  2.59210905e+00  2.59139987e+00 -3.25092245e-05 
 8.77214000e-02  2.49901610e+00  3.92257509e+00  2.59273371e+00  2.59210925e+00 -3.25046238e-05 
 8.77264000e-02  2.49901097e+00  3.92311862e+00  2.59326732e+00  2.59272819e+00 -3.25006773e-05 
 8.77314000e-02  2.49900682e+00  3.92357055e+00  2.59370938e+00  2.59325608e+00 -3.24973889e-05 
 8.77364000e-02  2.49900365e+00  3.92393044e+00  2.59405944e+00  2.59369242e+00 -3.24947616e-05 
 8.77414000e-02  2.49900146e+00  3.92419795e+00  2.59431719e+00  2.59403679e+00 -3.24927981e-05 
 8.77464000e-02  2.49900026e+00  3.92437282e+00  2.59448237e+00  2.59428886e+00 -3.24915001e-05 
 8.77514000e-02  2.49900004e+00  3.92445488e+00  2.59455481e+00  2.59444840e+00 -3.24908690e-05 
 8.77564000e-02  2.49900081e+00  3.92444405e+00  2.59453447e+00  2.59451523e+00 -3.24909053e-05 
 8.77614000e-02  2.49900256e+00  3.92434035e+00  2.59442134e+00  2.59448931e+00 -3.24916089e-05 
 8.77664000e-02  2.49900530e+00  3.92414387e+00  2.59421555e+00  2.59437065e+00 -3.24929793e-05 
 8.77714000e-02  2.49900903e+00  3.92385480e+00  2.59391728e+00  2.59415937e+00 -3.24950151e-05 
 8.77764000e-02  2.49901373e+00  3.92347341e+00  2.59352683e+00  2.59385568e+00 -3.24977144e-05 
 8.77814000e-02  2.49901940e+00  3.92300009e+00  2.59304457e+00  2.59345986e+00 -3.25010746e-05 
 8.77864000e-02  2.49902604e+00  3.92243527e+00  2.59247096e+00  2.59297229e+00 -3.25050926e-05 
 8.77914000e-02  2.49903364e+00  3.92177950e+00  2.59180656e+00  2.59239345e+00 -3.25097644e-05 
 8.77964000e-02  2.49904220e+00  3.92103341e+00  2.59105200e+00  2.59172389e+00 -3.25150856e-05 
 8.78014000e-02  2.49905170e+00  3.92019773e+00  2.59020801e+00  2.59096425e+00 -3.25210511e-05 
 8.78064000e-02  2.49906214e+00  3.91927325e+00  2.58927540e+00  2.59011526e+00 -3.25276553e-05 
 8.78114000e-02  2.49907350e+00  3.91826085e+00  2.58825507e+00  2.58917774e+00 -3.25348919e-05 
 8.78164000e-02  2.49908577e+00  3.91716153e+00  2.58714800e+00  2.58815260e+00 -3.25427539e-05 
 8.78214000e-02  2.49909895e+00  3.91597633e+00  2.58595526e+00  2.58704082e+00 -3.25512337e-05 
 8.78264000e-02  2.49911302e+00  3.91470640e+00  2.58467799e+00  2.58584346e+00 -3.25603234e-05 
 8.78314000e-02  2.49912796e+00  3.91335295e+00  2.58331743e+00  2.58456169e+00 -3.25700142e-05 
 8.78364000e-02  2.49914377e+00  3.91191731e+00  2.58187489e+00  2.58319674e+00 -3.25802967e-05 
 8.78414000e-02  2.49916042e+00  3.91040084e+00  2.58035176e+00  2.58174992e+00 -3.25911612e-05 
 8.78464000e-02  2.49917790e+00  3.90880502e+00  2.57874951e+00  2.58022264e+00 -3.26025973e-05 
 8.78514000e-02  2.49919618e+00  3.90713138e+00  2.57706968e+00  2.57861636e+00 -3.26145938e-05 
 8.78564000e-02  2.49921527e+00  3.90538154e+00  2.57531391e+00  2.57693263e+00 -3.26271394e-05 
 8.78614000e-02  2.49923512e+00  3.90355720e+00  2.57348389e+00  2.57517310e+00 -3.26402220e-05 
 8.78664000e-02  2.49925574e+00  3.90166012e+00  2.57158139e+00  2.57333944e+00 -3.26538289e-05 
 8.78714000e-02  2.49927708e+00  3.89969213e+00  2.56960824e+00  2.57143345e+00 -3.26679471e-05 
 8.78764000e-02  2.49929914e+00  3.89765514e+00  2.56756638e+00  2.56945697e+00 -3.26825629e-05 
 8.78814000e-02  2.49932189e+00  3.89555114e+00  2.56545776e+00  2.56741190e+00 -3.26976623e-05 
 8.78864000e-02  2.49934531e+00  3.89338215e+00  2.56328445e+00  2.56530024e+00 -3.27132306e-05 
 8.78914000e-02  2.49936938e+00  3.89115028e+00  2.56104855e+00  2.56312403e+00 -3.27292529e-05 
 8.78964000e-02  2.49939407e+00  3.88885771e+00  2.55875222e+00  2.56088539e+00 -3.27457136e-05 
 8.79014000e-02  2.49941935e+00  3.88650666e+00  2.55639772e+00  2.55858649e+00 -3.27625967e-05 
 8.79064000e-02  2.49944521e+00  3.88409942e+00  2.55398731e+00  2.55622956e+00 -3.27798860e-05 
 8.79114000e-02  2.49947162e+00  3.88163834e+00  2.55152336e+00  2.55381691e+00 -3.27975646e-05 
 8.79164000e-02  2.49949855e+00  3.87912580e+00  2.54900827e+00  2.55135087e+00 -3.28156154e-05 
 8.79214000e-02  2.49952597e+00  3.87656427e+00  2.54644448e+00  2.54883386e+00 -3.28340209e-05 
 8.79264000e-02  2.49955386e+00  3.87395624e+00  2.54383450e+00  2.54626832e+00 -3.28527630e-05 
 8.79314000e-02  2.49958220e+00  3.87130426e+00  2.54118088e+00  2.54365677e+00 -3.28718236e-05 
 8.79364000e-02  2.49961094e+00  3.86861092e+00  2.53848621e+00  2.54100175e+00 -3.28911842e-05 
 8.79414000e-02  2.49964007e+00  3.86587885e+00  2.53575313e+00  2.53830586e+00 -3.29108257e-05 
 8.79464000e-02  2.49966955e+00  3.86311074e+00  2.53298432e+00  2.53557174e+00 -3.29307290e-05 
 8.79514000e-02  2.49969936e+00  3.86030929e+00  2.53018248e+00  2.53280206e+00 -3.29508746e-05 
 8.79564000e-02  2.49972947e+00  3.85747726e+00  2.52735037e+00  2.52999954e+00 -3.29712429e-05 
 8.79614000e-02  2.49975984e+00  3.85461741e+00  2.52449076e+00  2.52716692e+00 -3.29918139e-05 
 8.79664000e-02  2.49979045e+00  3.85173256e+00  2.52160647e+00  2.52430699e+00 -3.30125673e-05 
 8.79714000e-02  2.49982127e+00  3.84882554e+00  2.51870032e+00  2.52142255e+00 -3.30334829e-05 
 8.79764000e-02  2.49985226e+00  3.84589922e+00  2.51577518e+00  2.51851644e+00 -3.30545401e-05 
 8.79814000e-02  2.49988340e+00  3.84295647e+00  2.51283392e+00  2.51559152e+00 -3.30757181e-05 
 8.79864000e-02  2.49991465e+00  3.84000019e+00  2.50987945e+00  2.51265066e+00 -3.30969962e-05 
 8.79914000e-02  2.49994599e+00  3.83703329e+00  2.50691467e+00  2.50969677e+00 -3.31183533e-05 
 8.79964000e-02  2.49997738e+00  3.83405871e+00  2.50394250e+00  2.50673275e+00 -3.31397684e-05 
 8.80014000e-02  2.50000880e+00  3.83107937e+00  2.50096589e+00  2.50376153e+00 -3.31612204e-05 
 8.80064000e-02  2.50004020e+00  3.82809823e+00  2.49798777e+00  2.50078605e+00 -3.31826880e-05 
 8.80114000e-02  2.50007157e+00  3.82511822e+00  2.49501109e+00  2.49780923e+00 -3.32041501e-05 
 8.80164000e-02  2.50010286e+00  3.82214230e+00  2.49203879e+00  2.49483403e+00 -3.32255854e-05 
 8.80214000e-02  2.50013406e+00  3.81917340e+00  2.48907382e+00  2.49186339e+00 -3.32469726e-05 
 8.80264000e-02  2.50016512e+00  3.81621448e+00  2.48611910e+00  2.48890024e+00 -3.32682907e-05 
 8.80314000e-02  2.50019601e+00  3.81326846e+00  2.48317757e+00  2.48594753e+00 -3.32895183e-05 
 8.80364000e-02  2.50022672e+00  3.81033827e+00  2.48025214e+00  2.48300817e+00 -3.33106345e-05 
 8.80414000e-02  2.50025720e+00  3.80742681e+00  2.47734572e+00  2.48008509e+00 -3.33316183e-05 
 8.80464000e-02  2.50028743e+00  3.80453696e+00  2.47446119e+00  2.47718118e+00 -3.33524488e-05 
 8.80514000e-02  2.50031737e+00  3.80167162e+00  2.47160143e+00  2.47429932e+00 -3.33731052e-05 
 8.80564000e-02  2.50034700e+00  3.79883361e+00  2.46876926e+00  2.47144239e+00 -3.33935671e-05 
 8.80614000e-02  2.50037629e+00  3.79602577e+00  2.46596751e+00  2.46861322e+00 -3.34138139e-05 
 8.80664000e-02  2.50040521e+00  3.79325088e+00  2.46319896e+00  2.46581462e+00 -3.34338256e-05 
 8.80714000e-02  2.50043372e+00  3.79051171e+00  2.46046638e+00  2.46304937e+00 -3.34535822e-05 
 8.80764000e-02  2.50046181e+00  3.78781100e+00  2.45777247e+00  2.46032024e+00 -3.34730639e-05 
 8.80814000e-02  2.50048944e+00  3.78515141e+00  2.45511994e+00  2.45762994e+00 -3.34922512e-05 
 8.80864000e-02  2.50051659e+00  3.78253562e+00  2.45251141e+00  2.45498115e+00 -3.35111251e-05 
 8.80914000e-02  2.50054323e+00  3.77996623e+00  2.44994950e+00  2.45237650e+00 -3.35296665e-05 
 8.80964000e-02  2.50056934e+00  3.77744580e+00  2.44743676e+00  2.44981861e+00 -3.35478570e-05 
 8.81014000e-02  2.50059488e+00  3.77497685e+00  2.44497570e+00  2.44731001e+00 -3.35656784e-05 
 8.81064000e-02  2.50061983e+00  3.77256185e+00  2.44256877e+00  2.44485323e+00 -3.35831128e-05 
 8.81114000e-02  2.50064418e+00  3.77020320e+00  2.44021839e+00  2.44245070e+00 -3.36001426e-05 
 8.81164000e-02  2.50066788e+00  3.76790326e+00  2.43792689e+00  2.44010482e+00 -3.36167509e-05 
 8.81214000e-02  2.50069093e+00  3.76566434e+00  2.43569658e+00  2.43781796e+00 -3.36329210e-05 
 8.81264000e-02  2.50071330e+00  3.76348867e+00  2.43352967e+00  2.43559238e+00 -3.36486366e-05 
 8.81314000e-02  2.50073496e+00  3.76137843e+00  2.43142834e+00  2.43343032e+00 -3.36638819e-05 
 8.81364000e-02  2.50075590e+00  3.75933573e+00  2.42939470e+00  2.43133393e+00 -3.36786417e-05 
 8.81414000e-02  2.50077609e+00  3.75736262e+00  2.42743077e+00  2.42930532e+00 -3.36929011e-05 
 8.81464000e-02  2.50079552e+00  3.75546106e+00  2.42553853e+00  2.42734652e+00 -3.37066458e-05 
 8.81514000e-02  2.50081416e+00  3.75363298e+00  2.42371987e+00  2.42545949e+00 -3.37198620e-05 
 8.81564000e-02  2.50083199e+00  3.75188019e+00  2.42197661e+00  2.42364612e+00 -3.37325363e-05 
 8.81614000e-02  2.50084901e+00  3.75020445e+00  2.42031049e+00  2.42190822e+00 -3.37446560e-05 
 8.81664000e-02  2.50086519e+00  3.74860745e+00  2.41872320e+00  2.42024755e+00 -3.37562089e-05 
 8.81714000e-02  2.50088051e+00  3.74709078e+00  2.41721632e+00  2.41866575e+00 -3.37671833e-05 
 8.81764000e-02  2.50089497e+00  3.74565596e+00  2.41579135e+00  2.41716442e+00 -3.37775683e-05 
 8.81814000e-02  2.50090854e+00  3.74430444e+00  2.41444974e+00  2.41574506e+00 -3.37873534e-05 
 8.81864000e-02  2.50092121e+00  3.74303757e+00  2.41319282e+00  2.41440910e+00 -3.37965286e-05 
 8.81914000e-02  2.50093298e+00  3.74185662e+00  2.41202186e+00  2.41315788e+00 -3.38050848e-05 
 8.81964000e-02  2.50094382e+00  3.74076278e+00  2.41093804e+00  2.41199265e+00 -3.38130133e-05 
 8.82014000e-02  2.50095374e+00  3.73975714e+00  2.40994243e+00  2.41091458e+00 -3.38203062e-05 
 8.82064000e-02  2.50096271e+00  3.73884071e+00  2.40903604e+00  2.40992476e+00 -3.38269560e-05 
 8.82114000e-02  2.50097073e+00  3.73801441e+00  2.40821978e+00  2.40902417e+00 -3.38329561e-05 
 8.82164000e-02  2.50097780e+00  3.73727907e+00  2.40749447e+00  2.40821372e+00 -3.38383005e-05 
 8.82214000e-02  2.50098390e+00  3.73663544e+00  2.40686083e+00  2.40749423e+00 -3.38429836e-05 
 8.82264000e-02  2.50098903e+00  3.73608415e+00  2.40631951e+00  2.40686641e+00 -3.38470009e-05 
 8.82314000e-02  2.50099318e+00  3.73562576e+00  2.40587105e+00  2.40633090e+00 -3.38503482e-05 
 8.82364000e-02  2.50099635e+00  3.73526073e+00  2.40551589e+00  2.40588824e+00 -3.38530222e-05 
 8.82414000e-02  2.50099854e+00  3.73498942e+00  2.40525440e+00  2.40553887e+00 -3.38550202e-05 
 8.82464000e-02  2.50099974e+00  3.73481211e+00  2.40508683e+00  2.40528313e+00 -3.38563402e-05 
 8.82514000e-02  2.50099996e+00  3.73472898e+00  2.40501335e+00  2.40512130e+00 -3.38569808e-05 
 8.82564000e-02  2.50099919e+00  3.73474011e+00  2.40503405e+00  2.40505352e+00 -3.38569414e-05 
 8.82614000e-02  2.50099744e+00  3.73484549e+00  2.40514889e+00  2.40507987e+00 -3.38562220e-05 
 8.82664000e-02  2.50099470e+00  3.73504501e+00  2.40535776e+00  2.40520033e+00 -3.38548234e-05 
 8.82714000e-02  2.50099097e+00  3.73533847e+00  2.40566046e+00  2.40541476e+00 -3.38527470e-05 
 8.82764000e-02  2.50098627e+00  3.73572558e+00  2.40605667e+00  2.40572296e+00 -3.38499949e-05 
 8.82814000e-02  2.50098060e+00  3.73620594e+00  2.40654601e+00  2.40612461e+00 -3.38465698e-05 
 8.82864000e-02  2.50097396e+00  3.73677908e+00  2.40712797e+00  2.40661932e+00 -3.38424753e-05 
 8.82914000e-02  2.50096636e+00  3.73744442e+00  2.40780197e+00  2.40720658e+00 -3.38377155e-05 
 8.82964000e-02  2.50095780e+00  3.73820129e+00  2.40856735e+00  2.40788580e+00 -3.38322950e-05 
 8.83014000e-02  2.50094830e+00  3.73904894e+00  2.40942332e+00  2.40865631e+00 -3.38262196e-05 
 8.83064000e-02  2.50093786e+00  3.73998650e+00  2.41036903e+00  2.40951733e+00 -3.38194952e-05 
 8.83114000e-02  2.50092650e+00  3.74101304e+00  2.41140353e+00  2.41046799e+00 -3.38121287e-05 
 8.83164000e-02  2.50091423e+00  3.74212753e+00  2.41252579e+00  2.41150734e+00 -3.38041274e-05 
 8.83214000e-02  2.50090105e+00  3.74332885e+00  2.41373467e+00  2.41263435e+00 -3.37954995e-05 
 8.83264000e-02  2.50088698e+00  3.74461579e+00  2.41502896e+00  2.41384786e+00 -3.37862537e-05 
 8.83314000e-02  2.50087204e+00  3.74598707e+00  2.41640736e+00  2.41514668e+00 -3.37763992e-05 
 8.83364000e-02  2.50085623e+00  3.74744130e+00  2.41786850e+00  2.41652949e+00 -3.37659461e-05 
 8.83414000e-02  2.50083958e+00  3.74897703e+00  2.41941090e+00  2.41799492e+00 -3.37549048e-05 
 8.83464000e-02  2.50082210e+00  3.75059272e+00  2.42103302e+00  2.41954148e+00 -3.37432865e-05 
 8.83514000e-02  2.50080382e+00  3.75228675e+00  2.42273324e+00  2.42116763e+00 -3.37311029e-05 
 8.83564000e-02  2.50078473e+00  3.75405742e+00  2.42450984e+00  2.42287173e+00 -3.37183662e-05 
 8.83614000e-02  2.50076488e+00  3.75590296e+00  2.42636106e+00  2.42465209e+00 -3.37050892e-05 
 8.83664000e-02  2.50074426e+00  3.75782152e+00  2.42828502e+00  2.42650692e+00 -3.36912854e-05 
 8.83714000e-02  2.50072292e+00  3.75981117e+00  2.43027982e+00  2.42843435e+00 -3.36769686e-05 
 8.83764000e-02  2.50070086e+00  3.76186992e+00  2.43234345e+00  2.43043246e+00 -3.36621531e-05 
 8.83814000e-02  2.50067811e+00  3.76399572e+00  2.43447384e+00  2.43249925e+00 -3.36468540e-05 
 8.83864000e-02  2.50065469e+00  3.76618644e+00  2.43666886e+00  2.43463265e+00 -3.36310864e-05 
 8.83914000e-02  2.50063062e+00  3.76843988e+00  2.43892632e+00  2.43683053e+00 -3.36148664e-05 
 8.83964000e-02  2.50060593e+00  3.77075379e+00  2.44124397e+00  2.43909068e+00 -3.35982101e-05 
 8.84014000e-02  2.50058065e+00  3.77312586e+00  2.44361947e+00  2.44141085e+00 -3.35811343e-05 
 8.84064000e-02  2.50055479e+00  3.77555371e+00  2.44605047e+00  2.44378871e+00 -3.35636561e-05 
 8.84114000e-02  2.50052838e+00  3.77803493e+00  2.44853453e+00  2.44622190e+00 -3.35457930e-05 
 8.84164000e-02  2.50050145e+00  3.78056704e+00  2.45106917e+00  2.44870797e+00 -3.35275629e-05 
 8.84214000e-02  2.50047403e+00  3.78314750e+00  2.45365186e+00  2.45124446e+00 -3.35089841e-05 
 8.84264000e-02  2.50044614e+00  3.78577375e+00  2.45628003e+00  2.45382882e+00 -3.34900751e-05 
 8.84314000e-02  2.50041780e+00  3.78844317e+00  2.45895105e+00  2.45645848e+00 -3.34708548e-05 
 8.84364000e-02  2.50038906e+00  3.79115308e+00  2.46166226e+00  2.45913083e+00 -3.34513426e-05 
 8.84414000e-02  2.50035993e+00  3.79390081e+00  2.46441097e+00  2.46184318e+00 -3.34315577e-05 
 8.84464000e-02  2.50033045e+00  3.79668360e+00  2.46719443e+00  2.46459285e+00 -3.34115201e-05 
 8.84514000e-02  2.50030064e+00  3.79949869e+00  2.47000987e+00  2.46737709e+00 -3.33912496e-05 
 8.84564000e-02  2.50027053e+00  3.80234327e+00  2.47285450e+00  2.47019313e+00 -3.33707665e-05 
 8.84614000e-02  2.50024016e+00  3.80521453e+00  2.47572549e+00  2.47303818e+00 -3.33500912e-05 
 8.84664000e-02  2.50020955e+00  3.80810961e+00  2.47861997e+00  2.47590939e+00 -3.33292443e-05 
 8.84714000e-02  2.50017873e+00  3.81102563e+00  2.48153509e+00  2.47880393e+00 -3.33082465e-05 
 8.84764000e-02  2.50014774e+00  3.81395969e+00  2.48446794e+00  2.48171892e+00 -3.32871187e-05 
 8.84814000e-02  2.50011660e+00  3.81690889e+00  2.48741561e+00  2.48465146e+00 -3.32658819e-05 
 8.84864000e-02  2.50008535e+00  3.81987031e+00  2.49037519e+00  2.48759864e+00 -3.32445571e-05 
 8.84914000e-02  2.50005401e+00  3.82284100e+00  2.49334374e+00  2.49055755e+00 -3.32231655e-05 
 8.84964000e-02  2.50002262e+00  3.82581804e+00  2.49631833e+00  2.49352525e+00 -3.32017282e-05 
 8.85014000e-02  2.49999120e+00  3.82879846e+00  2.49929600e+00  2.49649880e+00 -3.31802666e-05 
 8.85064000e-02  2.49995980e+00  3.83177934e+00  2.50227382e+00  2.49947526e+00 -3.31588018e-05 
 8.85114000e-02  2.49992843e+00  3.83475771e+00  2.50524883e+00  2.50245170e+00 -3.31373551e-05 
 8.85164000e-02  2.49989714e+00  3.83773064e+00  2.50821812e+00  2.50542515e+00 -3.31159476e-05 
 8.85214000e-02  2.49986594e+00  3.84069519e+00  2.51117874e+00  2.50839270e+00 -3.30946005e-05 
 8.85264000e-02  2.49983488e+00  3.84364845e+00  2.51412777e+00  2.51135142e+00 -3.30733348e-05 
 8.85314000e-02  2.49980399e+00  3.84658750e+00  2.51706231e+00  2.51429838e+00 -3.30521714e-05 
 8.85364000e-02  2.49977328e+00  3.84950944e+00  2.51997947e+00  2.51723068e+00 -3.30311311e-05 
 8.85414000e-02  2.49974280e+00  3.85241141e+00  2.52287638e+00  2.52014543e+00 -3.30102348e-05 
 8.85464000e-02  2.49971257e+00  3.85529055e+00  2.52575019e+00  2.52303978e+00 -3.29895027e-05 
 8.85514000e-02  2.49968263e+00  3.85814403e+00  2.52859808e+00  2.52591086e+00 -3.29689554e-05 
 8.85564000e-02  2.49965300e+00  3.86096904e+00  2.53141726e+00  2.52875587e+00 -3.29486130e-05 
 8.85614000e-02  2.49962371e+00  3.86376283e+00  2.53420494e+00  2.53157200e+00 -3.29284953e-05 
 8.85664000e-02  2.49959479e+00  3.86652264e+00  2.53695841e+00  2.53435650e+00 -3.29086221e-05 
 8.85714000e-02  2.49956628e+00  3.86924578e+00  2.53967497e+00  2.53710663e+00 -3.28890127e-05 
 8.85764000e-02  2.49953819e+00  3.87192958e+00  2.54235196e+00  2.53981971e+00 -3.28696864e-05 
 8.85814000e-02  2.49951056e+00  3.87457142e+00  2.54498676e+00  2.54249308e+00 -3.28506619e-05 
 8.85864000e-02  2.49948341e+00  3.87716871e+00  2.54757679e+00  2.54512412e+00 -3.28319579e-05 
 8.85914000e-02  2.49945677e+00  3.87971892e+00  2.55011953e+00  2.54771026e+00 -3.28135925e-05 
 8.85964000e-02  2.49943066e+00  3.88221956e+00  2.55261249e+00  2.55024897e+00 -3.27955836e-05 
 8.86014000e-02  2.49940512e+00  3.88466819e+00  2.55505325e+00  2.55273779e+00 -3.27779487e-05 
 8.86064000e-02  2.49938017e+00  3.88706243e+00  2.55743942e+00  2.55517428e+00 -3.27607049e-05 
 8.86114000e-02  2.49935582e+00  3.88939994e+00  2.55976869e+00  2.55755607e+00 -3.27438689e-05 
 8.86164000e-02  2.49933212e+00  3.89167845e+00  2.56203879e+00  2.55988084e+00 -3.27274571e-05 
 8.86214000e-02  2.49930907e+00  3.89389575e+00  2.56424751e+00  2.56214634e+00 -3.27114854e-05 
 8.86264000e-02  2.49928670e+00  3.89604969e+00  2.56639271e+00  2.56435035e+00 -3.26959691e-05 
 8.86314000e-02  2.49926504e+00  3.89813816e+00  2.56847230e+00  2.56649073e+00 -3.26809233e-05 
 8.86364000e-02  2.49924410e+00  3.90015915e+00  2.57048427e+00  2.56856542e+00 -3.26663625e-05 
 8.86414000e-02  2.49922391e+00  3.90211070e+00  2.57242666e+00  2.57057240e+00 -3.26523008e-05 
 8.86464000e-02  2.49920448e+00  3.90399091e+00  2.57429760e+00  2.57250971e+00 -3.26387516e-05 
 8.86514000e-02  2.49918584e+00  3.90579797e+00  2.57609528e+00  2.57437550e+00 -3.26257282e-05 
 8.86564000e-02  2.49916801e+00  3.90753013e+00  2.57781795e+00  2.57616794e+00 -3.26132429e-05 
 8.86614000e-02  2.49915099e+00  3.90918572e+00  2.57946395e+00  2.57788531e+00 -3.26013078e-05 
 8.86664000e-02  2.49913481e+00  3.91076312e+00  2.58103169e+00  2.57952594e+00 -3.25899344e-05 
 8.86714000e-02  2.49911949e+00  3.91226083e+00  2.58251966e+00  2.58108826e+00 -3.25791336e-05 
 8.86764000e-02  2.49910503e+00  3.91367739e+00  2.58392642e+00  2.58257075e+00 -3.25689157e-05 
 8.86814000e-02  2.49909146e+00  3.91501145e+00  2.58525061e+00  2.58397198e+00 -3.25592906e-05 
 8.86864000e-02  2.49907879e+00  3.91626170e+00  2.58649096e+00  2.58529059e+00 -3.25502675e-05 
 8.86914000e-02  2.49906702e+00  3.91742695e+00  2.58764627e+00  2.58652533e+00 -3.25418550e-05 
 8.86964000e-02  2.49905618e+00  3.91850608e+00  2.58871543e+00  2.58767500e+00 -3.25340611e-05 
 8.87014000e-02  2.49904626e+00  3.91949804e+00  2.58969741e+00  2.58873848e+00 -3.25268934e-05 
 8.87064000e-02  2.49903729e+00  3.92040189e+00  2.59059126e+00  2.58971477e+00 -3.25203587e-05 
 8.87114000e-02  2.49902927e+00  3.92121674e+00  2.59139613e+00  2.59060291e+00 -3.25144632e-05 
 8.87164000e-02  2.49902220e+00  3.92194182e+00  2.59211124e+00  2.59140206e+00 -3.25092125e-05 
 8.87214000e-02  2.49901610e+00  3.92257643e+00  2.59273590e+00  2.59211144e+00 -3.25046118e-05 
 8.87264000e-02  2.49901097e+00  3.92311997e+00  2.59326951e+00  2.59273037e+00 -3.25006653e-05 
 8.87314000e-02  2.49900682e+00  3.92357189e+00  2.59371156e+00  2.59325826e+00 -3.24973769e-05 
 8.87364000e-02  2.49900365e+00  3.92393179e+00  2.59406163e+00  2.59369460e+00 -3.24947496e-05 
 8.87414000e-02  2.49900146e+00  3.92419930e+00  2.59431937e+00  2.59403898e+00 -3.24927861e-05 
 8.87464000e-02  2.49900026e+00  3.92437416e+00  2.59448455e+00  2.59429105e+00 -3.24914881e-05 
 8.87514000e-02  2.49900004e+00  3.92445622e+00  2.59455700e+00  2.59445058e+00 -3.24908570e-05 
 8.87564000e-02  2.49900081e+00  3.92444540e+00  2.59453665e+00  2.59451742e+00 -3.24908933e-05 
 8.87614000e-02  2.49900256e+00  3.92434169e+00  2.59442352e+00  2.59449149e+00 -3.24915970e-05 
 8.87664000e-02  2.49900530e+00  3.92414521e+00  2.59421773e+00  2.59437284e+00 -3.24929673e-05 
 8.87714000e-02  2.49900903e+00  3.92385614e+00  2.59391946e+00  2.59416156e+00 -3.24950032e-05 
 8.87764000e-02  2.49901373e+00  3.92347476e+00  2.59352901e+00  2.59385786e+00 -3.24977025e-05 
 8.87814000e-02  2.49901940e+00  3.92300143e+00  2.59304675e+00  2.59346204e+00 -3.25010627e-05 
 8.87864000e-02  2.49902604e+00  3.92243661e+00  2.59247314e+00  2.59297448e+00 -3.25050806e-05 
 8.87914000e-02  2.49903364e+00  3.92178084e+00  2.59180874e+00  2.59239563e+00 -3.25097524e-05 
 8.87964000e-02  2.49904220e+00  3.92103476e+00  2.59105418e+00  2.59172607e+00 -3.25150736e-05 
 8.88014000e-02  2.49905170e+00  3.92019907e+00  2.59021019e+00  2.59096643e+00 -3.25210392e-05 
 8.88064000e-02  2.49906214e+00  3.91927459e+00  2.58927758e+00  2.59011744e+00 -3.25276434e-05 
 8.88114000e-02  2.49907350e+00  3.91826220e+00  2.58825725e+00  2.58917993e+00 -3.25348799e-05 
 8.88164000e-02  2.49908577e+00  3.91716288e+00  2.58715018e+00  2.58815478e+00 -3.25427419e-05 
 8.88214000e-02  2.49909895e+00  3.91597768e+00  2.58595744e+00  2.58704300e+00 -3.25512218e-05 
 8.88264000e-02  2.49911302e+00  3.91470774e+00  2.58468017e+00  2.58584564e+00 -3.25603114e-05 
 8.88314000e-02  2.49912796e+00  3.91335430e+00  2.58331961e+00  2.58456387e+00 -3.25700022e-05 
 8.88364000e-02  2.49914377e+00  3.91191865e+00  2.58187707e+00  2.58319892e+00 -3.25802848e-05 
 8.88414000e-02  2.49916042e+00  3.91040219e+00  2.58035394e+00  2.58175210e+00 -3.25911493e-05 
 8.88464000e-02  2.49917790e+00  3.90880636e+00  2.57875169e+00  2.58022482e+00 -3.26025853e-05 
 8.88514000e-02  2.49919618e+00  3.90713272e+00  2.57707186e+00  2.57861854e+00 -3.26145819e-05 
 8.88564000e-02  2.49921527e+00  3.90538289e+00  2.57531609e+00  2.57693482e+00 -3.26271275e-05 
 8.88614000e-02  2.49923512e+00  3.90355855e+00  2.57348607e+00  2.57517528e+00 -3.26402100e-05 
 8.88664000e-02  2.49925574e+00  3.90166146e+00  2.57158357e+00  2.57334163e+00 -3.26538169e-05 
 8.88714000e-02  2.49927708e+00  3.89969348e+00  2.56961043e+00  2.57143563e+00 -3.26679351e-05 
 8.88764000e-02  2.49929914e+00  3.89765649e+00  2.56756856e+00  2.56945915e+00 -3.26825509e-05 
 8.88814000e-02  2.49932189e+00  3.89555248e+00  2.56545995e+00  2.56741408e+00 -3.26976503e-05 
 8.88864000e-02  2.49934531e+00  3.89338350e+00  2.56328663e+00  2.56530242e+00 -3.27132186e-05 
 8.88914000e-02  2.49936938e+00  3.89115163e+00  2.56105073e+00  2.56312621e+00 -3.27292409e-05 
 8.88964000e-02  2.49939407e+00  3.88885906e+00  2.55875441e+00  2.56088757e+00 -3.27457016e-05 
 8.89014000e-02  2.49941935e+00  3.88650801e+00  2.55639990e+00  2.55858867e+00 -3.27625847e-05 
 8.89064000e-02  2.49944521e+00  3.88410077e+00  2.55398949e+00  2.55623174e+00 -3.27798740e-05 
 8.89114000e-02  2.49947162e+00  3.88163969e+00  2.55152555e+00  2.55381909e+00 -3.27975526e-05 
 8.89164000e-02  2.49949855e+00  3.87912715e+00  2.54901045e+00  2.55135305e+00 -3.28156034e-05 
 8.89214000e-02  2.49952597e+00  3.87656562e+00  2.54644666e+00  2.54883604e+00 -3.28340089e-05 
 8.89264000e-02  2.49955386e+00  3.87395759e+00  2.54383668e+00  2.54627051e+00 -3.28527510e-05 
 8.89314000e-02  2.49958220e+00  3.87130561e+00  2.54118306e+00  2.54365895e+00 -3.28718116e-05 
 8.89364000e-02  2.49961094e+00  3.86861227e+00  2.53848839e+00  2.54100394e+00 -3.28911721e-05 
 8.89414000e-02  2.49964007e+00  3.86588021e+00  2.53575532e+00  2.53830805e+00 -3.29108136e-05 
 8.89464000e-02  2.49966955e+00  3.86311209e+00  2.53298650e+00  2.53557392e+00 -3.29307169e-05 
 8.89514000e-02  2.49969936e+00  3.86031065e+00  2.53018466e+00  2.53280424e+00 -3.29508626e-05 
 8.89564000e-02  2.49972947e+00  3.85747861e+00  2.52735255e+00  2.53000172e+00 -3.29712309e-05 
 8.89614000e-02  2.49975984e+00  3.85461876e+00  2.52449295e+00  2.52716910e+00 -3.29918018e-05 
 8.89664000e-02  2.49979045e+00  3.85173391e+00  2.52160865e+00  2.52430917e+00 -3.30125553e-05 
 8.89714000e-02  2.49982127e+00  3.84882690e+00  2.51870250e+00  2.52142473e+00 -3.30334709e-05 
 8.89764000e-02  2.49985226e+00  3.84590057e+00  2.51577736e+00  2.51851862e+00 -3.30545280e-05 
 8.89814000e-02  2.49988340e+00  3.84295782e+00  2.51283611e+00  2.51559370e+00 -3.30757061e-05 
 8.89864000e-02  2.49991465e+00  3.84000154e+00  2.50988163e+00  2.51265284e+00 -3.30969841e-05 
 8.89914000e-02  2.49994599e+00  3.83703465e+00  2.50691685e+00  2.50969895e+00 -3.31183412e-05 
 8.89964000e-02  2.49997738e+00  3.83406006e+00  2.50394469e+00  2.50673494e+00 -3.31397563e-05 
 8.90014000e-02  2.50000880e+00  3.83108073e+00  2.50096808e+00  2.50376372e+00 -3.31612083e-05 
 8.90064000e-02  2.50004020e+00  3.82809958e+00  2.49798996e+00  2.50078823e+00 -3.31826759e-05 
 8.90114000e-02  2.50007157e+00  3.82511957e+00  2.49501328e+00  2.49781142e+00 -3.32041380e-05 
 8.90164000e-02  2.50010286e+00  3.82214365e+00  2.49204098e+00  2.49483622e+00 -3.32255733e-05 
 8.90214000e-02  2.50013406e+00  3.81917476e+00  2.48907600e+00  2.49186557e+00 -3.32469606e-05 
 8.90264000e-02  2.50016512e+00  3.81621584e+00  2.48612128e+00  2.48890243e+00 -3.32682786e-05 
 8.90314000e-02  2.50019601e+00  3.81326982e+00  2.48317975e+00  2.48594971e+00 -3.32895062e-05 
 8.90364000e-02  2.50022672e+00  3.81033963e+00  2.48025432e+00  2.48301035e+00 -3.33106224e-05 
 8.90414000e-02  2.50025720e+00  3.80742816e+00  2.47734791e+00  2.48008727e+00 -3.33316062e-05 
 8.90464000e-02  2.50028743e+00  3.80453832e+00  2.47446338e+00  2.47718336e+00 -3.33524367e-05 
 8.90514000e-02  2.50031737e+00  3.80167298e+00  2.47160361e+00  2.47430151e+00 -3.33730931e-05 
 8.90564000e-02  2.50034700e+00  3.79883497e+00  2.46877144e+00  2.47144458e+00 -3.33935550e-05 
 8.90614000e-02  2.50037629e+00  3.79602713e+00  2.46596969e+00  2.46861540e+00 -3.34138018e-05 
 8.90664000e-02  2.50040521e+00  3.79325224e+00  2.46320115e+00  2.46581680e+00 -3.34338135e-05 
 8.90714000e-02  2.50043372e+00  3.79051307e+00  2.46046856e+00  2.46305156e+00 -3.34535701e-05 
 8.90764000e-02  2.50046181e+00  3.78781236e+00  2.45777466e+00  2.46032243e+00 -3.34730518e-05 
 8.90814000e-02  2.50048944e+00  3.78515278e+00  2.45512212e+00  2.45763212e+00 -3.34922391e-05 
 8.90864000e-02  2.50051659e+00  3.78253698e+00  2.45251360e+00  2.45498333e+00 -3.35111130e-05 
 8.90914000e-02  2.50054323e+00  3.77996759e+00  2.44995169e+00  2.45237869e+00 -3.35296544e-05 
 8.90964000e-02  2.50056934e+00  3.77744716e+00  2.44743895e+00  2.44982079e+00 -3.35478449e-05 
 8.91014000e-02  2.50059488e+00  3.77497821e+00  2.44497789e+00  2.44731220e+00 -3.35656663e-05 
 8.91064000e-02  2.50061983e+00  3.77256321e+00  2.44257096e+00  2.44485541e+00 -3.35831006e-05 
 8.91114000e-02  2.50064418e+00  3.77020456e+00  2.44022057e+00  2.44245288e+00 -3.36001305e-05 
 8.91164000e-02  2.50066788e+00  3.76790462e+00  2.43792908e+00  2.44010701e+00 -3.36167388e-05 
 8.91214000e-02  2.50069093e+00  3.76566570e+00  2.43569876e+00  2.43782014e+00 -3.36329088e-05 
 8.91264000e-02  2.50071330e+00  3.76349003e+00  2.43353186e+00  2.43559456e+00 -3.36486244e-05 
 8.91314000e-02  2.50073496e+00  3.76137979e+00  2.43143053e+00  2.43343250e+00 -3.36638698e-05 
 8.91364000e-02  2.50075590e+00  3.75933709e+00  2.42939689e+00  2.43133612e+00 -3.36786296e-05 
 8.91414000e-02  2.50077609e+00  3.75736398e+00  2.42743296e+00  2.42930751e+00 -3.36928890e-05 
 8.91464000e-02  2.50079552e+00  3.75546243e+00  2.42554072e+00  2.42734871e+00 -3.37066337e-05 
 8.91514000e-02  2.50081416e+00  3.75363434e+00  2.42372205e+00  2.42546168e+00 -3.37198498e-05 
 8.91564000e-02  2.50083199e+00  3.75188155e+00  2.42197879e+00  2.42364831e+00 -3.37325241e-05 
 8.91614000e-02  2.50084901e+00  3.75020581e+00  2.42031268e+00  2.42191041e+00 -3.37446438e-05 
 8.91664000e-02  2.50086519e+00  3.74860881e+00  2.41872539e+00  2.42024973e+00 -3.37561967e-05 
 8.91714000e-02  2.50088051e+00  3.74709214e+00  2.41721850e+00  2.41866793e+00 -3.37671712e-05 
 8.91764000e-02  2.50089497e+00  3.74565733e+00  2.41579354e+00  2.41716660e+00 -3.37775562e-05 
 8.91814000e-02  2.50090854e+00  3.74430581e+00  2.41445193e+00  2.41574725e+00 -3.37873413e-05 
 8.91864000e-02  2.50092121e+00  3.74303894e+00  2.41319501e+00  2.41441129e+00 -3.37965165e-05 
 8.91914000e-02  2.50093298e+00  3.74185799e+00  2.41202405e+00  2.41316007e+00 -3.38050727e-05 
 8.91964000e-02  2.50094382e+00  3.74076414e+00  2.41094022e+00  2.41199484e+00 -3.38130012e-05 
 8.92014000e-02  2.50095374e+00  3.73975850e+00  2.40994461e+00  2.41091677e+00 -3.38202941e-05 
 8.92064000e-02  2.50096271e+00  3.73884207e+00  2.40903822e+00  2.40992694e+00 -3.38269439e-05 
 8.92114000e-02  2.50097073e+00  3.73801578e+00  2.40822196e+00  2.40902635e+00 -3.38329440e-05 
 8.92164000e-02  2.50097780e+00  3.73728044e+00  2.40749665e+00  2.40821591e+00 -3.38382883e-05 
 8.92214000e-02  2.50098390e+00  3.73663680e+00  2.40686302e+00  2.40749641e+00 -3.38429715e-05 
 8.92264000e-02  2.50098903e+00  3.73608551e+00  2.40632170e+00  2.40686860e+00 -3.38469887e-05 
 8.92314000e-02  2.50099318e+00  3.73562712e+00  2.40587323e+00  2.40633309e+00 -3.38503361e-05 
 8.92364000e-02  2.50099635e+00  3.73526209e+00  2.40551807e+00  2.40589042e+00 -3.38530101e-05 
 8.92414000e-02  2.50099854e+00  3.73499079e+00  2.40525658e+00  2.40554105e+00 -3.38550081e-05 
 8.92464000e-02  2.50099974e+00  3.73481348e+00  2.40508901e+00  2.40528532e+00 -3.38563280e-05 
 8.92514000e-02  2.50099996e+00  3.73473035e+00  2.40501554e+00  2.40512348e+00 -3.38569686e-05 
 8.92564000e-02  2.50099919e+00  3.73474148e+00  2.40503623e+00  2.40505571e+00 -3.38569292e-05 
 8.92614000e-02  2.50099744e+00  3.73484685e+00  2.40515107e+00  2.40508206e+00 -3.38562099e-05 
 8.92664000e-02  2.50099470e+00  3.73504637e+00  2.40535995e+00  2.40520251e+00 -3.38548113e-05 
 8.92714000e-02  2.50099097e+00  3.73533983e+00  2.40566264e+00  2.40541694e+00 -3.38527349e-05 
 8.92764000e-02  2.50098627e+00  3.73572694e+00  2.40605885e+00  2.40572514e+00 -3.38499828e-05 
 8.92814000e-02  2.50098060e+00  3.73620731e+00  2.40654819e+00  2.40612679e+00 -3.38465577e-05 
 8.92864000e-02  2.50097396e+00  3.73678045e+00  2.40713015e+00  2.40662150e+00 -3.38424632e-05 
 8.92914000e-02  2.50096636e+00  3.73744579e+00  2.40780415e+00  2.40720876e+00 -3.38377033e-05 
 8.92964000e-02  2.50095780e+00  3.73820266e+00  2.40856953e+00  2.40788798e+00 -3.38322829e-05 
 8.93014000e-02  2.50094830e+00  3.73905030e+00  2.40942550e+00  2.40865849e+00 -3.38262075e-05 
 8.93064000e-02  2.50093786e+00  3.73998786e+00  2.41037121e+00  2.40951951e+00 -3.38194831e-05 
 8.93114000e-02  2.50092650e+00  3.74101440e+00  2.41140571e+00  2.41047017e+00 -3.38121165e-05 
 8.93164000e-02  2.50091423e+00  3.74212889e+00  2.41252797e+00  2.41150952e+00 -3.38041153e-05 
 8.93214000e-02  2.50090105e+00  3.74333021e+00  2.41373684e+00  2.41263652e+00 -3.37954874e-05 
 8.93264000e-02  2.50088698e+00  3.74461715e+00  2.41503114e+00  2.41385004e+00 -3.37862416e-05 
 8.93314000e-02  2.50087204e+00  3.74598843e+00  2.41640954e+00  2.41514886e+00 -3.37763871e-05 
 8.93364000e-02  2.50085623e+00  3.74744266e+00  2.41787068e+00  2.41653167e+00 -3.37659340e-05 
 8.93414000e-02  2.50083958e+00  3.74897840e+00  2.41941308e+00  2.41799709e+00 -3.37548927e-05 
 8.93464000e-02  2.50082210e+00  3.75059409e+00  2.42103520e+00  2.41954365e+00 -3.37432744e-05 
 8.93514000e-02  2.50080382e+00  3.75228812e+00  2.42273542e+00  2.42116980e+00 -3.37310908e-05 
 8.93564000e-02  2.50078473e+00  3.75405879e+00  2.42451202e+00  2.42287391e+00 -3.37183541e-05 
 8.93614000e-02  2.50076488e+00  3.75590432e+00  2.42636323e+00  2.42465427e+00 -3.37050771e-05 
 8.93664000e-02  2.50074426e+00  3.75782288e+00  2.42828720e+00  2.42650909e+00 -3.36912733e-05 
 8.93714000e-02  2.50072292e+00  3.75981253e+00  2.43028199e+00  2.42843653e+00 -3.36769565e-05 
 8.93764000e-02  2.50070086e+00  3.76187128e+00  2.43234562e+00  2.43043464e+00 -3.36621410e-05 
 8.93814000e-02  2.50067811e+00  3.76399708e+00  2.43447601e+00  2.43250143e+00 -3.36468419e-05 
 8.93864000e-02  2.50065469e+00  3.76618780e+00  2.43667103e+00  2.43463483e+00 -3.36310744e-05 
 8.93914000e-02  2.50063062e+00  3.76844124e+00  2.43892850e+00  2.43683270e+00 -3.36148543e-05 
 8.93964000e-02  2.50060593e+00  3.77075515e+00  2.44124614e+00  2.43909285e+00 -3.35981981e-05 
 8.94014000e-02  2.50058065e+00  3.77312722e+00  2.44362164e+00  2.44141302e+00 -3.35811223e-05 
 8.94064000e-02  2.50055479e+00  3.77555507e+00  2.44605264e+00  2.44379088e+00 -3.35636441e-05 
 8.94114000e-02  2.50052838e+00  3.77803629e+00  2.44853670e+00  2.44622407e+00 -3.35457810e-05 
 8.94164000e-02  2.50050145e+00  3.78056840e+00  2.45107134e+00  2.44871014e+00 -3.35275509e-05 
 8.94214000e-02  2.50047403e+00  3.78314886e+00  2.45365403e+00  2.45124663e+00 -3.35089720e-05 
 8.94264000e-02  2.50044614e+00  3.78577511e+00  2.45628219e+00  2.45383099e+00 -3.34900630e-05 
 8.94314000e-02  2.50041780e+00  3.78844452e+00  2.45895322e+00  2.45646065e+00 -3.34708428e-05 
 8.94364000e-02  2.50038906e+00  3.79115444e+00  2.46166443e+00  2.45913299e+00 -3.34513305e-05 
 8.94414000e-02  2.50035993e+00  3.79390216e+00  2.46441314e+00  2.46184535e+00 -3.34315457e-05 
 8.94464000e-02  2.50033045e+00  3.79668495e+00  2.46719660e+00  2.46459501e+00 -3.34115080e-05 
 8.94514000e-02  2.50030064e+00  3.79950004e+00  2.47001204e+00  2.46737925e+00 -3.33912376e-05 
 8.94564000e-02  2.50027053e+00  3.80234463e+00  2.47285667e+00  2.47019530e+00 -3.33707545e-05 
 8.94614000e-02  2.50024016e+00  3.80521589e+00  2.47572765e+00  2.47304034e+00 -3.33500792e-05 
 8.94664000e-02  2.50020955e+00  3.80811096e+00  2.47862214e+00  2.47591156e+00 -3.33292323e-05 
 8.94714000e-02  2.50017873e+00  3.81102698e+00  2.48153725e+00  2.47880610e+00 -3.33082345e-05 
 8.94764000e-02  2.50014774e+00  3.81396105e+00  2.48447010e+00  2.48172108e+00 -3.32871067e-05 
 8.94814000e-02  2.50011660e+00  3.81691025e+00  2.48741778e+00  2.48465362e+00 -3.32658699e-05 
 8.94864000e-02  2.50008535e+00  3.81987166e+00  2.49037736e+00  2.48760081e+00 -3.32445451e-05 
 8.94914000e-02  2.50005401e+00  3.82284236e+00  2.49334591e+00  2.49055971e+00 -3.32231535e-05 
 8.94964000e-02  2.50002262e+00  3.82581939e+00  2.49632049e+00  2.49352741e+00 -3.32017162e-05 
 8.95014000e-02  2.49999120e+00  3.82879982e+00  2.49929816e+00  2.49650096e+00 -3.31802546e-05 
 8.95064000e-02  2.49995980e+00  3.83178069e+00  2.50227598e+00  2.49947742e+00 -3.31587899e-05 
 8.95114000e-02  2.49992843e+00  3.83475906e+00  2.50525099e+00  2.50245385e+00 -3.31373431e-05 
 8.95164000e-02  2.49989714e+00  3.83773199e+00  2.50822028e+00  2.50542731e+00 -3.31159357e-05 
 8.95214000e-02  2.49986594e+00  3.84069654e+00  2.51118089e+00  2.50839486e+00 -3.30945885e-05 
 8.95264000e-02  2.49983488e+00  3.84364980e+00  2.51412992e+00  2.51135358e+00 -3.30733228e-05 
 8.95314000e-02  2.49980399e+00  3.84658885e+00  2.51706447e+00  2.51430053e+00 -3.30521594e-05 
 8.95364000e-02  2.49977328e+00  3.84951079e+00  2.51998163e+00  2.51723283e+00 -3.30311192e-05 
 8.95414000e-02  2.49974280e+00  3.85241276e+00  2.52287854e+00  2.52014759e+00 -3.30102228e-05 
 8.95464000e-02  2.49971257e+00  3.85529190e+00  2.52575235e+00  2.52304193e+00 -3.29894908e-05 
 8.95514000e-02  2.49968263e+00  3.85814538e+00  2.52860024e+00  2.52591302e+00 -3.29689435e-05 
 8.95564000e-02  2.49965300e+00  3.86097039e+00  2.53141941e+00  2.52875802e+00 -3.29486010e-05 
 8.95614000e-02  2.49962371e+00  3.86376418e+00  2.53420710e+00  2.53157415e+00 -3.29284833e-05 
 8.95664000e-02  2.49959479e+00  3.86652399e+00  2.53696057e+00  2.53435865e+00 -3.29086101e-05 
 8.95714000e-02  2.49956628e+00  3.86924713e+00  2.53967712e+00  2.53710879e+00 -3.28890008e-05 
 8.95764000e-02  2.49953819e+00  3.87193093e+00  2.54235411e+00  2.53982186e+00 -3.28696744e-05 
 8.95814000e-02  2.49951056e+00  3.87457277e+00  2.54498891e+00  2.54249523e+00 -3.28506500e-05 
 8.95864000e-02  2.49948341e+00  3.87717006e+00  2.54757894e+00  2.54512627e+00 -3.28319460e-05 
 8.95914000e-02  2.49945677e+00  3.87972027e+00  2.55012167e+00  2.54771240e+00 -3.28135806e-05 
 8.95964000e-02  2.49943066e+00  3.88222091e+00  2.55261464e+00  2.55025112e+00 -3.27955717e-05 
 8.96014000e-02  2.49940512e+00  3.88466954e+00  2.55505540e+00  2.55273994e+00 -3.27779368e-05 
 8.96064000e-02  2.49938017e+00  3.88706377e+00  2.55744157e+00  2.55517643e+00 -3.27606930e-05 
 8.96114000e-02  2.49935582e+00  3.88940128e+00  2.55977084e+00  2.55755822e+00 -3.27438570e-05 
 8.96164000e-02  2.49933212e+00  3.89167980e+00  2.56204094e+00  2.55988299e+00 -3.27274452e-05 
 8.96214000e-02  2.49930907e+00  3.89389710e+00  2.56424966e+00  2.56214848e+00 -3.27114734e-05 
 8.96264000e-02  2.49928670e+00  3.89605103e+00  2.56639485e+00  2.56435249e+00 -3.26959572e-05 
 8.96314000e-02  2.49926504e+00  3.89813950e+00  2.56847444e+00  2.56649288e+00 -3.26809114e-05 
 8.96364000e-02  2.49924410e+00  3.90016049e+00  2.57048641e+00  2.56856756e+00 -3.26663506e-05 
 8.96414000e-02  2.49922391e+00  3.90211204e+00  2.57242881e+00  2.57057454e+00 -3.26522889e-05 
 8.96464000e-02  2.49920448e+00  3.90399225e+00  2.57429975e+00  2.57251186e+00 -3.26387397e-05 
 8.96514000e-02  2.49918584e+00  3.90579932e+00  2.57609742e+00  2.57437764e+00 -3.26257163e-05 
 8.96564000e-02  2.49916801e+00  3.90753147e+00  2.57782009e+00  2.57617008e+00 -3.26132310e-05 
 8.96614000e-02  2.49915099e+00  3.90918706e+00  2.57946609e+00  2.57788745e+00 -3.26012959e-05 
 8.96664000e-02  2.49913481e+00  3.91076446e+00  2.58103383e+00  2.57952809e+00 -3.25899225e-05 
 8.96714000e-02  2.49911949e+00  3.91226217e+00  2.58252180e+00  2.58109040e+00 -3.25791217e-05 
 8.96764000e-02  2.49910503e+00  3.91367874e+00  2.58392856e+00  2.58257289e+00 -3.25689039e-05 
 8.96814000e-02  2.49909146e+00  3.91501279e+00  2.58525275e+00  2.58397412e+00 -3.25592788e-05 
 8.96864000e-02  2.49907879e+00  3.91626304e+00  2.58649310e+00  2.58529273e+00 -3.25502556e-05 
 8.96914000e-02  2.49906702e+00  3.91742829e+00  2.58764841e+00  2.58652747e+00 -3.25418431e-05 
 8.96964000e-02  2.49905618e+00  3.91850742e+00  2.58871757e+00  2.58767714e+00 -3.25340492e-05 
 8.97014000e-02  2.49904626e+00  3.91949938e+00  2.58969955e+00  2.58874062e+00 -3.25268815e-05 
 8.97064000e-02  2.49903729e+00  3.92040322e+00  2.59059340e+00  2.58971691e+00 -3.25203468e-05 
 8.97114000e-02  2.49902927e+00  3.92121808e+00  2.59139826e+00  2.59060505e+00 -3.25144513e-05 
 8.97164000e-02  2.49902220e+00  3.92194316e+00  2.59211337e+00  2.59140419e+00 -3.25092007e-05 
 8.97214000e-02  2.49901610e+00  3.92257777e+00  2.59273803e+00  2.59211357e+00 -3.25045999e-05 
 8.97264000e-02  2.49901097e+00  3.92312130e+00  2.59327164e+00  2.59273251e+00 -3.25006534e-05 
 8.97314000e-02  2.49900682e+00  3.92357323e+00  2.59371370e+00  2.59326040e+00 -3.24973650e-05 
 8.97364000e-02  2.49900365e+00  3.92393312e+00  2.59406376e+00  2.59369674e+00 -3.24947378e-05 
 8.97414000e-02  2.49900146e+00  3.92420063e+00  2.59432151e+00  2.59404111e+00 -3.24927742e-05 
 8.97464000e-02  2.49900026e+00  3.92437550e+00  2.59448668e+00  2.59429318e+00 -3.24914763e-05 
 8.97514000e-02  2.49900004e+00  3.92445756e+00  2.59455913e+00  2.59445271e+00 -3.24908451e-05 
 8.97564000e-02  2.49900081e+00  3.92444674e+00  2.59453878e+00  2.59451955e+00 -3.24908814e-05 
 8.97614000e-02  2.49900256e+00  3.92434303e+00  2.59442566e+00  2.59449363e+00 -3.24915851e-05 
 8.97664000e-02  2.49900530e+00  3.92414655e+00  2.59421986e+00  2.59437497e+00 -3.24929555e-05 
 8.97714000e-02  2.49900903e+00  3.92385748e+00  2.59392160e+00  2.59416369e+00 -3.24949913e-05 
 8.97764000e-02  2.49901373e+00  3.92347610e+00  2.59353114e+00  2.59386000e+00 -3.24976906e-05 
 8.97814000e-02  2.49901940e+00  3.92300277e+00  2.59304888e+00  2.59346418e+00 -3.25010508e-05 
 8.97864000e-02  2.49902604e+00  3.92243795e+00  2.59247528e+00  2.59297661e+00 -3.25050687e-05 
 8.97914000e-02  2.49903364e+00  3.92178218e+00  2.59181087e+00  2.59239777e+00 -3.25097405e-05 
 8.97964000e-02  2.49904220e+00  3.92103610e+00  2.59105631e+00  2.59172820e+00 -3.25150617e-05 
 8.98014000e-02  2.49905170e+00  3.92020041e+00  2.59021232e+00  2.59096856e+00 -3.25210273e-05 
 8.98064000e-02  2.49906214e+00  3.91927593e+00  2.58927972e+00  2.59011957e+00 -3.25276315e-05 
 8.98114000e-02  2.49907350e+00  3.91826354e+00  2.58825939e+00  2.58918206e+00 -3.25348681e-05 
 8.98164000e-02  2.49908577e+00  3.91716421e+00  2.58715232e+00  2.58815691e+00 -3.25427300e-05 
 8.98214000e-02  2.49909895e+00  3.91597901e+00  2.58595957e+00  2.58704513e+00 -3.25512099e-05 
 8.98264000e-02  2.49911302e+00  3.91470908e+00  2.58468231e+00  2.58584778e+00 -3.25602996e-05 
 8.98314000e-02  2.49912796e+00  3.91335564e+00  2.58332174e+00  2.58456600e+00 -3.25699903e-05 
 8.98364000e-02  2.49914377e+00  3.91191999e+00  2.58187920e+00  2.58320105e+00 -3.25802729e-05 
 8.98414000e-02  2.49916042e+00  3.91040353e+00  2.58035607e+00  2.58175424e+00 -3.25911374e-05 
 8.98464000e-02  2.49917790e+00  3.90880770e+00  2.57875382e+00  2.58022695e+00 -3.26025734e-05 
 8.98514000e-02  2.49919618e+00  3.90713406e+00  2.57707400e+00  2.57862067e+00 -3.26145700e-05 
 8.98564000e-02  2.49921527e+00  3.90538423e+00  2.57531822e+00  2.57693695e+00 -3.26271156e-05 
 8.98614000e-02  2.49923512e+00  3.90355989e+00  2.57348820e+00  2.57517741e+00 -3.26401981e-05 
 8.98664000e-02  2.49925574e+00  3.90166280e+00  2.57158570e+00  2.57334376e+00 -3.26538050e-05 
 8.98714000e-02  2.49927708e+00  3.89969482e+00  2.56961256e+00  2.57143777e+00 -3.26679232e-05 
 8.98764000e-02  2.49929914e+00  3.89765783e+00  2.56757069e+00  2.56946128e+00 -3.26825390e-05 
 8.98814000e-02  2.49932189e+00  3.89555383e+00  2.56546208e+00  2.56741621e+00 -3.26976384e-05 
 8.98864000e-02  2.49934531e+00  3.89338484e+00  2.56328876e+00  2.56530455e+00 -3.27132067e-05 
 8.98914000e-02  2.49936938e+00  3.89115298e+00  2.56105286e+00  2.56312834e+00 -3.27292290e-05 
 8.98964000e-02  2.49939407e+00  3.88886040e+00  2.55875654e+00  2.56088970e+00 -3.27456897e-05 
 8.99014000e-02  2.49941935e+00  3.88650936e+00  2.55640203e+00  2.55859080e+00 -3.27625728e-05 
 8.99064000e-02  2.49944521e+00  3.88410212e+00  2.55399163e+00  2.55623388e+00 -3.27798621e-05 
 8.99114000e-02  2.49947162e+00  3.88164103e+00  2.55152768e+00  2.55382122e+00 -3.27975407e-05 
 8.99164000e-02  2.49949855e+00  3.87912850e+00  2.54901258e+00  2.55135519e+00 -3.28155915e-05 
 8.99214000e-02  2.49952597e+00  3.87656696e+00  2.54644879e+00  2.54883817e+00 -3.28339970e-05 
 8.99264000e-02  2.49955386e+00  3.87395893e+00  2.54383882e+00  2.54627264e+00 -3.28527391e-05 
 8.99314000e-02  2.49958220e+00  3.87130695e+00  2.54118519e+00  2.54366109e+00 -3.28717997e-05 
 8.99364000e-02  2.49961094e+00  3.86861361e+00  2.53849053e+00  2.54100607e+00 -3.28911602e-05 
 8.99414000e-02  2.49964007e+00  3.86588155e+00  2.53575745e+00  2.53831018e+00 -3.29108017e-05 
 8.99464000e-02  2.49966955e+00  3.86311344e+00  2.53298863e+00  2.53557606e+00 -3.29307050e-05 
 8.99514000e-02  2.49969936e+00  3.86031199e+00  2.53018680e+00  2.53280638e+00 -3.29508507e-05 
 8.99564000e-02  2.49972947e+00  3.85747996e+00  2.52735469e+00  2.53000385e+00 -3.29712190e-05 
 8.99614000e-02  2.49975984e+00  3.85462011e+00  2.52449508e+00  2.52717124e+00 -3.29917899e-05 
 8.99664000e-02  2.49979045e+00  3.85173526e+00  2.52161079e+00  2.52431130e+00 -3.30125434e-05 
 8.99714000e-02  2.49982127e+00  3.84882824e+00  2.51870464e+00  2.52142686e+00 -3.30334589e-05 
 8.99764000e-02  2.49985226e+00  3.84590192e+00  2.51577950e+00  2.51852076e+00 -3.30545161e-05 
 8.99814000e-02  2.49988340e+00  3.84295917e+00  2.51283824e+00  2.51559583e+00 -3.30756941e-05 
 8.99864000e-02  2.49991465e+00  3.84000289e+00  2.50988376e+00  2.51265498e+00 -3.30969722e-05 
 8.99914000e-02  2.49994599e+00  3.83703600e+00  2.50691898e+00  2.50970109e+00 -3.31183293e-05 
 8.99964000e-02  2.49997738e+00  3.83406141e+00  2.50394682e+00  2.50673707e+00 -3.31397444e-05 
 9.00014000e-02  2.50000880e+00  3.83108208e+00  2.50097021e+00  2.50376585e+00 -3.31611964e-05 
 9.00064000e-02  2.50004020e+00  3.82810093e+00  2.49799209e+00  2.50079037e+00 -3.31826640e-05 
 9.00114000e-02  2.50007157e+00  3.82512092e+00  2.49501541e+00  2.49781355e+00 -3.32041261e-05 
 9.00164000e-02  2.50010286e+00  3.82214500e+00  2.49204311e+00  2.49483835e+00 -3.32255614e-05 
 9.00214000e-02  2.50013406e+00  3.81917611e+00  2.48907814e+00  2.49186771e+00 -3.32469486e-05 
 9.00264000e-02  2.50016512e+00  3.81621719e+00  2.48612342e+00  2.48890456e+00 -3.32682666e-05 
 9.00314000e-02  2.50019601e+00  3.81327117e+00  2.48318189e+00  2.48595185e+00 -3.32894943e-05 
 9.00364000e-02  2.50022672e+00  3.81034098e+00  2.48025646e+00  2.48301249e+00 -3.33106105e-05 
 9.00414000e-02  2.50025720e+00  3.80742952e+00  2.47735004e+00  2.48008941e+00 -3.33315943e-05 
 9.00464000e-02  2.50028743e+00  3.80453968e+00  2.47446551e+00  2.47718550e+00 -3.33524247e-05 
 9.00514000e-02  2.50031737e+00  3.80167433e+00  2.47160575e+00  2.47430365e+00 -3.33730812e-05 
 9.00564000e-02  2.50034700e+00  3.79883632e+00  2.46877358e+00  2.47144671e+00 -3.33935430e-05 
 9.00614000e-02  2.50037629e+00  3.79602848e+00  2.46597183e+00  2.46861754e+00 -3.34137899e-05 
 9.00664000e-02  2.50040521e+00  3.79325360e+00  2.46320328e+00  2.46581894e+00 -3.34338016e-05 
 9.00714000e-02  2.50043372e+00  3.79051443e+00  2.46047070e+00  2.46305370e+00 -3.34535581e-05 
 9.00764000e-02  2.50046181e+00  3.78781371e+00  2.45777680e+00  2.46032456e+00 -3.34730398e-05 
 9.00814000e-02  2.50048944e+00  3.78515413e+00  2.45512426e+00  2.45763426e+00 -3.34922272e-05 
 9.00864000e-02  2.50051659e+00  3.78253834e+00  2.45251574e+00  2.45498547e+00 -3.35111010e-05 
 9.00914000e-02  2.50054323e+00  3.77996895e+00  2.44995383e+00  2.45238082e+00 -3.35296425e-05 
 9.00964000e-02  2.50056934e+00  3.77744852e+00  2.44744109e+00  2.44982293e+00 -3.35478330e-05 
 9.01014000e-02  2.50059488e+00  3.77497957e+00  2.44498002e+00  2.44731434e+00 -3.35656543e-05 
 9.01064000e-02  2.50061983e+00  3.77256456e+00  2.44257310e+00  2.44485755e+00 -3.35830887e-05 
 9.01114000e-02  2.50064418e+00  3.77020592e+00  2.44022271e+00  2.44245502e+00 -3.36001185e-05 
 9.01164000e-02  2.50066788e+00  3.76790598e+00  2.43793121e+00  2.44010915e+00 -3.36167268e-05 
 9.01214000e-02  2.50069093e+00  3.76566706e+00  2.43570090e+00  2.43782228e+00 -3.36328969e-05 
 9.01264000e-02  2.50071330e+00  3.76349139e+00  2.43353399e+00  2.43559670e+00 -3.36486124e-05 
 9.01314000e-02  2.50073496e+00  3.76138115e+00  2.43143267e+00  2.43343464e+00 -3.36638578e-05 
 9.01364000e-02  2.50075590e+00  3.75933845e+00  2.42939902e+00  2.43133825e+00 -3.36786176e-05 
 9.01414000e-02  2.50077609e+00  3.75736534e+00  2.42743510e+00  2.42930965e+00 -3.36928770e-05 
 9.01464000e-02  2.50079552e+00  3.75546379e+00  2.42554285e+00  2.42735085e+00 -3.37066217e-05 
 9.01514000e-02  2.50081416e+00  3.75363570e+00  2.42372419e+00  2.42546382e+00 -3.37198378e-05 
 9.01564000e-02  2.50083199e+00  3.75188291e+00  2.42198093e+00  2.42365044e+00 -3.37325121e-05 
 9.01614000e-02  2.50084901e+00  3.75020717e+00  2.42031482e+00  2.42191255e+00 -3.37446318e-05 
 9.01664000e-02  2.50086519e+00  3.74861017e+00  2.41872752e+00  2.42025187e+00 -3.37561847e-05 
 9.01714000e-02  2.50088051e+00  3.74709350e+00  2.41722064e+00  2.41867007e+00 -3.37671592e-05 
 9.01764000e-02  2.50089497e+00  3.74565869e+00  2.41579567e+00  2.41716874e+00 -3.37775442e-05 
 9.01814000e-02  2.50090854e+00  3.74430717e+00  2.41445406e+00  2.41574938e+00 -3.37873293e-05 
 9.01864000e-02  2.50092121e+00  3.74304030e+00  2.41319714e+00  2.41441342e+00 -3.37965045e-05 
 9.01914000e-02  2.50093298e+00  3.74185935e+00  2.41202618e+00  2.41316220e+00 -3.38050607e-05 
 9.01964000e-02  2.50094382e+00  3.74076550e+00  2.41094236e+00  2.41199697e+00 -3.38129892e-05 
 9.02014000e-02  2.50095374e+00  3.73975986e+00  2.40994675e+00  2.41091890e+00 -3.38202821e-05 
 9.02064000e-02  2.50096271e+00  3.73884343e+00  2.40904036e+00  2.40992908e+00 -3.38269319e-05 
 9.02114000e-02  2.50097073e+00  3.73801713e+00  2.40822410e+00  2.40902849e+00 -3.38329320e-05 
 9.02164000e-02  2.50097780e+00  3.73728180e+00  2.40749879e+00  2.40821804e+00 -3.38382763e-05 
 9.02214000e-02  2.50098390e+00  3.73663816e+00  2.40686515e+00  2.40749855e+00 -3.38429595e-05 
 9.02264000e-02  2.50098903e+00  3.73608687e+00  2.40632383e+00  2.40687073e+00 -3.38469767e-05 
 9.02314000e-02  2.50099318e+00  3.73562848e+00  2.40587537e+00  2.40633522e+00 -3.38503241e-05 
 9.02364000e-02  2.50099635e+00  3.73526345e+00  2.40552021e+00  2.40589256e+00 -3.38529981e-05 
 9.02414000e-02  2.50099854e+00  3.73499214e+00  2.40525871e+00  2.40554319e+00 -3.38549961e-05 
 9.02464000e-02  2.50099974e+00  3.73481484e+00  2.40509114e+00  2.40528745e+00 -3.38563160e-05 
 9.02514000e-02  2.50099996e+00  3.73473171e+00  2.40501767e+00  2.40512562e+00 -3.38569566e-05 
 9.02564000e-02  2.50099919e+00  3.73474284e+00  2.40503836e+00  2.40505784e+00 -3.38569172e-05 
 9.02614000e-02  2.50099744e+00  3.73484821e+00  2.40515321e+00  2.40508419e+00 -3.38561979e-05 
 9.02664000e-02  2.50099470e+00  3.73504773e+00  2.40536208e+00  2.40520464e+00 -3.38547993e-05 
 9.02714000e-02  2.50099097e+00  3.73534119e+00  2.40566477e+00  2.40541907e+00 -3.38527229e-05 
 9.02764000e-02  2.50098627e+00  3.73572830e+00  2.40606099e+00  2.40572727e+00 -3.38499708e-05 
 9.02814000e-02  2.50098060e+00  3.73620867e+00  2.40655032e+00  2.40612893e+00 -3.38465457e-05 
 9.02864000e-02  2.50097396e+00  3.73678181e+00  2.40713228e+00  2.40662363e+00 -3.38424512e-05 
 9.02914000e-02  2.50096636e+00  3.73744715e+00  2.40780629e+00  2.40721089e+00 -3.38376913e-05 
 9.02964000e-02  2.50095780e+00  3.73820402e+00  2.40857166e+00  2.40789011e+00 -3.38322709e-05 
 9.03014000e-02  2.50094830e+00  3.73905166e+00  2.40942763e+00  2.40866062e+00 -3.38261955e-05 
 9.03064000e-02  2.50093786e+00  3.73998922e+00  2.41037334e+00  2.40952164e+00 -3.38194711e-05 
 9.03114000e-02  2.50092650e+00  3.74101576e+00  2.41140784e+00  2.41047230e+00 -3.38121046e-05 
 9.03164000e-02  2.50091423e+00  3.74213025e+00  2.41253010e+00  2.41151165e+00 -3.38041033e-05 
 9.03214000e-02  2.50090105e+00  3.74333157e+00  2.41373897e+00  2.41263865e+00 -3.37954754e-05 
 9.03264000e-02  2.50088698e+00  3.74461851e+00  2.41503326e+00  2.41385217e+00 -3.37862296e-05 
 9.03314000e-02  2.50087204e+00  3.74598979e+00  2.41641167e+00  2.41515099e+00 -3.37763752e-05 
 9.03364000e-02  2.50085623e+00  3.74744402e+00  2.41787280e+00  2.41653380e+00 -3.37659220e-05 
 9.03414000e-02  2.50083958e+00  3.74897975e+00  2.41941521e+00  2.41799922e+00 -3.37548807e-05 
 9.03464000e-02  2.50082210e+00  3.75059544e+00  2.42103733e+00  2.41954578e+00 -3.37432624e-05 
 9.03514000e-02  2.50080382e+00  3.75228947e+00  2.42273754e+00  2.42117193e+00 -3.37310788e-05 
 9.03564000e-02  2.50078473e+00  3.75406014e+00  2.42451415e+00  2.42287604e+00 -3.37183421e-05 
 9.03614000e-02  2.50076488e+00  3.75590568e+00  2.42636536e+00  2.42465639e+00 -3.37050652e-05 
 9.03664000e-02  2.50074426e+00  3.75782423e+00  2.42828932e+00  2.42651122e+00 -3.36912613e-05 
 9.03714000e-02  2.50072292e+00  3.75981388e+00  2.43028412e+00  2.42843865e+00 -3.36769445e-05 
 9.03764000e-02  2.50070086e+00  3.76187264e+00  2.43234774e+00  2.43043676e+00 -3.36621291e-05 
 9.03814000e-02  2.50067811e+00  3.76399844e+00  2.43447813e+00  2.43250355e+00 -3.36468299e-05 
 9.03864000e-02  2.50065469e+00  3.76618915e+00  2.43667316e+00  2.43463695e+00 -3.36310624e-05 
 9.03914000e-02  2.50063062e+00  3.76844259e+00  2.43893062e+00  2.43683482e+00 -3.36148424e-05 
 9.03964000e-02  2.50060593e+00  3.77075650e+00  2.44124826e+00  2.43909497e+00 -3.35981861e-05 
 9.04014000e-02  2.50058065e+00  3.77312857e+00  2.44362377e+00  2.44141514e+00 -3.35811103e-05 
 9.04064000e-02  2.50055479e+00  3.77555643e+00  2.44605476e+00  2.44379300e+00 -3.35636321e-05 
 9.04114000e-02  2.50052838e+00  3.77803765e+00  2.44853882e+00  2.44622619e+00 -3.35457690e-05 
 9.04164000e-02  2.50050145e+00  3.78056975e+00  2.45107346e+00  2.44871226e+00 -3.35275389e-05 
 9.04214000e-02  2.50047403e+00  3.78315022e+00  2.45365615e+00  2.45124875e+00 -3.35089601e-05 
 9.04264000e-02  2.50044614e+00  3.78577646e+00  2.45628431e+00  2.45383311e+00 -3.34900511e-05 
 9.04314000e-02  2.50041780e+00  3.78844588e+00  2.45895533e+00  2.45646277e+00 -3.34708309e-05 
 9.04364000e-02  2.50038906e+00  3.79115579e+00  2.46166655e+00  2.45913511e+00 -3.34513186e-05 
 9.04414000e-02  2.50035993e+00  3.79390351e+00  2.46441525e+00  2.46184746e+00 -3.34315337e-05 
 9.04464000e-02  2.50033045e+00  3.79668630e+00  2.46719871e+00  2.46459713e+00 -3.34114961e-05 
 9.04514000e-02  2.50030064e+00  3.79950139e+00  2.47001416e+00  2.46738137e+00 -3.33912256e-05 
 9.04564000e-02  2.50027053e+00  3.80234598e+00  2.47285878e+00  2.47019741e+00 -3.33707426e-05 
 9.04614000e-02  2.50024016e+00  3.80521724e+00  2.47572977e+00  2.47304246e+00 -3.33500673e-05 
 9.04664000e-02  2.50020955e+00  3.80811231e+00  2.47862425e+00  2.47591367e+00 -3.33292204e-05 
 9.04714000e-02  2.50017873e+00  3.81102833e+00  2.48153937e+00  2.47880821e+00 -3.33082226e-05 
 9.04764000e-02  2.50014774e+00  3.81396239e+00  2.48447222e+00  2.48172320e+00 -3.32870948e-05 
 9.04814000e-02  2.50011660e+00  3.81691159e+00  2.48741989e+00  2.48465574e+00 -3.32658580e-05 
 9.04864000e-02  2.50008535e+00  3.81987301e+00  2.49037947e+00  2.48760292e+00 -3.32445332e-05 
 9.04914000e-02  2.50005401e+00  3.82284370e+00  2.49334802e+00  2.49056182e+00 -3.32231416e-05 
 9.04964000e-02  2.50002262e+00  3.82582074e+00  2.49632260e+00  2.49352952e+00 -3.32017043e-05 
 9.05014000e-02  2.49999120e+00  3.82880116e+00  2.49930027e+00  2.49650307e+00 -3.31802427e-05 
 9.05064000e-02  2.49995980e+00  3.83178203e+00  2.50227808e+00  2.49947953e+00 -3.31587780e-05 
 9.05114000e-02  2.49992843e+00  3.83476040e+00  2.50525310e+00  2.50245596e+00 -3.31373313e-05 
 9.05164000e-02  2.49989714e+00  3.83773333e+00  2.50822238e+00  2.50542942e+00 -3.31159238e-05 
 9.05214000e-02  2.49986594e+00  3.84069789e+00  2.51118300e+00  2.50839697e+00 -3.30945767e-05 
 9.05264000e-02  2.49983488e+00  3.84365114e+00  2.51413203e+00  2.51135568e+00 -3.30733109e-05 
 9.05314000e-02  2.49980399e+00  3.84659019e+00  2.51706657e+00  2.51430264e+00 -3.30521475e-05 
 9.05364000e-02  2.49977328e+00  3.84951214e+00  2.51998373e+00  2.51723494e+00 -3.30311073e-05 
 9.05414000e-02  2.49974280e+00  3.85241410e+00  2.52288064e+00  2.52014970e+00 -3.30102109e-05 
 9.05464000e-02  2.49971257e+00  3.85529324e+00  2.52575445e+00  2.52304404e+00 -3.29894789e-05 
 9.05514000e-02  2.49968263e+00  3.85814672e+00  2.52860234e+00  2.52591512e+00 -3.29689316e-05 
 9.05564000e-02  2.49965300e+00  3.86097173e+00  2.53142151e+00  2.52876012e+00 -3.29485892e-05 
 9.05614000e-02  2.49962371e+00  3.86376552e+00  2.53420920e+00  2.53157626e+00 -3.29284715e-05 
 9.05664000e-02  2.49959479e+00  3.86652533e+00  2.53696267e+00  2.53436075e+00 -3.29085983e-05 
 9.05714000e-02  2.49956628e+00  3.86924847e+00  2.53967923e+00  2.53711089e+00 -3.28889889e-05 
 9.05764000e-02  2.49953819e+00  3.87193227e+00  2.54235621e+00  2.53982396e+00 -3.28696626e-05 
 9.05814000e-02  2.49951056e+00  3.87457411e+00  2.54499101e+00  2.54249733e+00 -3.28506382e-05 
 9.05864000e-02  2.49948341e+00  3.87717140e+00  2.54758104e+00  2.54512837e+00 -3.28319342e-05 
 9.05914000e-02  2.49945677e+00  3.87972161e+00  2.55012377e+00  2.54771450e+00 -3.28135688e-05 
 9.05964000e-02  2.49943066e+00  3.88222224e+00  2.55261674e+00  2.55025322e+00 -3.27955599e-05 
 9.06014000e-02  2.49940512e+00  3.88467087e+00  2.55505749e+00  2.55274204e+00 -3.27779250e-05 
 9.06064000e-02  2.49938017e+00  3.88706511e+00  2.55744367e+00  2.55517853e+00 -3.27606812e-05 
 9.06114000e-02  2.49935582e+00  3.88940262e+00  2.55977294e+00  2.55756031e+00 -3.27438452e-05 
 9.06164000e-02  2.49933212e+00  3.89168113e+00  2.56204303e+00  2.55988509e+00 -3.27274334e-05 
 9.06214000e-02  2.49930907e+00  3.89389843e+00  2.56425175e+00  2.56215058e+00 -3.27114616e-05 
 9.06264000e-02  2.49928670e+00  3.89605236e+00  2.56639695e+00  2.56435459e+00 -3.26959454e-05 
 9.06314000e-02  2.49926504e+00  3.89814084e+00  2.56847654e+00  2.56649497e+00 -3.26808996e-05 
 9.06364000e-02  2.49924410e+00  3.90016183e+00  2.57048850e+00  2.56856966e+00 -3.26663388e-05 
 9.06414000e-02  2.49922391e+00  3.90211338e+00  2.57243090e+00  2.57057663e+00 -3.26522771e-05 
 9.06464000e-02  2.49920448e+00  3.90399359e+00  2.57430184e+00  2.57251395e+00 -3.26387280e-05 
 9.06514000e-02  2.49918584e+00  3.90580065e+00  2.57609951e+00  2.57437973e+00 -3.26257045e-05 
 9.06564000e-02  2.49916801e+00  3.90753281e+00  2.57782218e+00  2.57617217e+00 -3.26132192e-05 
 9.06614000e-02  2.49915099e+00  3.90918839e+00  2.57946818e+00  2.57788954e+00 -3.26012842e-05 
 9.06664000e-02  2.49913481e+00  3.91076580e+00  2.58103593e+00  2.57953018e+00 -3.25899108e-05 
 9.06714000e-02  2.49911949e+00  3.91226351e+00  2.58252389e+00  2.58109249e+00 -3.25791100e-05 
 9.06764000e-02  2.49910503e+00  3.91368007e+00  2.58393065e+00  2.58257498e+00 -3.25688921e-05 
 9.06814000e-02  2.49909146e+00  3.91501412e+00  2.58525484e+00  2.58397621e+00 -3.25592670e-05 
 9.06864000e-02  2.49907879e+00  3.91626437e+00  2.58649519e+00  2.58529482e+00 -3.25502439e-05 
 9.06914000e-02  2.49906702e+00  3.91742963e+00  2.58765050e+00  2.58652956e+00 -3.25418313e-05 
 9.06964000e-02  2.49905618e+00  3.91850875e+00  2.58871966e+00  2.58767922e+00 -3.25340375e-05 
 9.07014000e-02  2.49904626e+00  3.91950071e+00  2.58970163e+00  2.58874271e+00 -3.25268698e-05 
 9.07064000e-02  2.49903729e+00  3.92040456e+00  2.59059549e+00  2.58971900e+00 -3.25203350e-05 
 9.07114000e-02  2.49902927e+00  3.92121941e+00  2.59140035e+00  2.59060714e+00 -3.25144395e-05 
 9.07164000e-02  2.49902220e+00  3.92194449e+00  2.59211546e+00  2.59140628e+00 -3.25091889e-05 
 9.07214000e-02  2.49901610e+00  3.92257910e+00  2.59274012e+00  2.59211566e+00 -3.25045882e-05 
 9.07264000e-02  2.49901097e+00  3.92312264e+00  2.59327373e+00  2.59273459e+00 -3.25006417e-05 
 9.07314000e-02  2.49900682e+00  3.92357456e+00  2.59371578e+00  2.59326248e+00 -3.24973533e-05 
 9.07364000e-02  2.49900365e+00  3.92393446e+00  2.59406585e+00  2.59369883e+00 -3.24947260e-05 
 9.07414000e-02  2.49900146e+00  3.92420196e+00  2.59432359e+00  2.59404320e+00 -3.24927625e-05 
 9.07464000e-02  2.49900026e+00  3.92437683e+00  2.59448877e+00  2.59429527e+00 -3.24914645e-05 
 9.07514000e-02  2.49900004e+00  3.92445889e+00  2.59456122e+00  2.59445480e+00 -3.24908334e-05 
 9.07564000e-02  2.49900081e+00  3.92444807e+00  2.59454087e+00  2.59452164e+00 -3.24908697e-05 
 9.07614000e-02  2.49900256e+00  3.92434436e+00  2.59442774e+00  2.59449571e+00 -3.24915734e-05 
 9.07664000e-02  2.49900530e+00  3.92414788e+00  2.59422195e+00  2.59437705e+00 -3.24929438e-05 
 9.07714000e-02  2.49900903e+00  3.92385881e+00  2.59392368e+00  2.59416578e+00 -3.24949796e-05 
 9.07764000e-02  2.49901373e+00  3.92347743e+00  2.59353323e+00  2.59386208e+00 -3.24976789e-05 
 9.07814000e-02  2.49901940e+00  3.92300410e+00  2.59305097e+00  2.59346626e+00 -3.25010391e-05 
 9.07864000e-02  2.49902604e+00  3.92243928e+00  2.59247736e+00  2.59297869e+00 -3.25050570e-05 
 9.07914000e-02  2.49903364e+00  3.92178351e+00  2.59181296e+00  2.59239985e+00 -3.25097288e-05 
 9.07964000e-02  2.49904220e+00  3.92103743e+00  2.59105840e+00  2.59173028e+00 -3.25150500e-05 
 9.08014000e-02  2.49905170e+00  3.92020174e+00  2.59021441e+00  2.59097064e+00 -3.25210156e-05 
 9.08064000e-02  2.49906214e+00  3.91927726e+00  2.58928180e+00  2.59012166e+00 -3.25276198e-05 
 9.08114000e-02  2.49907350e+00  3.91826487e+00  2.58826147e+00  2.58918414e+00 -3.25348563e-05 
 9.08164000e-02  2.49908577e+00  3.91716555e+00  2.58715440e+00  2.58815900e+00 -3.25427183e-05 
 9.08214000e-02  2.49909895e+00  3.91598035e+00  2.58596166e+00  2.58704721e+00 -3.25511982e-05 
 9.08264000e-02  2.49911302e+00  3.91471041e+00  2.58468439e+00  2.58584986e+00 -3.25602878e-05 
 9.08314000e-02  2.49912796e+00  3.91335697e+00  2.58332383e+00  2.58456809e+00 -3.25699786e-05 
 9.08364000e-02  2.49914377e+00  3.91192132e+00  2.58188128e+00  2.58320313e+00 -3.25802612e-05 
 9.08414000e-02  2.49916042e+00  3.91040486e+00  2.58035815e+00  2.58175632e+00 -3.25911257e-05 
 9.08464000e-02  2.49917790e+00  3.90880903e+00  2.57875590e+00  2.58022903e+00 -3.26025617e-05 
 9.08514000e-02  2.49919618e+00  3.90713540e+00  2.57707608e+00  2.57862275e+00 -3.26145583e-05 
 9.08564000e-02  2.49921527e+00  3.90538556e+00  2.57532031e+00  2.57693903e+00 -3.26271038e-05 
 9.08614000e-02  2.49923512e+00  3.90356122e+00  2.57349028e+00  2.57517949e+00 -3.26401864e-05 
 9.08664000e-02  2.49925574e+00  3.90166414e+00  2.57158778e+00  2.57334584e+00 -3.26537933e-05 
 9.08714000e-02  2.49927708e+00  3.89969615e+00  2.56961464e+00  2.57143985e+00 -3.26679115e-05 
 9.08764000e-02  2.49929914e+00  3.89765917e+00  2.56757277e+00  2.56946336e+00 -3.26825273e-05 
 9.08814000e-02  2.49932189e+00  3.89555516e+00  2.56546416e+00  2.56741830e+00 -3.26976266e-05 
 9.08864000e-02  2.49934531e+00  3.89338617e+00  2.56329085e+00  2.56530664e+00 -3.27131950e-05 
 9.08914000e-02  2.49936938e+00  3.89115431e+00  2.56105494e+00  2.56313043e+00 -3.27292172e-05 
 9.08964000e-02  2.49939407e+00  3.88886174e+00  2.55875862e+00  2.56089178e+00 -3.27456779e-05 
 9.09014000e-02  2.49941935e+00  3.88651069e+00  2.55640411e+00  2.55859288e+00 -3.27625611e-05 
 9.09064000e-02  2.49944521e+00  3.88410345e+00  2.55399371e+00  2.55623596e+00 -3.27798503e-05 
 9.09114000e-02  2.49947162e+00  3.88164237e+00  2.55152976e+00  2.55382330e+00 -3.27975290e-05 
 9.09164000e-02  2.49949855e+00  3.87912983e+00  2.54901467e+00  2.55135727e+00 -3.28155798e-05 
 9.09214000e-02  2.49952597e+00  3.87656830e+00  2.54645088e+00  2.54884026e+00 -3.28339852e-05 
 9.09264000e-02  2.49955386e+00  3.87396027e+00  2.54384090e+00  2.54627472e+00 -3.28527273e-05 
 9.09314000e-02  2.49958220e+00  3.87130829e+00  2.54118728e+00  2.54366317e+00 -3.28717879e-05 
 9.09364000e-02  2.49961094e+00  3.86861495e+00  2.53849261e+00  2.54100815e+00 -3.28911485e-05 
 9.09414000e-02  2.49964007e+00  3.86588289e+00  2.53575953e+00  2.53831226e+00 -3.29107899e-05 
 9.09464000e-02  2.49966955e+00  3.86311478e+00  2.53299072e+00  2.53557814e+00 -3.29306932e-05 
 9.09514000e-02  2.49969936e+00  3.86031333e+00  2.53018888e+00  2.53280846e+00 -3.29508389e-05 
 9.09564000e-02  2.49972947e+00  3.85748130e+00  2.52735677e+00  2.53000594e+00 -3.29712072e-05 
 9.09614000e-02  2.49975984e+00  3.85462145e+00  2.52449716e+00  2.52717332e+00 -3.29917781e-05 
 9.09664000e-02  2.49979045e+00  3.85173660e+00  2.52161287e+00  2.52431339e+00 -3.30125316e-05 
 9.09714000e-02  2.49982127e+00  3.84882958e+00  2.51870672e+00  2.52142895e+00 -3.30334471e-05 
 9.09764000e-02  2.49985226e+00  3.84590326e+00  2.51578158e+00  2.51852284e+00 -3.30545043e-05 
 9.09814000e-02  2.49988340e+00  3.84296051e+00  2.51284032e+00  2.51559792e+00 -3.30756823e-05 
 9.09864000e-02  2.49991465e+00  3.84000423e+00  2.50988585e+00  2.51265706e+00 -3.30969604e-05 
 9.09914000e-02  2.49994599e+00  3.83703734e+00  2.50692107e+00  2.50970317e+00 -3.31183175e-05 
 9.09964000e-02  2.49997738e+00  3.83406275e+00  2.50394891e+00  2.50673915e+00 -3.31397326e-05 
 9.10014000e-02  2.50000880e+00  3.83108342e+00  2.50097230e+00  2.50376794e+00 -3.31611845e-05 
 9.10064000e-02  2.50004020e+00  3.82810227e+00  2.49799418e+00  2.50079245e+00 -3.31826522e-05 
 9.10114000e-02  2.50007157e+00  3.82512227e+00  2.49501750e+00  2.49781564e+00 -3.32041143e-05 
 9.10164000e-02  2.50010286e+00  3.82214635e+00  2.49204520e+00  2.49484044e+00 -3.32255495e-05 
 9.10214000e-02  2.50013406e+00  3.81917745e+00  2.48908022e+00  2.49186979e+00 -3.32469368e-05 
 9.10264000e-02  2.50016512e+00  3.81621853e+00  2.48612550e+00  2.48890665e+00 -3.32682548e-05 
 9.10314000e-02  2.50019601e+00  3.81327251e+00  2.48318397e+00  2.48595393e+00 -3.32894825e-05 
 9.10364000e-02  2.50022672e+00  3.81034232e+00  2.48025855e+00  2.48301458e+00 -3.33105987e-05 
 9.10414000e-02  2.50025720e+00  3.80743086e+00  2.47735213e+00  2.48009149e+00 -3.33315824e-05 
 9.10464000e-02  2.50028743e+00  3.80454102e+00  2.47446760e+00  2.47718758e+00 -3.33524129e-05 
 9.10514000e-02  2.50031737e+00  3.80167567e+00  2.47160783e+00  2.47430573e+00 -3.33730693e-05 
 9.10564000e-02  2.50034700e+00  3.79883767e+00  2.46877566e+00  2.47144880e+00 -3.33935312e-05 
 9.10614000e-02  2.50037629e+00  3.79602983e+00  2.46597391e+00  2.46861963e+00 -3.34137780e-05 
 9.10664000e-02  2.50040521e+00  3.79325494e+00  2.46320537e+00  2.46582103e+00 -3.34337897e-05 
 9.10714000e-02  2.50043372e+00  3.79051577e+00  2.46047278e+00  2.46305578e+00 -3.34535463e-05 
 9.10764000e-02  2.50046181e+00  3.78781506e+00  2.45777888e+00  2.46032665e+00 -3.34730279e-05 
 9.10814000e-02  2.50048944e+00  3.78515548e+00  2.45512635e+00  2.45763635e+00 -3.34922153e-05 
 9.10864000e-02  2.50051659e+00  3.78253969e+00  2.45251782e+00  2.45498755e+00 -3.35110891e-05 
 9.10914000e-02  2.50054323e+00  3.77997030e+00  2.44995591e+00  2.45238291e+00 -3.35296306e-05 
 9.10964000e-02  2.50056934e+00  3.77744987e+00  2.44744317e+00  2.44982502e+00 -3.35478211e-05 
 9.11014000e-02  2.50059488e+00  3.77498092e+00  2.44498211e+00  2.44731642e+00 -3.35656425e-05 
 9.11064000e-02  2.50061983e+00  3.77256591e+00  2.44257518e+00  2.44485963e+00 -3.35830768e-05 
 9.11114000e-02  2.50064418e+00  3.77020726e+00  2.44022480e+00  2.44245710e+00 -3.36001066e-05 
 9.11164000e-02  2.50066788e+00  3.76790733e+00  2.43793330e+00  2.44011123e+00 -3.36167149e-05 
 9.11214000e-02  2.50069093e+00  3.76566841e+00  2.43570299e+00  2.43782437e+00 -3.36328850e-05 
 9.11264000e-02  2.50071330e+00  3.76349274e+00  2.43353608e+00  2.43559879e+00 -3.36486006e-05 
 9.11314000e-02  2.50073496e+00  3.76138250e+00  2.43143475e+00  2.43343672e+00 -3.36638459e-05 
 9.11364000e-02  2.50075590e+00  3.75933980e+00  2.42940111e+00  2.43134034e+00 -3.36786057e-05 
 9.11414000e-02  2.50077609e+00  3.75736669e+00  2.42743718e+00  2.42931173e+00 -3.36928651e-05 
 9.11464000e-02  2.50079552e+00  3.75546513e+00  2.42554494e+00  2.42735293e+00 -3.37066098e-05 
 9.11514000e-02  2.50081416e+00  3.75363705e+00  2.42372628e+00  2.42546590e+00 -3.37198260e-05 
 9.11564000e-02  2.50083199e+00  3.75188426e+00  2.42198302e+00  2.42365253e+00 -3.37325003e-05 
 9.11614000e-02  2.50084901e+00  3.75020852e+00  2.42031690e+00  2.42191463e+00 -3.37446200e-05 
 9.11664000e-02  2.50086519e+00  3.74861152e+00  2.41872961e+00  2.42025395e+00 -3.37561729e-05 
 9.11714000e-02  2.50088051e+00  3.74709485e+00  2.41722272e+00  2.41867216e+00 -3.37671473e-05 
 9.11764000e-02  2.50089497e+00  3.74566004e+00  2.41579776e+00  2.41717083e+00 -3.37775323e-05 
 9.11814000e-02  2.50090854e+00  3.74430852e+00  2.41445615e+00  2.41575147e+00 -3.37873174e-05 
 9.11864000e-02  2.50092121e+00  3.74304165e+00  2.41319923e+00  2.41441551e+00 -3.37964926e-05 
 9.11914000e-02  2.50093298e+00  3.74186070e+00  2.41202827e+00  2.41316429e+00 -3.38050488e-05 
 9.11964000e-02  2.50094382e+00  3.74076685e+00  2.41094444e+00  2.41199906e+00 -3.38129773e-05 
 9.12014000e-02  2.50095374e+00  3.73976121e+00  2.40994883e+00  2.41092099e+00 -3.38202702e-05 
 9.12064000e-02  2.50096271e+00  3.73884478e+00  2.40904244e+00  2.40993116e+00 -3.38269200e-05 
 9.12114000e-02  2.50097073e+00  3.73801848e+00  2.40822618e+00  2.40903057e+00 -3.38329201e-05 
 9.12164000e-02  2.50097780e+00  3.73728315e+00  2.40750087e+00  2.40822013e+00 -3.38382644e-05 
 9.12214000e-02  2.50098390e+00  3.73663951e+00  2.40686724e+00  2.40750063e+00 -3.38429476e-05 
 9.12264000e-02  2.50098903e+00  3.73608822e+00  2.40632592e+00  2.40687282e+00 -3.38469649e-05 
 9.12314000e-02  2.50099318e+00  3.73562983e+00  2.40587745e+00  2.40633731e+00 -3.38503122e-05 
 9.12364000e-02  2.50099635e+00  3.73526480e+00  2.40552229e+00  2.40589464e+00 -3.38529862e-05 
 9.12414000e-02  2.50099854e+00  3.73499350e+00  2.40526080e+00  2.40554527e+00 -3.38549842e-05 
 9.12464000e-02  2.50099974e+00  3.73481619e+00  2.40509323e+00  2.40528954e+00 -3.38563041e-05 
 9.12514000e-02  2.50099996e+00  3.73473306e+00  2.40501975e+00  2.40512770e+00 -3.38569447e-05 
 9.12564000e-02  2.50099919e+00  3.73474419e+00  2.40504045e+00  2.40505992e+00 -3.38569054e-05 
 9.12614000e-02  2.50099744e+00  3.73484956e+00  2.40515529e+00  2.40508627e+00 -3.38561860e-05 
 9.12664000e-02  2.50099470e+00  3.73504908e+00  2.40536416e+00  2.40520672e+00 -3.38547874e-05 
 9.12714000e-02  2.50099097e+00  3.73534254e+00  2.40566685e+00  2.40542116e+00 -3.38527110e-05 
 9.12764000e-02  2.50098627e+00  3.73572965e+00  2.40606307e+00  2.40572935e+00 -3.38499589e-05 
 9.12814000e-02  2.50098060e+00  3.73621002e+00  2.40655240e+00  2.40613101e+00 -3.38465339e-05 
 9.12864000e-02  2.50097396e+00  3.73678316e+00  2.40713436e+00  2.40662571e+00 -3.38424393e-05 
 9.12914000e-02  2.50096636e+00  3.73744849e+00  2.40780837e+00  2.40721297e+00 -3.38376795e-05 
 9.12964000e-02  2.50095780e+00  3.73820537e+00  2.40857374e+00  2.40789219e+00 -3.38322591e-05 
 9.13014000e-02  2.50094830e+00  3.73905301e+00  2.40942971e+00  2.40866270e+00 -3.38261836e-05 
 9.13064000e-02  2.50093786e+00  3.73999057e+00  2.41037542e+00  2.40952372e+00 -3.38194592e-05 
 9.13114000e-02  2.50092650e+00  3.74101711e+00  2.41140992e+00  2.41047438e+00 -3.38120927e-05 
 9.13164000e-02  2.50091423e+00  3.74213160e+00  2.41253217e+00  2.41151373e+00 -3.38040914e-05 
 9.13214000e-02  2.50090105e+00  3.74333292e+00  2.41374105e+00  2.41264073e+00 -3.37954636e-05 
 9.13264000e-02  2.50088698e+00  3.74461986e+00  2.41503534e+00  2.41385425e+00 -3.37862177e-05 
 9.13314000e-02  2.50087204e+00  3.74599114e+00  2.41641375e+00  2.41515307e+00 -3.37763633e-05 
 9.13364000e-02  2.50085623e+00  3.74744537e+00  2.41787488e+00  2.41653588e+00 -3.37659102e-05 
 9.13414000e-02  2.50083958e+00  3.74898110e+00  2.41941728e+00  2.41800130e+00 -3.37548689e-05 
 9.13464000e-02  2.50082210e+00  3.75059679e+00  2.42103940e+00  2.41954786e+00 -3.37432506e-05 
 9.13514000e-02  2.50080382e+00  3.75229082e+00  2.42273962e+00  2.42117401e+00 -3.37310670e-05 
 9.13564000e-02  2.50078473e+00  3.75406149e+00  2.42451622e+00  2.42287811e+00 -3.37183303e-05 
 9.13614000e-02  2.50076488e+00  3.75590703e+00  2.42636743e+00  2.42465847e+00 -3.37050533e-05 
 9.13664000e-02  2.50074426e+00  3.75782558e+00  2.42829140e+00  2.42651329e+00 -3.36912495e-05 
 9.13714000e-02  2.50072292e+00  3.75981523e+00  2.43028619e+00  2.42844073e+00 -3.36769327e-05 
 9.13764000e-02  2.50070086e+00  3.76187398e+00  2.43234982e+00  2.43043884e+00 -3.36621172e-05 
 9.13814000e-02  2.50067811e+00  3.76399978e+00  2.43448021e+00  2.43250563e+00 -3.36468181e-05 
 9.13864000e-02  2.50065469e+00  3.76619050e+00  2.43667523e+00  2.43463902e+00 -3.36310506e-05 
 9.13914000e-02  2.50063062e+00  3.76844394e+00  2.43893269e+00  2.43683690e+00 -3.36148306e-05 
 9.13964000e-02  2.50060593e+00  3.77075785e+00  2.44125033e+00  2.43909705e+00 -3.35981743e-05 
 9.14014000e-02  2.50058065e+00  3.77312991e+00  2.44362584e+00  2.44141721e+00 -3.35810985e-05 
 9.14064000e-02  2.50055479e+00  3.77555777e+00  2.44605683e+00  2.44379507e+00 -3.35636203e-05 
 9.14114000e-02  2.50052838e+00  3.77803899e+00  2.44854089e+00  2.44622826e+00 -3.35457572e-05 
 9.14164000e-02  2.50050145e+00  3.78057110e+00  2.45107553e+00  2.44871433e+00 -3.35275271e-05 
 9.14214000e-02  2.50047403e+00  3.78315156e+00  2.45365822e+00  2.45125082e+00 -3.35089483e-05 
 9.14264000e-02  2.50044614e+00  3.78577781e+00  2.45628638e+00  2.45383518e+00 -3.34900393e-05 
 9.14314000e-02  2.50041780e+00  3.78844722e+00  2.45895740e+00  2.45646484e+00 -3.34708191e-05 
 9.14364000e-02  2.50038906e+00  3.79115713e+00  2.46166862e+00  2.45913718e+00 -3.34513068e-05 
 9.14414000e-02  2.50035993e+00  3.79390486e+00  2.46441732e+00  2.46184953e+00 -3.34315219e-05 
 9.14464000e-02  2.50033045e+00  3.79668765e+00  2.46720078e+00  2.46459920e+00 -3.34114843e-05 
 9.14514000e-02  2.50030064e+00  3.79950273e+00  2.47001622e+00  2.46738344e+00 -3.33912138e-05 
 9.14564000e-02  2.50027053e+00  3.80234732e+00  2.47286085e+00  2.47019948e+00 -3.33707308e-05 
 9.14614000e-02  2.50024016e+00  3.80521858e+00  2.47573183e+00  2.47304452e+00 -3.33500555e-05 
 9.14664000e-02  2.50020955e+00  3.80811365e+00  2.47862632e+00  2.47591574e+00 -3.33292086e-05 
 9.14714000e-02  2.50017873e+00  3.81102967e+00  2.48154143e+00  2.47881028e+00 -3.33082108e-05 
 9.14764000e-02  2.50014774e+00  3.81396373e+00  2.48447428e+00  2.48172526e+00 -3.32870830e-05 
 9.14814000e-02  2.50011660e+00  3.81691293e+00  2.48742195e+00  2.48465780e+00 -3.32658462e-05 
 9.14864000e-02  2.50008535e+00  3.81987435e+00  2.49038153e+00  2.48760498e+00 -3.32445214e-05 
 9.14914000e-02  2.50005401e+00  3.82284504e+00  2.49335008e+00  2.49056389e+00 -3.32231298e-05 
 9.14964000e-02  2.50002262e+00  3.82582207e+00  2.49632466e+00  2.49353158e+00 -3.32016926e-05 
 9.15014000e-02  2.49999120e+00  3.82880250e+00  2.49930233e+00  2.49650513e+00 -3.31802310e-05 
 9.15064000e-02  2.49995980e+00  3.83178337e+00  2.50228014e+00  2.49948159e+00 -3.31587662e-05 
 9.15114000e-02  2.49992843e+00  3.83476174e+00  2.50525516e+00  2.50245802e+00 -3.31373195e-05 
 9.15164000e-02  2.49989714e+00  3.83773467e+00  2.50822444e+00  2.50543148e+00 -3.31159120e-05 
 9.15214000e-02  2.49986594e+00  3.84069922e+00  2.51118506e+00  2.50839903e+00 -3.30945649e-05 
 9.15264000e-02  2.49983488e+00  3.84365248e+00  2.51413409e+00  2.51135774e+00 -3.30732992e-05 
 9.15314000e-02  2.49980399e+00  3.84659153e+00  2.51706863e+00  2.51430470e+00 -3.30521358e-05 
 9.15364000e-02  2.49977328e+00  3.84951347e+00  2.51998579e+00  2.51723700e+00 -3.30310956e-05 
 9.15414000e-02  2.49974280e+00  3.85241544e+00  2.52288270e+00  2.52015175e+00 -3.30101992e-05 
 9.15464000e-02  2.49971257e+00  3.85529457e+00  2.52575651e+00  2.52304609e+00 -3.29894672e-05 
 9.15514000e-02  2.49968263e+00  3.85814805e+00  2.52860439e+00  2.52591717e+00 -3.29689199e-05 
 9.15564000e-02  2.49965300e+00  3.86097307e+00  2.53142356e+00  2.52876218e+00 -3.29485775e-05 
 9.15614000e-02  2.49962371e+00  3.86376685e+00  2.53421125e+00  2.53157831e+00 -3.29284598e-05 
 9.15664000e-02  2.49959479e+00  3.86652666e+00  2.53696472e+00  2.53436281e+00 -3.29085866e-05 
 9.15714000e-02  2.49956628e+00  3.86924980e+00  2.53968128e+00  2.53711294e+00 -3.28889772e-05 
 9.15764000e-02  2.49953819e+00  3.87193360e+00  2.54235826e+00  2.53982602e+00 -3.28696509e-05 
 9.15814000e-02  2.49951056e+00  3.87457544e+00  2.54499306e+00  2.54249938e+00 -3.28506265e-05 
 9.15864000e-02  2.49948341e+00  3.87717273e+00  2.54758309e+00  2.54513042e+00 -3.28319225e-05 
 9.15914000e-02  2.49945677e+00  3.87972294e+00  2.55012582e+00  2.54771655e+00 -3.28135571e-05 
 9.15964000e-02  2.49943066e+00  3.88222357e+00  2.55261878e+00  2.55025527e+00 -3.27955482e-05 
 9.16014000e-02  2.49940512e+00  3.88467220e+00  2.55505954e+00  2.55274408e+00 -3.27779133e-05 
 9.16064000e-02  2.49938017e+00  3.88706644e+00  2.55744571e+00  2.55518057e+00 -3.27606695e-05 
 9.16114000e-02  2.49935582e+00  3.88940395e+00  2.55977498e+00  2.55756236e+00 -3.27438335e-05 
 9.16164000e-02  2.49933212e+00  3.89168246e+00  2.56204508e+00  2.55988713e+00 -3.27274217e-05 
 9.16214000e-02  2.49930907e+00  3.89389976e+00  2.56425380e+00  2.56215262e+00 -3.27114500e-05 
 9.16264000e-02  2.49928670e+00  3.89605369e+00  2.56639899e+00  2.56435663e+00 -3.26959337e-05 
 9.16314000e-02  2.49926504e+00  3.89814217e+00  2.56847858e+00  2.56649702e+00 -3.26808879e-05 
 9.16364000e-02  2.49924410e+00  3.90016315e+00  2.57049055e+00  2.56857170e+00 -3.26663271e-05 
 9.16414000e-02  2.49922391e+00  3.90211470e+00  2.57243294e+00  2.57057868e+00 -3.26522654e-05 
 9.16464000e-02  2.49920448e+00  3.90399492e+00  2.57430388e+00  2.57251599e+00 -3.26387163e-05 
 9.16514000e-02  2.49918584e+00  3.90580198e+00  2.57610156e+00  2.57438177e+00 -3.26256929e-05 
 9.16564000e-02  2.49916801e+00  3.90753413e+00  2.57782423e+00  2.57617422e+00 -3.26132076e-05 
 9.16614000e-02  2.49915099e+00  3.90918972e+00  2.57947023e+00  2.57789158e+00 -3.26012725e-05 
 9.16664000e-02  2.49913481e+00  3.91076712e+00  2.58103797e+00  2.57953222e+00 -3.25898991e-05 
 9.16714000e-02  2.49911949e+00  3.91226483e+00  2.58252593e+00  2.58109453e+00 -3.25790983e-05 
 9.16764000e-02  2.49910503e+00  3.91368139e+00  2.58393269e+00  2.58257702e+00 -3.25688805e-05 
 9.16814000e-02  2.49909146e+00  3.91501544e+00  2.58525688e+00  2.58397825e+00 -3.25592554e-05 
 9.16864000e-02  2.49907879e+00  3.91626570e+00  2.58649723e+00  2.58529686e+00 -3.25502322e-05 
 9.16914000e-02  2.49906702e+00  3.91743095e+00  2.58765254e+00  2.58653160e+00 -3.25418197e-05 
 9.16964000e-02  2.49905618e+00  3.91851007e+00  2.58872169e+00  2.58768126e+00 -3.25340259e-05 
 9.17014000e-02  2.49904626e+00  3.91950204e+00  2.58970367e+00  2.58874475e+00 -3.25268582e-05 
 9.17064000e-02  2.49903729e+00  3.92040588e+00  2.59059752e+00  2.58972103e+00 -3.25203234e-05 
 9.17114000e-02  2.49902927e+00  3.92122073e+00  2.59140239e+00  2.59060917e+00 -3.25144279e-05 
 9.17164000e-02  2.49902220e+00  3.92194582e+00  2.59211750e+00  2.59140832e+00 -3.25091773e-05 
 9.17214000e-02  2.49901610e+00  3.92258043e+00  2.59274215e+00  2.59211770e+00 -3.25045766e-05 
 9.17264000e-02  2.49901097e+00  3.92312396e+00  2.59327577e+00  2.59273663e+00 -3.25006301e-05 
 9.17314000e-02  2.49900682e+00  3.92357589e+00  2.59371782e+00  2.59326452e+00 -3.24973417e-05 
 9.17364000e-02  2.49900365e+00  3.92393578e+00  2.59406788e+00  2.59370086e+00 -3.24947144e-05 
 9.17414000e-02  2.49900146e+00  3.92420329e+00  2.59432563e+00  2.59404523e+00 -3.24927509e-05 
 9.17464000e-02  2.49900026e+00  3.92437816e+00  2.59449080e+00  2.59429730e+00 -3.24914529e-05 
 9.17514000e-02  2.49900004e+00  3.92446022e+00  2.59456325e+00  2.59445683e+00 -3.24908218e-05 
 9.17564000e-02  2.49900081e+00  3.92444939e+00  2.59454290e+00  2.59452367e+00 -3.24908581e-05 
 9.17614000e-02  2.49900256e+00  3.92434569e+00  2.59442978e+00  2.59449775e+00 -3.24915618e-05 
 9.17664000e-02  2.49900530e+00  3.92414920e+00  2.59422398e+00  2.59437909e+00 -3.24929321e-05 
 9.17714000e-02  2.49900903e+00  3.92386013e+00  2.59392571e+00  2.59416781e+00 -3.24949680e-05 
 9.17764000e-02  2.49901373e+00  3.92347875e+00  2.59353526e+00  2.59386411e+00 -3.24976673e-05 
 9.17814000e-02  2.49901940e+00  3.92300542e+00  2.59305300e+00  2.59346829e+00 -3.25010275e-05 
 9.17864000e-02  2.49902604e+00  3.92244060e+00  2.59247939e+00  2.59298073e+00 -3.25050454e-05 
 9.17914000e-02  2.49903364e+00  3.92178484e+00  2.59181499e+00  2.59240188e+00 -3.25097172e-05 
 9.17964000e-02  2.49904220e+00  3.92103875e+00  2.59106043e+00  2.59173232e+00 -3.25150384e-05 
 9.18014000e-02  2.49905170e+00  3.92020307e+00  2.59021644e+00  2.59097268e+00 -3.25210040e-05 
 9.18064000e-02  2.49906214e+00  3.91927858e+00  2.58928383e+00  2.59012369e+00 -3.25276082e-05 
 9.18114000e-02  2.49907350e+00  3.91826619e+00  2.58826350e+00  2.58918617e+00 -3.25348447e-05 
 9.18164000e-02  2.49908577e+00  3.91716687e+00  2.58715643e+00  2.58816103e+00 -3.25427067e-05 
 9.18214000e-02  2.49909895e+00  3.91598167e+00  2.58596369e+00  2.58704924e+00 -3.25511866e-05 
 9.18264000e-02  2.49911302e+00  3.91471174e+00  2.58468642e+00  2.58585189e+00 -3.25602762e-05 
 9.18314000e-02  2.49912796e+00  3.91335829e+00  2.58332586e+00  2.58457012e+00 -3.25699670e-05 
 9.18364000e-02  2.49914377e+00  3.91192265e+00  2.58188332e+00  2.58320517e+00 -3.25802495e-05 
 9.18414000e-02  2.49916042e+00  3.91040618e+00  2.58036018e+00  2.58175835e+00 -3.25911140e-05 
 9.18464000e-02  2.49917790e+00  3.90881036e+00  2.57875793e+00  2.58023106e+00 -3.26025501e-05 
 9.18514000e-02  2.49919618e+00  3.90713672e+00  2.57707811e+00  2.57862478e+00 -3.26145466e-05 
 9.18564000e-02  2.49921527e+00  3.90538689e+00  2.57532234e+00  2.57694106e+00 -3.26270922e-05 
 9.18614000e-02  2.49923512e+00  3.90356254e+00  2.57349232e+00  2.57518152e+00 -3.26401748e-05 
 9.18664000e-02  2.49925574e+00  3.90166546e+00  2.57158981e+00  2.57334787e+00 -3.26537817e-05 
 9.18714000e-02  2.49927708e+00  3.89969748e+00  2.56961667e+00  2.57144188e+00 -3.26678998e-05 
 9.18764000e-02  2.49929914e+00  3.89766049e+00  2.56757481e+00  2.56946539e+00 -3.26825156e-05 
 9.18814000e-02  2.49932189e+00  3.89555649e+00  2.56546619e+00  2.56742033e+00 -3.26976150e-05 
 9.18864000e-02  2.49934531e+00  3.89338750e+00  2.56329288e+00  2.56530867e+00 -3.27131833e-05 
 9.18914000e-02  2.49936938e+00  3.89115564e+00  2.56105697e+00  2.56313246e+00 -3.27292056e-05 
 9.18964000e-02  2.49939407e+00  3.88886307e+00  2.55876065e+00  2.56089382e+00 -3.27456663e-05 
 9.19014000e-02  2.49941935e+00  3.88651202e+00  2.55640614e+00  2.55859491e+00 -3.27625494e-05 
 9.19064000e-02  2.49944521e+00  3.88410478e+00  2.55399574e+00  2.55623799e+00 -3.27798387e-05 
 9.19114000e-02  2.49947162e+00  3.88164369e+00  2.55153179e+00  2.55382534e+00 -3.27975173e-05 
 9.19164000e-02  2.49949855e+00  3.87913116e+00  2.54901670e+00  2.55135930e+00 -3.28155681e-05 
 9.19214000e-02  2.49952597e+00  3.87656963e+00  2.54645291e+00  2.54884229e+00 -3.28339735e-05 
 9.19264000e-02  2.49955386e+00  3.87396160e+00  2.54384293e+00  2.54627676e+00 -3.28527157e-05 
 9.19314000e-02  2.49958220e+00  3.87130962e+00  2.54118931e+00  2.54366520e+00 -3.28717763e-05 
 9.19364000e-02  2.49961094e+00  3.86861628e+00  2.53849464e+00  2.54101019e+00 -3.28911368e-05 
 9.19414000e-02  2.49964007e+00  3.86588422e+00  2.53576156e+00  2.53831430e+00 -3.29107783e-05 
 9.19464000e-02  2.49966955e+00  3.86311611e+00  2.53299275e+00  2.53558017e+00 -3.29306816e-05 
 9.19514000e-02  2.49969936e+00  3.86031466e+00  2.53019092e+00  2.53281049e+00 -3.29508272e-05 
 9.19564000e-02  2.49972947e+00  3.85748262e+00  2.52735880e+00  2.53000797e+00 -3.29711955e-05 
 9.19614000e-02  2.49975984e+00  3.85462278e+00  2.52449920e+00  2.52717535e+00 -3.29917665e-05 
 9.19664000e-02  2.49979045e+00  3.85173793e+00  2.52161490e+00  2.52431542e+00 -3.30125199e-05 
 9.19714000e-02  2.49982127e+00  3.84883091e+00  2.51870876e+00  2.52143098e+00 -3.30334355e-05 
 9.19764000e-02  2.49985226e+00  3.84590459e+00  2.51578361e+00  2.51852487e+00 -3.30544926e-05 
 9.19814000e-02  2.49988340e+00  3.84296184e+00  2.51284236e+00  2.51559995e+00 -3.30756706e-05 
 9.19864000e-02  2.49991465e+00  3.84000556e+00  2.50988788e+00  2.51265910e+00 -3.30969487e-05 
 9.19914000e-02  2.49994599e+00  3.83703867e+00  2.50692310e+00  2.50970521e+00 -3.31183058e-05 
 9.19964000e-02  2.49997738e+00  3.83406409e+00  2.50395094e+00  2.50674119e+00 -3.31397209e-05 
 9.20014000e-02  2.50000880e+00  3.83108475e+00  2.50097433e+00  2.50376997e+00 -3.31611729e-05 
 9.20064000e-02  2.50004020e+00  3.82810361e+00  2.49799621e+00  2.50079449e+00 -3.31826405e-05 
 9.20114000e-02  2.50007157e+00  3.82512360e+00  2.49501953e+00  2.49781767e+00 -3.32041026e-05 
 9.20164000e-02  2.50010286e+00  3.82214768e+00  2.49204723e+00  2.49484247e+00 -3.32255379e-05 
 9.20214000e-02  2.50013406e+00  3.81917879e+00  2.48908226e+00  2.49187183e+00 -3.32469251e-05 
 9.20264000e-02  2.50016512e+00  3.81621987e+00  2.48612754e+00  2.48890868e+00 -3.32682431e-05 
 9.20314000e-02  2.50019601e+00  3.81327385e+00  2.48318601e+00  2.48595597e+00 -3.32894708e-05 
 9.20364000e-02  2.50022672e+00  3.81034366e+00  2.48026058e+00  2.48301661e+00 -3.33105870e-05 
 9.20414000e-02  2.50025720e+00  3.80743219e+00  2.47735416e+00  2.48009353e+00 -3.33315707e-05 
 9.20464000e-02  2.50028743e+00  3.80454236e+00  2.47446964e+00  2.47718962e+00 -3.33524012e-05 
 9.20514000e-02  2.50031737e+00  3.80167701e+00  2.47160987e+00  2.47430777e+00 -3.33730576e-05 
 9.20564000e-02  2.50034700e+00  3.79883900e+00  2.46877770e+00  2.47145083e+00 -3.33935195e-05 
 9.20614000e-02  2.50037629e+00  3.79603116e+00  2.46597595e+00  2.46862166e+00 -3.34137663e-05 
 9.20664000e-02  2.50040521e+00  3.79325628e+00  2.46320740e+00  2.46582306e+00 -3.34337780e-05 
 9.20714000e-02  2.50043372e+00  3.79051711e+00  2.46047482e+00  2.46305782e+00 -3.34535346e-05 
 9.20764000e-02  2.50046181e+00  3.78781639e+00  2.45778092e+00  2.46032869e+00 -3.34730162e-05 
 9.20814000e-02  2.50048944e+00  3.78515681e+00  2.45512838e+00  2.45763838e+00 -3.34922036e-05 
 9.20864000e-02  2.50051659e+00  3.78254102e+00  2.45251986e+00  2.45498959e+00 -3.35110774e-05 
 9.20914000e-02  2.50054323e+00  3.77997163e+00  2.44995795e+00  2.45238495e+00 -3.35296189e-05 
 9.20964000e-02  2.50056934e+00  3.77745120e+00  2.44744521e+00  2.44982705e+00 -3.35478094e-05 
 9.21014000e-02  2.50059488e+00  3.77498225e+00  2.44498415e+00  2.44731846e+00 -3.35656307e-05 
 9.21064000e-02  2.50061983e+00  3.77256725e+00  2.44257722e+00  2.44486167e+00 -3.35830651e-05 
 9.21114000e-02  2.50064418e+00  3.77020860e+00  2.44022683e+00  2.44245914e+00 -3.36000949e-05 
 9.21164000e-02  2.50066788e+00  3.76790867e+00  2.43793534e+00  2.44011327e+00 -3.36167032e-05 
 9.21214000e-02  2.50069093e+00  3.76566975e+00  2.43570502e+00  2.43782640e+00 -3.36328733e-05 
 9.21264000e-02  2.50071330e+00  3.76349408e+00  2.43353812e+00  2.43560082e+00 -3.36485888e-05 
 9.21314000e-02  2.50073496e+00  3.76138384e+00  2.43143679e+00  2.43343876e+00 -3.36638342e-05 
 9.21364000e-02  2.50075590e+00  3.75934114e+00  2.42940315e+00  2.43134238e+00 -3.36785940e-05 
 9.21414000e-02  2.50077609e+00  3.75736803e+00  2.42743922e+00  2.42931377e+00 -3.36928534e-05 
 9.21464000e-02  2.50079552e+00  3.75546647e+00  2.42554698e+00  2.42735497e+00 -3.37065981e-05 
 9.21514000e-02  2.50081416e+00  3.75363839e+00  2.42372831e+00  2.42546794e+00 -3.37198142e-05 
 9.21564000e-02  2.50083199e+00  3.75188560e+00  2.42198505e+00  2.42365457e+00 -3.37324885e-05 
 9.21614000e-02  2.50084901e+00  3.75020986e+00  2.42031894e+00  2.42191667e+00 -3.37446082e-05 
 9.21664000e-02  2.50086519e+00  3.74861286e+00  2.41873164e+00  2.42025599e+00 -3.37561611e-05 
 9.21714000e-02  2.50088051e+00  3.74709619e+00  2.41722476e+00  2.41867419e+00 -3.37671356e-05 
 9.21764000e-02  2.50089497e+00  3.74566138e+00  2.41579980e+00  2.41717286e+00 -3.37775206e-05 
 9.21814000e-02  2.50090854e+00  3.74430986e+00  2.41445818e+00  2.41575351e+00 -3.37873056e-05 
 9.21864000e-02  2.50092121e+00  3.74304299e+00  2.41320126e+00  2.41441755e+00 -3.37964809e-05 
 9.21914000e-02  2.50093298e+00  3.74186204e+00  2.41203030e+00  2.41316632e+00 -3.38050371e-05 
 9.21964000e-02  2.50094382e+00  3.74076819e+00  2.41094648e+00  2.41200109e+00 -3.38129656e-05 
 9.22014000e-02  2.50095374e+00  3.73976255e+00  2.40995087e+00  2.41092302e+00 -3.38202584e-05 
 9.22064000e-02  2.50096271e+00  3.73884612e+00  2.40904448e+00  2.40993320e+00 -3.38269083e-05 
 9.22114000e-02  2.50097073e+00  3.73801982e+00  2.40822822e+00  2.40903261e+00 -3.38329084e-05 
 9.22164000e-02  2.50097780e+00  3.73728449e+00  2.40750291e+00  2.40822216e+00 -3.38382527e-05 
 9.22214000e-02  2.50098390e+00  3.73664085e+00  2.40686927e+00  2.40750267e+00 -3.38429359e-05 
 9.22264000e-02  2.50098903e+00  3.73608956e+00  2.40632795e+00  2.40687485e+00 -3.38469531e-05 
 9.22314000e-02  2.50099318e+00  3.73563117e+00  2.40587948e+00  2.40633934e+00 -3.38503004e-05 
 9.22364000e-02  2.50099635e+00  3.73526614e+00  2.40552433e+00  2.40589668e+00 -3.38529744e-05 
 9.22414000e-02  2.50099854e+00  3.73499484e+00  2.40526283e+00  2.40554730e+00 -3.38549724e-05 
 9.22464000e-02  2.50099974e+00  3.73481753e+00  2.40509526e+00  2.40529157e+00 -3.38562924e-05 
 9.22514000e-02  2.50099996e+00  3.73473440e+00  2.40502179e+00  2.40512973e+00 -3.38569330e-05 
 9.22564000e-02  2.50099919e+00  3.73474553e+00  2.40504248e+00  2.40506195e+00 -3.38568936e-05 
 9.22614000e-02  2.50099744e+00  3.73485090e+00  2.40515732e+00  2.40508830e+00 -3.38561743e-05 
 9.22664000e-02  2.50099470e+00  3.73505042e+00  2.40536619e+00  2.40520876e+00 -3.38547757e-05 
 9.22714000e-02  2.50099097e+00  3.73534388e+00  2.40566889e+00  2.40542319e+00 -3.38526993e-05 
 9.22764000e-02  2.50098627e+00  3.73573099e+00  2.40606510e+00  2.40573139e+00 -3.38499472e-05 
 9.22814000e-02  2.50098060e+00  3.73621135e+00  2.40655443e+00  2.40613304e+00 -3.38465221e-05 
 9.22864000e-02  2.50097396e+00  3.73678450e+00  2.40713639e+00  2.40662774e+00 -3.38424276e-05 
 9.22914000e-02  2.50096636e+00  3.73744983e+00  2.40781040e+00  2.40721500e+00 -3.38376677e-05 
 9.22964000e-02  2.50095780e+00  3.73820671e+00  2.40857577e+00  2.40789422e+00 -3.38322473e-05 
 9.23014000e-02  2.50094830e+00  3.73905435e+00  2.40943174e+00  2.40866473e+00 -3.38261719e-05 
 9.23064000e-02  2.50093786e+00  3.73999191e+00  2.41037745e+00  2.40952575e+00 -3.38194475e-05 
 9.23114000e-02  2.50092650e+00  3.74101845e+00  2.41141195e+00  2.41047641e+00 -3.38120810e-05 
 9.23164000e-02  2.50091423e+00  3.74213294e+00  2.41253420e+00  2.41151576e+00 -3.38040797e-05 
 9.23214000e-02  2.50090105e+00  3.74333426e+00  2.41374308e+00  2.41264276e+00 -3.37954518e-05 
 9.23264000e-02  2.50088698e+00  3.74462120e+00  2.41503737e+00  2.41385628e+00 -3.37862060e-05 
 9.23314000e-02  2.50087204e+00  3.74599247e+00  2.41641577e+00  2.41515509e+00 -3.37763516e-05 
 9.23364000e-02  2.50085623e+00  3.74744671e+00  2.41787691e+00  2.41653790e+00 -3.37658985e-05 
 9.23414000e-02  2.50083958e+00  3.74898244e+00  2.41941931e+00  2.41800332e+00 -3.37548572e-05 
 9.23464000e-02  2.50082210e+00  3.75059813e+00  2.42104143e+00  2.41954988e+00 -3.37432389e-05 
 9.23514000e-02  2.50080382e+00  3.75229216e+00  2.42274164e+00  2.42117603e+00 -3.37310552e-05 
 9.23564000e-02  2.50078473e+00  3.75406283e+00  2.42451825e+00  2.42288014e+00 -3.37183186e-05 
 9.23614000e-02  2.50076488e+00  3.75590836e+00  2.42636946e+00  2.42466049e+00 -3.37050416e-05 
 9.23664000e-02  2.50074426e+00  3.75782692e+00  2.42829342e+00  2.42651532e+00 -3.36912378e-05 
 9.23714000e-02  2.50072292e+00  3.75981657e+00  2.43028822e+00  2.42844275e+00 -3.36769210e-05 
 9.23764000e-02  2.50070086e+00  3.76187532e+00  2.43235184e+00  2.43044086e+00 -3.36621055e-05 
 9.23814000e-02  2.50067811e+00  3.76400112e+00  2.43448223e+00  2.43250765e+00 -3.36468064e-05 
 9.23864000e-02  2.50065469e+00  3.76619183e+00  2.43667725e+00  2.43464105e+00 -3.36310389e-05 
 9.23914000e-02  2.50063062e+00  3.76844527e+00  2.43893471e+00  2.43683892e+00 -3.36148189e-05 
 9.23964000e-02  2.50060593e+00  3.77075918e+00  2.44125235e+00  2.43909907e+00 -3.35981626e-05 
 9.24014000e-02  2.50058065e+00  3.77313125e+00  2.44362786e+00  2.44141923e+00 -3.35810868e-05 
 9.24064000e-02  2.50055479e+00  3.77555911e+00  2.44605885e+00  2.44379709e+00 -3.35636086e-05 
 9.24114000e-02  2.50052838e+00  3.77804032e+00  2.44854291e+00  2.44623028e+00 -3.35457455e-05 
 9.24164000e-02  2.50050145e+00  3.78057243e+00  2.45107754e+00  2.44871635e+00 -3.35275155e-05 
 9.24214000e-02  2.50047403e+00  3.78315289e+00  2.45366023e+00  2.45125284e+00 -3.35089366e-05 
 9.24264000e-02  2.50044614e+00  3.78577914e+00  2.45628840e+00  2.45383720e+00 -3.34900276e-05 
 9.24314000e-02  2.50041780e+00  3.78844855e+00  2.45895942e+00  2.45646686e+00 -3.34708074e-05 
 9.24364000e-02  2.50038906e+00  3.79115847e+00  2.46167063e+00  2.45913920e+00 -3.34512951e-05 
 9.24414000e-02  2.50035993e+00  3.79390619e+00  2.46441934e+00  2.46185155e+00 -3.34315103e-05 
 9.24464000e-02  2.50033045e+00  3.79668898e+00  2.46720279e+00  2.46460121e+00 -3.34114727e-05 
 9.24514000e-02  2.50030064e+00  3.79950407e+00  2.47001824e+00  2.46738545e+00 -3.33912022e-05 
 9.24564000e-02  2.50027053e+00  3.80234865e+00  2.47286286e+00  2.47020149e+00 -3.33707191e-05 
 9.24614000e-02  2.50024016e+00  3.80521991e+00  2.47573385e+00  2.47304654e+00 -3.33500439e-05 
 9.24664000e-02  2.50020955e+00  3.80811498e+00  2.47862833e+00  2.47591775e+00 -3.33291970e-05 
 9.24714000e-02  2.50017873e+00  3.81103100e+00  2.48154344e+00  2.47881229e+00 -3.33081992e-05 
 9.24764000e-02  2.50014774e+00  3.81396506e+00  2.48447629e+00  2.48172727e+00 -3.32870714e-05 
 9.24814000e-02  2.50011660e+00  3.81691426e+00  2.48742396e+00  2.48465981e+00 -3.32658346e-05 
 9.24864000e-02  2.50008535e+00  3.81987568e+00  2.49038354e+00  2.48760699e+00 -3.32445098e-05 
 9.24914000e-02  2.50005401e+00  3.82284637e+00  2.49335209e+00  2.49056590e+00 -3.32231182e-05 
 9.24964000e-02  2.50002262e+00  3.82582340e+00  2.49632667e+00  2.49353359e+00 -3.32016810e-05 
 9.25014000e-02  2.49999120e+00  3.82880383e+00  2.49930434e+00  2.49650714e+00 -3.31802194e-05 
 9.25064000e-02  2.49995980e+00  3.83178470e+00  2.50228215e+00  2.49948360e+00 -3.31587546e-05 
 9.25114000e-02  2.49992843e+00  3.83476307e+00  2.50525717e+00  2.50246003e+00 -3.31373079e-05 
 9.25164000e-02  2.49989714e+00  3.83773599e+00  2.50822645e+00  2.50543349e+00 -3.31159004e-05 
 9.25214000e-02  2.49986594e+00  3.84070055e+00  2.51118706e+00  2.50840104e+00 -3.30945533e-05 
 9.25264000e-02  2.49983488e+00  3.84365380e+00  2.51413609e+00  2.51135975e+00 -3.30732876e-05 
 9.25314000e-02  2.49980399e+00  3.84659285e+00  2.51707063e+00  2.51430670e+00 -3.30521242e-05 
 9.25364000e-02  2.49977328e+00  3.84951479e+00  2.51998779e+00  2.51723900e+00 -3.30310840e-05 
 9.25414000e-02  2.49974280e+00  3.85241676e+00  2.52288470e+00  2.52015376e+00 -3.30101876e-05 
 9.25464000e-02  2.49971257e+00  3.85529590e+00  2.52575851e+00  2.52304810e+00 -3.29894556e-05 
 9.25514000e-02  2.49968263e+00  3.85814937e+00  2.52860640e+00  2.52591918e+00 -3.29689083e-05 
 9.25564000e-02  2.49965300e+00  3.86097439e+00  2.53142557e+00  2.52876418e+00 -3.29485659e-05 
 9.25614000e-02  2.49962371e+00  3.86376817e+00  2.53421325e+00  2.53158031e+00 -3.29284482e-05 
 9.25664000e-02  2.49959479e+00  3.86652798e+00  2.53696672e+00  2.53436481e+00 -3.29085750e-05 
 9.25714000e-02  2.49956628e+00  3.86925112e+00  2.53968328e+00  2.53711494e+00 -3.28889657e-05 
 9.25764000e-02  2.49953819e+00  3.87193492e+00  2.54236026e+00  2.53982802e+00 -3.28696394e-05 
 9.25814000e-02  2.49951056e+00  3.87457676e+00  2.54499506e+00  2.54250138e+00 -3.28506149e-05 
 9.25864000e-02  2.49948341e+00  3.87717405e+00  2.54758508e+00  2.54513241e+00 -3.28319109e-05 
 9.25914000e-02  2.49945677e+00  3.87972426e+00  2.55012782e+00  2.54771855e+00 -3.28135455e-05 
 9.25964000e-02  2.49943066e+00  3.88222489e+00  2.55262078e+00  2.55025727e+00 -3.27955367e-05 
 9.26014000e-02  2.49940512e+00  3.88467352e+00  2.55506154e+00  2.55274608e+00 -3.27779018e-05 
 9.26064000e-02  2.49938017e+00  3.88706776e+00  2.55744771e+00  2.55518257e+00 -3.27606580e-05 
 9.26114000e-02  2.49935582e+00  3.88940527e+00  2.55977698e+00  2.55756436e+00 -3.27438220e-05 
 9.26164000e-02  2.49933212e+00  3.89168378e+00  2.56204707e+00  2.55988913e+00 -3.27274102e-05 
 9.26214000e-02  2.49930907e+00  3.89390108e+00  2.56425579e+00  2.56215462e+00 -3.27114385e-05 
 9.26264000e-02  2.49928670e+00  3.89605501e+00  2.56640099e+00  2.56435863e+00 -3.26959222e-05 
 9.26314000e-02  2.49926504e+00  3.89814348e+00  2.56848058e+00  2.56649901e+00 -3.26808764e-05 
 9.26364000e-02  2.49924410e+00  3.90016447e+00  2.57049254e+00  2.56857370e+00 -3.26663156e-05 
 9.26414000e-02  2.49922391e+00  3.90211602e+00  2.57243493e+00  2.57058067e+00 -3.26522539e-05 
 9.26464000e-02  2.49920448e+00  3.90399623e+00  2.57430587e+00  2.57251799e+00 -3.26387048e-05 
 9.26514000e-02  2.49918584e+00  3.90580329e+00  2.57610355e+00  2.57438377e+00 -3.26256814e-05 
 9.26564000e-02  2.49916801e+00  3.90753545e+00  2.57782622e+00  2.57617621e+00 -3.26131961e-05 
 9.26614000e-02  2.49915099e+00  3.90919103e+00  2.57947222e+00  2.57789357e+00 -3.26012610e-05 
 9.26664000e-02  2.49913481e+00  3.91076844e+00  2.58103996e+00  2.57953421e+00 -3.25898876e-05 
 9.26714000e-02  2.49911949e+00  3.91226614e+00  2.58252792e+00  2.58109652e+00 -3.25790868e-05 
 9.26764000e-02  2.49910503e+00  3.91368271e+00  2.58393468e+00  2.58257901e+00 -3.25688690e-05 
 9.26814000e-02  2.49909146e+00  3.91501676e+00  2.58525887e+00  2.58398023e+00 -3.25592439e-05 
 9.26864000e-02  2.49907879e+00  3.91626701e+00  2.58649922e+00  2.58529885e+00 -3.25502208e-05 
 9.26914000e-02  2.49906702e+00  3.91743226e+00  2.58765452e+00  2.58653359e+00 -3.25418082e-05 
 9.26964000e-02  2.49905618e+00  3.91851139e+00  2.58872368e+00  2.58768325e+00 -3.25340144e-05 
 9.27014000e-02  2.49904626e+00  3.91950335e+00  2.58970566e+00  2.58874674e+00 -3.25268467e-05 
 9.27064000e-02  2.49903729e+00  3.92040719e+00  2.59059951e+00  2.58972302e+00 -3.25203120e-05 
 9.27114000e-02  2.49902927e+00  3.92122205e+00  2.59140438e+00  2.59061116e+00 -3.25144165e-05 
 9.27164000e-02  2.49902220e+00  3.92194713e+00  2.59211948e+00  2.59141030e+00 -3.25091658e-05 
 9.27214000e-02  2.49901610e+00  3.92258174e+00  2.59274414e+00  2.59211968e+00 -3.25045651e-05 
 9.27264000e-02  2.49901097e+00  3.92312527e+00  2.59327775e+00  2.59273862e+00 -3.25006186e-05 
 9.27314000e-02  2.49900682e+00  3.92357720e+00  2.59371980e+00  2.59326651e+00 -3.24973302e-05 
 9.27364000e-02  2.49900365e+00  3.92393709e+00  2.59406987e+00  2.59370285e+00 -3.24947030e-05 
 9.27414000e-02  2.49900146e+00  3.92420460e+00  2.59432761e+00  2.59404722e+00 -3.24927394e-05 
 9.27464000e-02  2.49900026e+00  3.92437947e+00  2.59449279e+00  2.59429929e+00 -3.24914415e-05 
 9.27514000e-02  2.49900004e+00  3.92446153e+00  2.59456524e+00  2.59445882e+00 -3.24908103e-05 
 9.27564000e-02  2.49900081e+00  3.92445070e+00  2.59454489e+00  2.59452565e+00 -3.24908466e-05 
 9.27614000e-02  2.49900256e+00  3.92434700e+00  2.59443176e+00  2.59449973e+00 -3.24915503e-05 
 9.27664000e-02  2.49900530e+00  3.92415052e+00  2.59422596e+00  2.59438107e+00 -3.24929207e-05 
 9.27714000e-02  2.49900903e+00  3.92386144e+00  2.59392770e+00  2.59416979e+00 -3.24949565e-05 
 9.27764000e-02  2.49901373e+00  3.92348006e+00  2.59353724e+00  2.59386610e+00 -3.24976558e-05 
 9.27814000e-02  2.49901940e+00  3.92300673e+00  2.59305498e+00  2.59347027e+00 -3.25010160e-05 
 9.27864000e-02  2.49902604e+00  3.92244191e+00  2.59248137e+00  2.59298271e+00 -3.25050339e-05 
 9.27914000e-02  2.49903364e+00  3.92178615e+00  2.59181697e+00  2.59240386e+00 -3.25097057e-05 
 9.27964000e-02  2.49904220e+00  3.92104006e+00  2.59106241e+00  2.59173430e+00 -3.25150269e-05 
 9.28014000e-02  2.49905170e+00  3.92020438e+00  2.59021842e+00  2.59097466e+00 -3.25209925e-05 
 9.28064000e-02  2.49906214e+00  3.91927989e+00  2.58928581e+00  2.59012567e+00 -3.25275967e-05 
 9.28114000e-02  2.49907350e+00  3.91826750e+00  2.58826548e+00  2.58918815e+00 -3.25348333e-05 
 9.28164000e-02  2.49908577e+00  3.91716818e+00  2.58715841e+00  2.58816301e+00 -3.25426952e-05 
 9.28214000e-02  2.49909895e+00  3.91598298e+00  2.58596567e+00  2.58705123e+00 -3.25511751e-05 
 9.28264000e-02  2.49911302e+00  3.91471305e+00  2.58468840e+00  2.58585387e+00 -3.25602648e-05 
 9.28314000e-02  2.49912796e+00  3.91335961e+00  2.58332784e+00  2.58457210e+00 -3.25699555e-05 
 9.28364000e-02  2.49914377e+00  3.91192396e+00  2.58188530e+00  2.58320715e+00 -3.25802381e-05 
 9.28414000e-02  2.49916042e+00  3.91040749e+00  2.58036217e+00  2.58176033e+00 -3.25911026e-05 
 9.28464000e-02  2.49917790e+00  3.90881167e+00  2.57875991e+00  2.58023305e+00 -3.26025386e-05 
 9.28514000e-02  2.49919618e+00  3.90713803e+00  2.57708009e+00  2.57862677e+00 -3.26145352e-05 
 9.28564000e-02  2.49921527e+00  3.90538820e+00  2.57532432e+00  2.57694304e+00 -3.26270808e-05 
 9.28614000e-02  2.49923512e+00  3.90356386e+00  2.57349430e+00  2.57518350e+00 -3.26401633e-05 
 9.28664000e-02  2.49925574e+00  3.90166678e+00  2.57159179e+00  2.57334985e+00 -3.26537702e-05 
 9.28714000e-02  2.49927708e+00  3.89969879e+00  2.56961865e+00  2.57144386e+00 -3.26678884e-05 
 9.28764000e-02  2.49929914e+00  3.89766181e+00  2.56757679e+00  2.56946737e+00 -3.26825042e-05 
 9.28814000e-02  2.49932189e+00  3.89555780e+00  2.56546817e+00  2.56742231e+00 -3.26976035e-05 
 9.28864000e-02  2.49934531e+00  3.89338881e+00  2.56329486e+00  2.56531065e+00 -3.27131719e-05 
 9.28914000e-02  2.49936938e+00  3.89115695e+00  2.56105896e+00  2.56313444e+00 -3.27291941e-05 
 9.28964000e-02  2.49939407e+00  3.88886438e+00  2.55876263e+00  2.56089580e+00 -3.27456548e-05 
 9.29014000e-02  2.49941935e+00  3.88651333e+00  2.55640813e+00  2.55859690e+00 -3.27625379e-05 
 9.29064000e-02  2.49944521e+00  3.88410609e+00  2.55399772e+00  2.55623997e+00 -3.27798272e-05 
 9.29114000e-02  2.49947162e+00  3.88164501e+00  2.55153377e+00  2.55382732e+00 -3.27975058e-05 
 9.29164000e-02  2.49949855e+00  3.87913247e+00  2.54901868e+00  2.55136128e+00 -3.28155566e-05 
 9.29214000e-02  2.49952597e+00  3.87657094e+00  2.54645489e+00  2.54884427e+00 -3.28339620e-05 
 9.29264000e-02  2.49955386e+00  3.87396291e+00  2.54384491e+00  2.54627874e+00 -3.28527042e-05 
 9.29314000e-02  2.49958220e+00  3.87131093e+00  2.54119129e+00  2.54366719e+00 -3.28717648e-05 
 9.29364000e-02  2.49961094e+00  3.86861760e+00  2.53849663e+00  2.54101217e+00 -3.28911253e-05 
 9.29414000e-02  2.49964007e+00  3.86588553e+00  2.53576355e+00  2.53831628e+00 -3.29107668e-05 
 9.29464000e-02  2.49966955e+00  3.86311742e+00  2.53299473e+00  2.53558215e+00 -3.29306701e-05 
 9.29514000e-02  2.49969936e+00  3.86031598e+00  2.53019290e+00  2.53281247e+00 -3.29508157e-05 
 9.29564000e-02  2.49972947e+00  3.85748394e+00  2.52736079e+00  2.53000995e+00 -3.29711840e-05 
 9.29614000e-02  2.49975984e+00  3.85462410e+00  2.52450118e+00  2.52717733e+00 -3.29917549e-05 
 9.29664000e-02  2.49979045e+00  3.85173925e+00  2.52161689e+00  2.52431740e+00 -3.30125084e-05 
 9.29714000e-02  2.49982127e+00  3.84883223e+00  2.51871074e+00  2.52143296e+00 -3.30334240e-05 
 9.29764000e-02  2.49985226e+00  3.84590591e+00  2.51578560e+00  2.51852686e+00 -3.30544811e-05 
 9.29814000e-02  2.49988340e+00  3.84296316e+00  2.51284434e+00  2.51560193e+00 -3.30756591e-05 
 9.29864000e-02  2.49991465e+00  3.84000688e+00  2.50988987e+00  2.51266108e+00 -3.30969372e-05 
 9.29914000e-02  2.49994599e+00  3.83703999e+00  2.50692509e+00  2.50970719e+00 -3.31182943e-05 
 9.29964000e-02  2.49997738e+00  3.83406541e+00  2.50395292e+00  2.50674317e+00 -3.31397094e-05 
 9.30014000e-02  2.50000880e+00  3.83108607e+00  2.50097631e+00  2.50377195e+00 -3.31611613e-05 
 9.30064000e-02  2.50004020e+00  3.82810493e+00  2.49799820e+00  2.50079647e+00 -3.31826290e-05 
 9.30114000e-02  2.50007157e+00  3.82512492e+00  2.49502152e+00  2.49781965e+00 -3.32040910e-05 
 9.30164000e-02  2.50010286e+00  3.82214900e+00  2.49204922e+00  2.49484445e+00 -3.32255263e-05 
 9.30214000e-02  2.50013406e+00  3.81918011e+00  2.48908424e+00  2.49187381e+00 -3.32469136e-05 
 9.30264000e-02  2.50016512e+00  3.81622119e+00  2.48612952e+00  2.48891066e+00 -3.32682316e-05 
 9.30314000e-02  2.50019601e+00  3.81327517e+00  2.48318799e+00  2.48595795e+00 -3.32894592e-05 
 9.30364000e-02  2.50022672e+00  3.81034498e+00  2.48026257e+00  2.48301859e+00 -3.33105754e-05 
 9.30414000e-02  2.50025720e+00  3.80743352e+00  2.47735615e+00  2.48009551e+00 -3.33315592e-05 
 9.30464000e-02  2.50028743e+00  3.80454368e+00  2.47447162e+00  2.47719160e+00 -3.33523896e-05 
 9.30514000e-02  2.50031737e+00  3.80167833e+00  2.47161185e+00  2.47430975e+00 -3.33730461e-05 
 9.30564000e-02  2.50034700e+00  3.79884033e+00  2.46877968e+00  2.47145282e+00 -3.33935079e-05 
 9.30614000e-02  2.50037629e+00  3.79603249e+00  2.46597793e+00  2.46862365e+00 -3.34137548e-05 
 9.30664000e-02  2.50040521e+00  3.79325760e+00  2.46320939e+00  2.46582504e+00 -3.34337664e-05 
 9.30714000e-02  2.50043372e+00  3.79051844e+00  2.46047680e+00  2.46305980e+00 -3.34535230e-05 
 9.30764000e-02  2.50046181e+00  3.78781772e+00  2.45778290e+00  2.46033067e+00 -3.34730047e-05 
 9.30814000e-02  2.50048944e+00  3.78515814e+00  2.45513037e+00  2.45764037e+00 -3.34921920e-05 
 9.30864000e-02  2.50051659e+00  3.78254235e+00  2.45252184e+00  2.45499157e+00 -3.35110659e-05 
 9.30914000e-02  2.50054323e+00  3.77997296e+00  2.44995993e+00  2.45238693e+00 -3.35296073e-05 
 9.30964000e-02  2.50056934e+00  3.77745253e+00  2.44744719e+00  2.44982904e+00 -3.35477978e-05 
 9.31014000e-02  2.50059488e+00  3.77498358e+00  2.44498613e+00  2.44732044e+00 -3.35656192e-05 
 9.31064000e-02  2.50061983e+00  3.77256858e+00  2.44257920e+00  2.44486365e+00 -3.35830535e-05 
 9.31114000e-02  2.50064418e+00  3.77020993e+00  2.44022882e+00  2.44246112e+00 -3.36000833e-05 
 9.31164000e-02  2.50066788e+00  3.76790999e+00  2.43793732e+00  2.44011525e+00 -3.36166916e-05 
 9.31214000e-02  2.50069093e+00  3.76567107e+00  2.43570701e+00  2.43782839e+00 -3.36328617e-05 
 9.31264000e-02  2.50071330e+00  3.76349540e+00  2.43354010e+00  2.43560281e+00 -3.36485773e-05 
 9.31314000e-02  2.50073496e+00  3.76138517e+00  2.43143877e+00  2.43344074e+00 -3.36638226e-05 
 9.31364000e-02  2.50075590e+00  3.75934247e+00  2.42940513e+00  2.43134436e+00 -3.36785824e-05 
 9.31414000e-02  2.50077609e+00  3.75736935e+00  2.42744120e+00  2.42931575e+00 -3.36928418e-05 
 9.31464000e-02  2.50079552e+00  3.75546780e+00  2.42554896e+00  2.42735695e+00 -3.37065865e-05 
 9.31514000e-02  2.50081416e+00  3.75363972e+00  2.42373030e+00  2.42546992e+00 -3.37198026e-05 
 9.31564000e-02  2.50083199e+00  3.75188693e+00  2.42198703e+00  2.42365655e+00 -3.37324769e-05 
 9.31614000e-02  2.50084901e+00  3.75021119e+00  2.42032092e+00  2.42191865e+00 -3.37445966e-05 
 9.31664000e-02  2.50086519e+00  3.74861419e+00  2.41873363e+00  2.42025797e+00 -3.37561495e-05 
 9.31714000e-02  2.50088051e+00  3.74709752e+00  2.41722674e+00  2.41867618e+00 -3.37671240e-05 
 9.31764000e-02  2.50089497e+00  3.74566271e+00  2.41580178e+00  2.41717485e+00 -3.37775090e-05 
 9.31814000e-02  2.50090854e+00  3.74431119e+00  2.41446017e+00  2.41575549e+00 -3.37872940e-05 
 9.31864000e-02  2.50092121e+00  3.74304432e+00  2.41320325e+00  2.41441953e+00 -3.37964693e-05 
 9.31914000e-02  2.50093298e+00  3.74186337e+00  2.41203229e+00  2.41316831e+00 -3.38050255e-05 
 9.31964000e-02  2.50094382e+00  3.74076952e+00  2.41094846e+00  2.41200308e+00 -3.38129540e-05 
 9.32014000e-02  2.50095374e+00  3.73976388e+00  2.40995285e+00  2.41092501e+00 -3.38202468e-05 
 9.32064000e-02  2.50096271e+00  3.73884745e+00  2.40904646e+00  2.40993518e+00 -3.38268967e-05 
 9.32114000e-02  2.50097073e+00  3.73802115e+00  2.40823020e+00  2.40903459e+00 -3.38328968e-05 
 9.32164000e-02  2.50097780e+00  3.73728582e+00  2.40750489e+00  2.40822414e+00 -3.38382411e-05 
 9.32214000e-02  2.50098390e+00  3.73664218e+00  2.40687125e+00  2.40750465e+00 -3.38429243e-05 
 9.32264000e-02  2.50098903e+00  3.73609089e+00  2.40632993e+00  2.40687683e+00 -3.38469415e-05 
 9.32314000e-02  2.50099318e+00  3.73563250e+00  2.40588147e+00  2.40634132e+00 -3.38502889e-05 
 9.32364000e-02  2.50099635e+00  3.73526747e+00  2.40552631e+00  2.40589866e+00 -3.38529629e-05 
 9.32414000e-02  2.50099854e+00  3.73499616e+00  2.40526481e+00  2.40554928e+00 -3.38549608e-05 
 9.32464000e-02  2.50099974e+00  3.73481886e+00  2.40509724e+00  2.40529355e+00 -3.38562808e-05 
 9.32514000e-02  2.50099996e+00  3.73473573e+00  2.40502377e+00  2.40513171e+00 -3.38569214e-05 
 9.32564000e-02  2.50099919e+00  3.73474686e+00  2.40504446e+00  2.40506394e+00 -3.38568820e-05 
 9.32614000e-02  2.50099744e+00  3.73485223e+00  2.40515930e+00  2.40509029e+00 -3.38561627e-05 
 9.32664000e-02  2.50099470e+00  3.73505175e+00  2.40536817e+00  2.40521074e+00 -3.38547641e-05 
 9.32714000e-02  2.50099097e+00  3.73534521e+00  2.40567087e+00  2.40542517e+00 -3.38526877e-05 
 9.32764000e-02  2.50098627e+00  3.73573232e+00  2.40606708e+00  2.40573337e+00 -3.38499356e-05 
 9.32814000e-02  2.50098060e+00  3.73621268e+00  2.40655641e+00  2.40613502e+00 -3.38465105e-05 
 9.32864000e-02  2.50097396e+00  3.73678582e+00  2.40713837e+00  2.40662972e+00 -3.38424160e-05 
 9.32914000e-02  2.50096636e+00  3.73745116e+00  2.40781238e+00  2.40721698e+00 -3.38376561e-05 
 9.32964000e-02  2.50095780e+00  3.73820803e+00  2.40857775e+00  2.40789620e+00 -3.38322358e-05 
 9.33014000e-02  2.50094830e+00  3.73905568e+00  2.40943372e+00  2.40866671e+00 -3.38261603e-05 
 9.33064000e-02  2.50093786e+00  3.73999324e+00  2.41037943e+00  2.40952773e+00 -3.38194359e-05 
 9.33114000e-02  2.50092650e+00  3.74101978e+00  2.41141393e+00  2.41047839e+00 -3.38120694e-05 
 9.33164000e-02  2.50091423e+00  3.74213427e+00  2.41253618e+00  2.41151774e+00 -3.38040681e-05 
 9.33214000e-02  2.50090105e+00  3.74333558e+00  2.41374506e+00  2.41264474e+00 -3.37954403e-05 
 9.33264000e-02  2.50088698e+00  3.74462253e+00  2.41503935e+00  2.41385825e+00 -3.37861944e-05 
 9.33314000e-02  2.50087204e+00  3.74599380e+00  2.41641775e+00  2.41515707e+00 -3.37763400e-05 
 9.33364000e-02  2.50085623e+00  3.74744803e+00  2.41787888e+00  2.41653988e+00 -3.37658869e-05 
 9.33414000e-02  2.50083958e+00  3.74898376e+00  2.41942128e+00  2.41800530e+00 -3.37548456e-05 
 9.33464000e-02  2.50082210e+00  3.75059945e+00  2.42104340e+00  2.41955186e+00 -3.37432273e-05 
 9.33514000e-02  2.50080382e+00  3.75229348e+00  2.42274362e+00  2.42117801e+00 -3.37310437e-05 
 9.33564000e-02  2.50078473e+00  3.75406415e+00  2.42452022e+00  2.42288211e+00 -3.37183070e-05 
 9.33614000e-02  2.50076488e+00  3.75590969e+00  2.42637143e+00  2.42466247e+00 -3.37050301e-05 
 9.33664000e-02  2.50074426e+00  3.75782824e+00  2.42829540e+00  2.42651729e+00 -3.36912262e-05 
 9.33714000e-02  2.50072292e+00  3.75981789e+00  2.43029019e+00  2.42844472e+00 -3.36769094e-05 
 9.33764000e-02  2.50070086e+00  3.76187665e+00  2.43235381e+00  2.43044283e+00 -3.36620940e-05 
 9.33814000e-02  2.50067811e+00  3.76400244e+00  2.43448420e+00  2.43250962e+00 -3.36467948e-05 
 9.33864000e-02  2.50065469e+00  3.76619316e+00  2.43667922e+00  2.43464302e+00 -3.36310273e-05 
 9.33914000e-02  2.50063062e+00  3.76844659e+00  2.43893668e+00  2.43684089e+00 -3.36148073e-05 
 9.33964000e-02  2.50060593e+00  3.77076050e+00  2.44125432e+00  2.43910104e+00 -3.35981511e-05 
 9.34014000e-02  2.50058065e+00  3.77313257e+00  2.44362983e+00  2.44142120e+00 -3.35810753e-05 
 9.34064000e-02  2.50055479e+00  3.77556043e+00  2.44606082e+00  2.44379906e+00 -3.35635971e-05 
 9.34114000e-02  2.50052838e+00  3.77804165e+00  2.44854488e+00  2.44623225e+00 -3.35457340e-05 
 9.34164000e-02  2.50050145e+00  3.78057375e+00  2.45107951e+00  2.44871832e+00 -3.35275039e-05 
 9.34214000e-02  2.50047403e+00  3.78315421e+00  2.45366220e+00  2.45125480e+00 -3.35089251e-05 
 9.34264000e-02  2.50044614e+00  3.78578046e+00  2.45629037e+00  2.45383916e+00 -3.34900161e-05 
 9.34314000e-02  2.50041780e+00  3.78844987e+00  2.45896139e+00  2.45646883e+00 -3.34707959e-05 
 9.34364000e-02  2.50038906e+00  3.79115979e+00  2.46167260e+00  2.45914116e+00 -3.34512836e-05 
 9.34414000e-02  2.50035993e+00  3.79390751e+00  2.46442130e+00  2.46185351e+00 -3.34314988e-05 
 9.34464000e-02  2.50033045e+00  3.79669030e+00  2.46720476e+00  2.46460318e+00 -3.34114612e-05 
 9.34514000e-02  2.50030064e+00  3.79950538e+00  2.47002020e+00  2.46738741e+00 -3.33911907e-05 
 9.34564000e-02  2.50027053e+00  3.80234997e+00  2.47286483e+00  2.47020346e+00 -3.33707076e-05 
 9.34614000e-02  2.50024016e+00  3.80522123e+00  2.47573581e+00  2.47304850e+00 -3.33500324e-05 
 9.34664000e-02  2.50020955e+00  3.80811630e+00  2.47863029e+00  2.47591971e+00 -3.33291855e-05 
 9.34714000e-02  2.50017873e+00  3.81103232e+00  2.48154540e+00  2.47881425e+00 -3.33081877e-05 
 9.34764000e-02  2.50014774e+00  3.81396638e+00  2.48447825e+00  2.48172923e+00 -3.32870599e-05 
 9.34814000e-02  2.50011660e+00  3.81691558e+00  2.48742592e+00  2.48466177e+00 -3.32658231e-05 
 9.34864000e-02  2.50008535e+00  3.81987699e+00  2.49038550e+00  2.48760895e+00 -3.32444983e-05 
 9.34914000e-02  2.50005401e+00  3.82284769e+00  2.49335405e+00  2.49056786e+00 -3.32231067e-05 
 9.34964000e-02  2.50002262e+00  3.82582472e+00  2.49632863e+00  2.49353555e+00 -3.32016695e-05 
 9.35014000e-02  2.49999120e+00  3.82880514e+00  2.49930630e+00  2.49650910e+00 -3.31802079e-05 
 9.35064000e-02  2.49995980e+00  3.83178601e+00  2.50228411e+00  2.49948556e+00 -3.31587432e-05 
 9.35114000e-02  2.49992843e+00  3.83476438e+00  2.50525912e+00  2.50246199e+00 -3.31372965e-05 
 9.35164000e-02  2.49989714e+00  3.83773731e+00  2.50822840e+00  2.50543544e+00 -3.31158890e-05 
 9.35214000e-02  2.49986594e+00  3.84070186e+00  2.51118902e+00  2.50840299e+00 -3.30945419e-05 
 9.35264000e-02  2.49983488e+00  3.84365512e+00  2.51413805e+00  2.51136170e+00 -3.30732762e-05 
 9.35314000e-02  2.49980399e+00  3.84659416e+00  2.51707259e+00  2.51430866e+00 -3.30521128e-05 
 9.35364000e-02  2.49977328e+00  3.84951611e+00  2.51998975e+00  2.51724096e+00 -3.30310726e-05 
 9.35414000e-02  2.49974280e+00  3.85241807e+00  2.52288665e+00  2.52015571e+00 -3.30101762e-05 
 9.35464000e-02  2.49971257e+00  3.85529721e+00  2.52576046e+00  2.52305005e+00 -3.29894442e-05 
 9.35514000e-02  2.49968263e+00  3.85815068e+00  2.52860835e+00  2.52592113e+00 -3.29688969e-05 
 9.35564000e-02  2.49965300e+00  3.86097570e+00  2.53142752e+00  2.52876613e+00 -3.29485545e-05 
 9.35614000e-02  2.49962371e+00  3.86376948e+00  2.53421520e+00  2.53158226e+00 -3.29284368e-05 
 9.35664000e-02  2.49959479e+00  3.86652930e+00  2.53696867e+00  2.53436676e+00 -3.29085636e-05 
 9.35714000e-02  2.49956628e+00  3.86925243e+00  2.53968523e+00  2.53711689e+00 -3.28889543e-05 
 9.35764000e-02  2.49953819e+00  3.87193623e+00  2.54236221e+00  2.53982997e+00 -3.28696280e-05 
 9.35814000e-02  2.49951056e+00  3.87457807e+00  2.54499700e+00  2.54250333e+00 -3.28506035e-05 
 9.35864000e-02  2.49948341e+00  3.87717536e+00  2.54758703e+00  2.54513436e+00 -3.28318995e-05 
 9.35914000e-02  2.49945677e+00  3.87972556e+00  2.55012977e+00  2.54772050e+00 -3.28135342e-05 
 9.35964000e-02  2.49943066e+00  3.88222620e+00  2.55262273e+00  2.55025921e+00 -3.27955253e-05 
 9.36014000e-02  2.49940512e+00  3.88467483e+00  2.55506348e+00  2.55274803e+00 -3.27778904e-05 
 9.36064000e-02  2.49938017e+00  3.88706906e+00  2.55744966e+00  2.55518452e+00 -3.27606466e-05 
 9.36114000e-02  2.49935582e+00  3.88940657e+00  2.55977892e+00  2.55756630e+00 -3.27438106e-05 
 9.36164000e-02  2.49933212e+00  3.89168509e+00  2.56204902e+00  2.55989107e+00 -3.27273989e-05 
 9.36214000e-02  2.49930907e+00  3.89390238e+00  2.56425774e+00  2.56215656e+00 -3.27114271e-05 
 9.36264000e-02  2.49928670e+00  3.89605631e+00  2.56640293e+00  2.56436057e+00 -3.26959108e-05 
 9.36314000e-02  2.49926504e+00  3.89814479e+00  2.56848252e+00  2.56650095e+00 -3.26808651e-05 
 9.36364000e-02  2.49924410e+00  3.90016578e+00  2.57049448e+00  2.56857564e+00 -3.26663043e-05 
 9.36414000e-02  2.49922391e+00  3.90211732e+00  2.57243688e+00  2.57058261e+00 -3.26522426e-05 
 9.36464000e-02  2.49920448e+00  3.90399754e+00  2.57430781e+00  2.57251993e+00 -3.26386935e-05 
 9.36514000e-02  2.49918584e+00  3.90580459e+00  2.57610549e+00  2.57438571e+00 -3.26256700e-05 
 9.36564000e-02  2.49916801e+00  3.90753675e+00  2.57782816e+00  2.57617815e+00 -3.26131848e-05 
 9.36614000e-02  2.49915099e+00  3.90919233e+00  2.57947416e+00  2.57789551e+00 -3.26012497e-05 
 9.36664000e-02  2.49913481e+00  3.91076974e+00  2.58104190e+00  2.57953615e+00 -3.25898763e-05 
 9.36714000e-02  2.49911949e+00  3.91226745e+00  2.58252986e+00  2.58109846e+00 -3.25790755e-05 
 9.36764000e-02  2.49910503e+00  3.91368401e+00  2.58393662e+00  2.58258095e+00 -3.25688577e-05 
 9.36814000e-02  2.49909146e+00  3.91501806e+00  2.58526081e+00  2.58398217e+00 -3.25592325e-05 
 9.36864000e-02  2.49907879e+00  3.91626831e+00  2.58650115e+00  2.58530079e+00 -3.25502094e-05 
 9.36914000e-02  2.49906702e+00  3.91743356e+00  2.58765646e+00  2.58653552e+00 -3.25417969e-05 
 9.36964000e-02  2.49905618e+00  3.91851269e+00  2.58872562e+00  2.58768519e+00 -3.25340031e-05 
 9.37014000e-02  2.49904626e+00  3.91950465e+00  2.58970759e+00  2.58874867e+00 -3.25268354e-05 
 9.37064000e-02  2.49903729e+00  3.92040849e+00  2.59060144e+00  2.58972496e+00 -3.25203006e-05 
 9.37114000e-02  2.49902927e+00  3.92122335e+00  2.59140631e+00  2.59061310e+00 -3.25144051e-05 
 9.37164000e-02  2.49902220e+00  3.92194843e+00  2.59212142e+00  2.59141224e+00 -3.25091545e-05 
 9.37214000e-02  2.49901610e+00  3.92258304e+00  2.59274607e+00  2.59212162e+00 -3.25045538e-05 
 9.37264000e-02  2.49901097e+00  3.92312657e+00  2.59327969e+00  2.59274055e+00 -3.25006073e-05 
 9.37314000e-02  2.49900682e+00  3.92357850e+00  2.59372174e+00  2.59326844e+00 -3.24973189e-05 
 9.37364000e-02  2.49900365e+00  3.92393839e+00  2.59407180e+00  2.59370478e+00 -3.24946917e-05 
 9.37414000e-02  2.49900146e+00  3.92420590e+00  2.59432955e+00  2.59404915e+00 -3.24927281e-05 
 9.37464000e-02  2.49900026e+00  3.92438077e+00  2.59449472e+00  2.59430122e+00 -3.24914302e-05 
 9.37514000e-02  2.49900004e+00  3.92446283e+00  2.59456717e+00  2.59446075e+00 -3.24907990e-05 
 9.37564000e-02  2.49900081e+00  3.92445200e+00  2.59454682e+00  2.59452759e+00 -3.24908353e-05 
 9.37614000e-02  2.49900256e+00  3.92434830e+00  2.59443369e+00  2.59450166e+00 -3.24915390e-05 
 9.37664000e-02  2.49900530e+00  3.92415181e+00  2.59422790e+00  2.59438300e+00 -3.24929094e-05 
 9.37714000e-02  2.49900903e+00  3.92386274e+00  2.59392963e+00  2.59417172e+00 -3.24949452e-05 
 9.37764000e-02  2.49901373e+00  3.92348136e+00  2.59353918e+00  2.59386803e+00 -3.24976445e-05 
 9.37814000e-02  2.49901940e+00  3.92300803e+00  2.59305691e+00  2.59347221e+00 -3.25010047e-05 
 9.37864000e-02  2.49902604e+00  3.92244321e+00  2.59248331e+00  2.59298464e+00 -3.25050226e-05 
 9.37914000e-02  2.49903364e+00  3.92178745e+00  2.59181890e+00  2.59240579e+00 -3.25096944e-05 
 9.37964000e-02  2.49904220e+00  3.92104136e+00  2.59106434e+00  2.59173623e+00 -3.25150156e-05 
 9.38014000e-02  2.49905170e+00  3.92020568e+00  2.59022035e+00  2.59097659e+00 -3.25209812e-05 
 9.38064000e-02  2.49906214e+00  3.91928119e+00  2.58928774e+00  2.59012760e+00 -3.25275854e-05 
 9.38114000e-02  2.49907350e+00  3.91826880e+00  2.58826741e+00  2.58919009e+00 -3.25348220e-05 
 9.38164000e-02  2.49908577e+00  3.91716948e+00  2.58716034e+00  2.58816494e+00 -3.25426839e-05 
 9.38214000e-02  2.49909895e+00  3.91598428e+00  2.58596760e+00  2.58705316e+00 -3.25511638e-05 
 9.38264000e-02  2.49911302e+00  3.91471435e+00  2.58469033e+00  2.58585580e+00 -3.25602535e-05 
 9.38314000e-02  2.49912796e+00  3.91336091e+00  2.58332977e+00  2.58457403e+00 -3.25699442e-05 
 9.38364000e-02  2.49914377e+00  3.91192526e+00  2.58188723e+00  2.58320908e+00 -3.25802268e-05 
 9.38414000e-02  2.49916042e+00  3.91040879e+00  2.58036410e+00  2.58176226e+00 -3.25910913e-05 
 9.38464000e-02  2.49917790e+00  3.90881297e+00  2.57876184e+00  2.58023498e+00 -3.26025273e-05 
 9.38514000e-02  2.49919618e+00  3.90713933e+00  2.57708202e+00  2.57862870e+00 -3.26145238e-05 
 9.38564000e-02  2.49921527e+00  3.90538950e+00  2.57532625e+00  2.57694497e+00 -3.26270694e-05 
 9.38614000e-02  2.49923512e+00  3.90356516e+00  2.57349623e+00  2.57518543e+00 -3.26401520e-05 
 9.38664000e-02  2.49925574e+00  3.90166808e+00  2.57159372e+00  2.57335178e+00 -3.26537589e-05 
 9.38714000e-02  2.49927708e+00  3.89970009e+00  2.56962058e+00  2.57144579e+00 -3.26678770e-05 
 9.38764000e-02  2.49929914e+00  3.89766311e+00  2.56757872e+00  2.56946930e+00 -3.26824928e-05 
 9.38814000e-02  2.49932189e+00  3.89555910e+00  2.56547010e+00  2.56742424e+00 -3.26975922e-05 
 9.38864000e-02  2.49934531e+00  3.89339012e+00  2.56329679e+00  2.56531258e+00 -3.27131605e-05 
 9.38914000e-02  2.49936938e+00  3.89115825e+00  2.56106089e+00  2.56313637e+00 -3.27291828e-05 
 9.38964000e-02  2.49939407e+00  3.88886568e+00  2.55876456e+00  2.56089773e+00 -3.27456435e-05 
 9.39014000e-02  2.49941935e+00  3.88651464e+00  2.55641006e+00  2.55859883e+00 -3.27625266e-05 
 9.39064000e-02  2.49944521e+00  3.88410740e+00  2.55399965e+00  2.55624190e+00 -3.27798159e-05 
 9.39114000e-02  2.49947162e+00  3.88164631e+00  2.55153570e+00  2.55382925e+00 -3.27974945e-05 
 9.39164000e-02  2.49949855e+00  3.87913378e+00  2.54902061e+00  2.55136321e+00 -3.28155453e-05 
 9.39214000e-02  2.49952597e+00  3.87657225e+00  2.54645682e+00  2.54884620e+00 -3.28339507e-05 
 9.39264000e-02  2.49955386e+00  3.87396422e+00  2.54384684e+00  2.54628067e+00 -3.28526928e-05 
 9.39314000e-02  2.49958220e+00  3.87131224e+00  2.54119322e+00  2.54366912e+00 -3.28717535e-05 
 9.39364000e-02  2.49961094e+00  3.86861890e+00  2.53849856e+00  2.54101410e+00 -3.28911140e-05 
 9.39414000e-02  2.49964007e+00  3.86588684e+00  2.53576548e+00  2.53831821e+00 -3.29107554e-05 
 9.39464000e-02  2.49966955e+00  3.86311873e+00  2.53299666e+00  2.53558408e+00 -3.29306587e-05 
 9.39514000e-02  2.49969936e+00  3.86031728e+00  2.53019483e+00  2.53281441e+00 -3.29508044e-05 
 9.39564000e-02  2.49972947e+00  3.85748525e+00  2.52736272e+00  2.53001188e+00 -3.29711726e-05 
 9.39614000e-02  2.49975984e+00  3.85462540e+00  2.52450311e+00  2.52717927e+00 -3.29917436e-05 
 9.39664000e-02  2.49979045e+00  3.85174056e+00  2.52161882e+00  2.52431933e+00 -3.30124970e-05 
 9.39714000e-02  2.49982127e+00  3.84883354e+00  2.51871267e+00  2.52143490e+00 -3.30334126e-05 
 9.39764000e-02  2.49985226e+00  3.84590722e+00  2.51578753e+00  2.51852879e+00 -3.30544697e-05 
 9.39814000e-02  2.49988340e+00  3.84296447e+00  2.51284627e+00  2.51560387e+00 -3.30756478e-05 
 9.39864000e-02  2.49991465e+00  3.84000819e+00  2.50989180e+00  2.51266301e+00 -3.30969258e-05 
 9.39914000e-02  2.49994599e+00  3.83704130e+00  2.50692702e+00  2.50970912e+00 -3.31182829e-05 
 9.39964000e-02  2.49997738e+00  3.83406671e+00  2.50395486e+00  2.50674510e+00 -3.31396980e-05 
 9.40014000e-02  2.50000880e+00  3.83108738e+00  2.50097825e+00  2.50377389e+00 -3.31611500e-05 
 9.40064000e-02  2.50004020e+00  3.82810624e+00  2.49800013e+00  2.50079840e+00 -3.31826176e-05 
 9.40114000e-02  2.50007157e+00  3.82512623e+00  2.49502345e+00  2.49782159e+00 -3.32040797e-05 
 9.40164000e-02  2.50010286e+00  3.82215031e+00  2.49205115e+00  2.49484639e+00 -3.32255149e-05 
 9.40214000e-02  2.50013406e+00  3.81918142e+00  2.48908617e+00  2.49187574e+00 -3.32469022e-05 
 9.40264000e-02  2.50016512e+00  3.81622250e+00  2.48613145e+00  2.48891260e+00 -3.32682202e-05 
 9.40314000e-02  2.50019601e+00  3.81327648e+00  2.48318992e+00  2.48595988e+00 -3.32894478e-05 
 9.40364000e-02  2.50022672e+00  3.81034629e+00  2.48026450e+00  2.48302053e+00 -3.33105640e-05 
 9.40414000e-02  2.50025720e+00  3.80743483e+00  2.47735808e+00  2.48009744e+00 -3.33315478e-05 
 9.40464000e-02  2.50028743e+00  3.80454499e+00  2.47447355e+00  2.47719354e+00 -3.33523782e-05 
 9.40514000e-02  2.50031737e+00  3.80167964e+00  2.47161378e+00  2.47431168e+00 -3.33730347e-05 
 9.40564000e-02  2.50034700e+00  3.79884164e+00  2.46878162e+00  2.47145475e+00 -3.33934965e-05 
 9.40614000e-02  2.50037629e+00  3.79603380e+00  2.46597987e+00  2.46862558e+00 -3.34137434e-05 
 9.40664000e-02  2.50040521e+00  3.79325891e+00  2.46321132e+00  2.46582698e+00 -3.34337550e-05 
 9.40714000e-02  2.50043372e+00  3.79051975e+00  2.46047874e+00  2.46306174e+00 -3.34535116e-05 
 9.40764000e-02  2.50046181e+00  3.78781903e+00  2.45778483e+00  2.46033260e+00 -3.34729933e-05 
 9.40814000e-02  2.50048944e+00  3.78515945e+00  2.45513230e+00  2.45764230e+00 -3.34921806e-05 
 9.40864000e-02  2.50051659e+00  3.78254366e+00  2.45252378e+00  2.45499351e+00 -3.35110544e-05 
 9.40914000e-02  2.50054323e+00  3.77997427e+00  2.44996187e+00  2.45238886e+00 -3.35295959e-05 
 9.40964000e-02  2.50056934e+00  3.77745384e+00  2.44744913e+00  2.44983097e+00 -3.35477864e-05 
 9.41014000e-02  2.50059488e+00  3.77498490e+00  2.44498806e+00  2.44732238e+00 -3.35656077e-05 
 9.41064000e-02  2.50061983e+00  3.77256989e+00  2.44258114e+00  2.44486559e+00 -3.35830421e-05 
 9.41114000e-02  2.50064418e+00  3.77021124e+00  2.44023075e+00  2.44246306e+00 -3.36000719e-05 
 9.41164000e-02  2.50066788e+00  3.76791131e+00  2.43793925e+00  2.44011719e+00 -3.36166802e-05 
 9.41214000e-02  2.50069093e+00  3.76567239e+00  2.43570894e+00  2.43783032e+00 -3.36328502e-05 
 9.41264000e-02  2.50071330e+00  3.76349672e+00  2.43354203e+00  2.43560474e+00 -3.36485658e-05 
 9.41314000e-02  2.50073496e+00  3.76138648e+00  2.43144071e+00  2.43344268e+00 -3.36638112e-05 
 9.41364000e-02  2.50075590e+00  3.75934378e+00  2.42940706e+00  2.43134629e+00 -3.36785710e-05 
 9.41414000e-02  2.50077609e+00  3.75737067e+00  2.42744314e+00  2.42931769e+00 -3.36928304e-05 
 9.41464000e-02  2.50079552e+00  3.75546912e+00  2.42555089e+00  2.42735889e+00 -3.37065751e-05 
 9.41514000e-02  2.50081416e+00  3.75364103e+00  2.42373223e+00  2.42547185e+00 -3.37197912e-05 
 9.41564000e-02  2.50083199e+00  3.75188824e+00  2.42198897e+00  2.42365848e+00 -3.37324655e-05 
 9.41614000e-02  2.50084901e+00  3.75021251e+00  2.42032285e+00  2.42192059e+00 -3.37445852e-05 
 9.41664000e-02  2.50086519e+00  3.74861550e+00  2.41873556e+00  2.42025991e+00 -3.37561381e-05 
 9.41714000e-02  2.50088051e+00  3.74709884e+00  2.41722868e+00  2.41867811e+00 -3.37671126e-05 
 9.41764000e-02  2.50089497e+00  3.74566402e+00  2.41580371e+00  2.41717678e+00 -3.37774976e-05 
 9.41814000e-02  2.50090854e+00  3.74431250e+00  2.41446210e+00  2.41575742e+00 -3.37872826e-05 
 9.41864000e-02  2.50092121e+00  3.74304563e+00  2.41320518e+00  2.41442146e+00 -3.37964578e-05 
 9.41914000e-02  2.50093298e+00  3.74186468e+00  2.41203422e+00  2.41317024e+00 -3.38050140e-05 
 9.41964000e-02  2.50094382e+00  3.74077084e+00  2.41095039e+00  2.41200501e+00 -3.38129426e-05 
 9.42014000e-02  2.50095374e+00  3.73976520e+00  2.40995478e+00  2.41092694e+00 -3.38202354e-05 
 9.42064000e-02  2.50096271e+00  3.73884877e+00  2.40904839e+00  2.40993711e+00 -3.38268852e-05 
 9.42114000e-02  2.50097073e+00  3.73802247e+00  2.40823213e+00  2.40903652e+00 -3.38328853e-05 
 9.42164000e-02  2.50097780e+00  3.73728713e+00  2.40750682e+00  2.40822607e+00 -3.38382297e-05 
 9.42214000e-02  2.50098390e+00  3.73664350e+00  2.40687318e+00  2.40750658e+00 -3.38429128e-05 
 9.42264000e-02  2.50098903e+00  3.73609221e+00  2.40633186e+00  2.40687876e+00 -3.38469301e-05 
 9.42314000e-02  2.50099318e+00  3.73563382e+00  2.40588340e+00  2.40634325e+00 -3.38502774e-05 
 9.42364000e-02  2.50099635e+00  3.73526879e+00  2.40552824e+00  2.40590059e+00 -3.38529514e-05 
 9.42414000e-02  2.50099854e+00  3.73499748e+00  2.40526674e+00  2.40555121e+00 -3.38549494e-05 
 9.42464000e-02  2.50099974e+00  3.73482017e+00  2.40509917e+00  2.40529548e+00 -3.38562694e-05 
 9.42514000e-02  2.50099996e+00  3.73473704e+00  2.40502570e+00  2.40513364e+00 -3.38569100e-05 
 9.42564000e-02  2.50099919e+00  3.73474817e+00  2.40504639e+00  2.40506586e+00 -3.38568706e-05 
 9.42614000e-02  2.50099744e+00  3.73485355e+00  2.40516123e+00  2.40509221e+00 -3.38561512e-05 
 9.42664000e-02  2.50099470e+00  3.73505307e+00  2.40537010e+00  2.40521267e+00 -3.38547527e-05 
 9.42714000e-02  2.50099097e+00  3.73534653e+00  2.40567279e+00  2.40542710e+00 -3.38526763e-05 
 9.42764000e-02  2.50098627e+00  3.73573363e+00  2.40606901e+00  2.40573529e+00 -3.38499242e-05 
 9.42814000e-02  2.50098060e+00  3.73621400e+00  2.40655834e+00  2.40613695e+00 -3.38464991e-05 
 9.42864000e-02  2.50097396e+00  3.73678714e+00  2.40714030e+00  2.40663165e+00 -3.38424046e-05 
 9.42914000e-02  2.50096636e+00  3.73745248e+00  2.40781430e+00  2.40721891e+00 -3.38376447e-05 
 9.42964000e-02  2.50095780e+00  3.73820935e+00  2.40857967e+00  2.40789813e+00 -3.38322243e-05 
 9.43014000e-02  2.50094830e+00  3.73905699e+00  2.40943564e+00  2.40866864e+00 -3.38261489e-05 
 9.43064000e-02  2.50093786e+00  3.73999455e+00  2.41038135e+00  2.40952965e+00 -3.38194245e-05 
 9.43114000e-02  2.50092650e+00  3.74102109e+00  2.41141585e+00  2.41048031e+00 -3.38120580e-05 
 9.43164000e-02  2.50091423e+00  3.74213558e+00  2.41253810e+00  2.41151966e+00 -3.38040567e-05 
 9.43214000e-02  2.50090105e+00  3.74333690e+00  2.41374698e+00  2.41264666e+00 -3.37954289e-05 
 9.43264000e-02  2.50088698e+00  3.74462384e+00  2.41504127e+00  2.41386018e+00 -3.37861830e-05 
 9.43314000e-02  2.50087204e+00  3.74599512e+00  2.41641967e+00  2.41515899e+00 -3.37763286e-05 
 9.43364000e-02  2.50085623e+00  3.74744935e+00  2.41788081e+00  2.41654180e+00 -3.37658755e-05 
 9.43414000e-02  2.50083958e+00  3.74898508e+00  2.41942321e+00  2.41800722e+00 -3.37548342e-05 
 9.43464000e-02  2.50082210e+00  3.75060077e+00  2.42104533e+00  2.41955378e+00 -3.37432159e-05 
 9.43514000e-02  2.50080382e+00  3.75229480e+00  2.42274554e+00  2.42117993e+00 -3.37310323e-05 
 9.43564000e-02  2.50078473e+00  3.75406546e+00  2.42452214e+00  2.42288403e+00 -3.37182956e-05 
 9.43614000e-02  2.50076488e+00  3.75591100e+00  2.42637335e+00  2.42466439e+00 -3.37050187e-05 
 9.43664000e-02  2.50074426e+00  3.75782955e+00  2.42829732e+00  2.42651921e+00 -3.36912148e-05 
 9.43714000e-02  2.50072292e+00  3.75981920e+00  2.43029211e+00  2.42844664e+00 -3.36768980e-05 
 9.43764000e-02  2.50070086e+00  3.76187796e+00  2.43235573e+00  2.43044475e+00 -3.36620826e-05 
 9.43814000e-02  2.50067811e+00  3.76400375e+00  2.43448612e+00  2.43251154e+00 -3.36467835e-05 
 9.43864000e-02  2.50065469e+00  3.76619447e+00  2.43668114e+00  2.43464494e+00 -3.36310160e-05 
 9.43914000e-02  2.50063062e+00  3.76844791e+00  2.43893860e+00  2.43684281e+00 -3.36147960e-05 
 9.43964000e-02  2.50060593e+00  3.77076181e+00  2.44125624e+00  2.43910296e+00 -3.35981397e-05 
 9.44014000e-02  2.50058065e+00  3.77313388e+00  2.44363174e+00  2.44142312e+00 -3.35810639e-05 
 9.44064000e-02  2.50055479e+00  3.77556174e+00  2.44606274e+00  2.44380098e+00 -3.35635857e-05 
 9.44114000e-02  2.50052838e+00  3.77804296e+00  2.44854679e+00  2.44623416e+00 -3.35457227e-05 
 9.44164000e-02  2.50050145e+00  3.78057506e+00  2.45108143e+00  2.44872024e+00 -3.35274926e-05 
 9.44214000e-02  2.50047403e+00  3.78315552e+00  2.45366412e+00  2.45125672e+00 -3.35089137e-05 
 9.44264000e-02  2.50044614e+00  3.78578177e+00  2.45629228e+00  2.45384108e+00 -3.34900048e-05 
 9.44314000e-02  2.50041780e+00  3.78845118e+00  2.45896330e+00  2.45647074e+00 -3.34707845e-05 
 9.44364000e-02  2.50038906e+00  3.79116110e+00  2.46167451e+00  2.45914308e+00 -3.34512723e-05 
 9.44414000e-02  2.50035993e+00  3.79390882e+00  2.46442321e+00  2.46185543e+00 -3.34314874e-05 
 9.44464000e-02  2.50033045e+00  3.79669160e+00  2.46720667e+00  2.46460509e+00 -3.34114498e-05 
 9.44514000e-02  2.50030064e+00  3.79950669e+00  2.47002211e+00  2.46738933e+00 -3.33911794e-05 
 9.44564000e-02  2.50027053e+00  3.80235128e+00  2.47286674e+00  2.47020537e+00 -3.33706963e-05 
 9.44614000e-02  2.50024016e+00  3.80522253e+00  2.47573772e+00  2.47305041e+00 -3.33500211e-05 
 9.44664000e-02  2.50020955e+00  3.80811761e+00  2.47863220e+00  2.47592163e+00 -3.33291742e-05 
 9.44714000e-02  2.50017873e+00  3.81103362e+00  2.48154731e+00  2.47881616e+00 -3.33081764e-05 
 9.44764000e-02  2.50014774e+00  3.81396768e+00  2.48448016e+00  2.48173114e+00 -3.32870486e-05 
 9.44814000e-02  2.50011660e+00  3.81691688e+00  2.48742783e+00  2.48466368e+00 -3.32658118e-05 
 9.44864000e-02  2.50008535e+00  3.81987830e+00  2.49038741e+00  2.48761086e+00 -3.32444870e-05 
 9.44914000e-02  2.50005401e+00  3.82284899e+00  2.49335595e+00  2.49056976e+00 -3.32230954e-05 
 9.44964000e-02  2.50002262e+00  3.82582602e+00  2.49633053e+00  2.49353746e+00 -3.32016582e-05 
 9.45014000e-02  2.49999120e+00  3.82880644e+00  2.49930820e+00  2.49651101e+00 -3.31801966e-05 
 9.45064000e-02  2.49995980e+00  3.83178731e+00  2.50228601e+00  2.49948747e+00 -3.31587319e-05 
 9.45114000e-02  2.49992843e+00  3.83476568e+00  2.50526103e+00  2.50246389e+00 -3.31372852e-05 
 9.45164000e-02  2.49989714e+00  3.83773861e+00  2.50823031e+00  2.50543735e+00 -3.31158777e-05 
 9.45214000e-02  2.49986594e+00  3.84070316e+00  2.51119092e+00  2.50840490e+00 -3.30945306e-05 
 9.45264000e-02  2.49983488e+00  3.84365642e+00  2.51413995e+00  2.51136361e+00 -3.30732649e-05 
 9.45314000e-02  2.49980399e+00  3.84659546e+00  2.51707449e+00  2.51431056e+00 -3.30521015e-05 
 9.45364000e-02  2.49977328e+00  3.84951741e+00  2.51999165e+00  2.51724286e+00 -3.30310613e-05 
 9.45414000e-02  2.49974280e+00  3.85241937e+00  2.52288856e+00  2.52015761e+00 -3.30101649e-05 
 9.45464000e-02  2.49971257e+00  3.85529851e+00  2.52576236e+00  2.52305195e+00 -3.29894329e-05 
 9.45514000e-02  2.49968263e+00  3.85815198e+00  2.52861025e+00  2.52592303e+00 -3.29688857e-05 
 9.45564000e-02  2.49965300e+00  3.86097700e+00  2.53142942e+00  2.52876803e+00 -3.29485432e-05 
 9.45614000e-02  2.49962371e+00  3.86377078e+00  2.53421710e+00  2.53158416e+00 -3.29284256e-05 
 9.45664000e-02  2.49959479e+00  3.86653059e+00  2.53697057e+00  2.53436866e+00 -3.29085524e-05 
 9.45714000e-02  2.49956628e+00  3.86925373e+00  2.53968712e+00  2.53711879e+00 -3.28889430e-05 
 9.45764000e-02  2.49953819e+00  3.87193753e+00  2.54236411e+00  2.53983186e+00 -3.28696167e-05 
 9.45814000e-02  2.49951056e+00  3.87457936e+00  2.54499890e+00  2.54250522e+00 -3.28505923e-05 
 9.45864000e-02  2.49948341e+00  3.87717665e+00  2.54758893e+00  2.54513626e+00 -3.28318883e-05 
 9.45914000e-02  2.49945677e+00  3.87972686e+00  2.55013166e+00  2.54772240e+00 -3.28135229e-05 
 9.45964000e-02  2.49943066e+00  3.88222749e+00  2.55262462e+00  2.55026111e+00 -3.27955140e-05 
 9.46014000e-02  2.49940512e+00  3.88467612e+00  2.55506538e+00  2.55274992e+00 -3.27778791e-05 
 9.46064000e-02  2.49938017e+00  3.88707036e+00  2.55745155e+00  2.55518641e+00 -3.27606354e-05 
 9.46114000e-02  2.49935582e+00  3.88940787e+00  2.55978082e+00  2.55756820e+00 -3.27437994e-05 
 9.46164000e-02  2.49933212e+00  3.89168638e+00  2.56205091e+00  2.55989297e+00 -3.27273876e-05 
 9.46214000e-02  2.49930907e+00  3.89390368e+00  2.56425963e+00  2.56215845e+00 -3.27114159e-05 
 9.46264000e-02  2.49928670e+00  3.89605761e+00  2.56640482e+00  2.56436246e+00 -3.26958996e-05 
 9.46314000e-02  2.49926504e+00  3.89814608e+00  2.56848441e+00  2.56650285e+00 -3.26808538e-05 
 9.46364000e-02  2.49924410e+00  3.90016707e+00  2.57049637e+00  2.56857753e+00 -3.26662931e-05 
 9.46414000e-02  2.49922391e+00  3.90211861e+00  2.57243877e+00  2.57058450e+00 -3.26522314e-05 
 9.46464000e-02  2.49920448e+00  3.90399883e+00  2.57430970e+00  2.57252182e+00 -3.26386823e-05 
 9.46514000e-02  2.49918584e+00  3.90580589e+00  2.57610738e+00  2.57438760e+00 -3.26256588e-05 
 9.46564000e-02  2.49916801e+00  3.90753804e+00  2.57783004e+00  2.57618004e+00 -3.26131736e-05 
 9.46614000e-02  2.49915099e+00  3.90919363e+00  2.57947604e+00  2.57789740e+00 -3.26012385e-05 
 9.46664000e-02  2.49913481e+00  3.91077103e+00  2.58104378e+00  2.57953803e+00 -3.25898651e-05 
 9.46714000e-02  2.49911949e+00  3.91226874e+00  2.58253175e+00  2.58110035e+00 -3.25790643e-05 
 9.46764000e-02  2.49910503e+00  3.91368530e+00  2.58393850e+00  2.58258283e+00 -3.25688465e-05 
 9.46814000e-02  2.49909146e+00  3.91501935e+00  2.58526269e+00  2.58398406e+00 -3.25592214e-05 
 9.46864000e-02  2.49907879e+00  3.91626960e+00  2.58650304e+00  2.58530267e+00 -3.25501982e-05 
 9.46914000e-02  2.49906702e+00  3.91743485e+00  2.58765835e+00  2.58653741e+00 -3.25417857e-05 
 9.46964000e-02  2.49905618e+00  3.91851398e+00  2.58872750e+00  2.58768707e+00 -3.25339919e-05 
 9.47014000e-02  2.49904626e+00  3.91950594e+00  2.58970948e+00  2.58875056e+00 -3.25268242e-05 
 9.47064000e-02  2.49903729e+00  3.92040978e+00  2.59060333e+00  2.58972684e+00 -3.25202895e-05 
 9.47114000e-02  2.49902927e+00  3.92122464e+00  2.59140819e+00  2.59061498e+00 -3.25143940e-05 
 9.47164000e-02  2.49902220e+00  3.92194972e+00  2.59212330e+00  2.59141412e+00 -3.25091433e-05 
 9.47214000e-02  2.49901610e+00  3.92258433e+00  2.59274796e+00  2.59212350e+00 -3.25045426e-05 
 9.47264000e-02  2.49901097e+00  3.92312786e+00  2.59328157e+00  2.59274243e+00 -3.25005961e-05 
 9.47314000e-02  2.49900682e+00  3.92357979e+00  2.59372362e+00  2.59327032e+00 -3.24973077e-05 
 9.47364000e-02  2.49900365e+00  3.92393968e+00  2.59407368e+00  2.59370666e+00 -3.24946805e-05 
 9.47414000e-02  2.49900146e+00  3.92420719e+00  2.59433143e+00  2.59405103e+00 -3.24927170e-05 
 9.47464000e-02  2.49900026e+00  3.92438205e+00  2.59449660e+00  2.59430310e+00 -3.24914190e-05 
 9.47514000e-02  2.49900004e+00  3.92446411e+00  2.59456905e+00  2.59446263e+00 -3.24907879e-05 
 9.47564000e-02  2.49900081e+00  3.92445329e+00  2.59454870e+00  2.59452947e+00 -3.24908242e-05 
 9.47614000e-02  2.49900256e+00  3.92434958e+00  2.59443557e+00  2.59450354e+00 -3.24915278e-05 
 9.47664000e-02  2.49900530e+00  3.92415310e+00  2.59422978e+00  2.59438488e+00 -3.24928982e-05 
 9.47714000e-02  2.49900903e+00  3.92386403e+00  2.59393151e+00  2.59417360e+00 -3.24949340e-05 
 9.47764000e-02  2.49901373e+00  3.92348265e+00  2.59354106e+00  2.59386991e+00 -3.24976333e-05 
 9.47814000e-02  2.49901940e+00  3.92300932e+00  2.59305879e+00  2.59347409e+00 -3.25009936e-05 
 9.47864000e-02  2.49902604e+00  3.92244450e+00  2.59248518e+00  2.59298652e+00 -3.25050115e-05 
 9.47914000e-02  2.49903364e+00  3.92178873e+00  2.59182078e+00  2.59240767e+00 -3.25096833e-05 
 9.47964000e-02  2.49904220e+00  3.92104265e+00  2.59106622e+00  2.59173811e+00 -3.25150045e-05 
 9.48014000e-02  2.49905170e+00  3.92020696e+00  2.59022223e+00  2.59097847e+00 -3.25209700e-05 
 9.48064000e-02  2.49906214e+00  3.91928248e+00  2.58928962e+00  2.59012948e+00 -3.25275743e-05 
 9.48114000e-02  2.49907350e+00  3.91827009e+00  2.58826929e+00  2.58919196e+00 -3.25348108e-05 
 9.48164000e-02  2.49908577e+00  3.91717077e+00  2.58716222e+00  2.58816682e+00 -3.25426728e-05 
 9.48214000e-02  2.49909895e+00  3.91598557e+00  2.58596948e+00  2.58705504e+00 -3.25511526e-05 
 9.48264000e-02  2.49911302e+00  3.91471564e+00  2.58469221e+00  2.58585768e+00 -3.25602423e-05 
 9.48314000e-02  2.49912796e+00  3.91336220e+00  2.58333165e+00  2.58457591e+00 -3.25699331e-05 
 9.48364000e-02  2.49914377e+00  3.91192655e+00  2.58188911e+00  2.58321096e+00 -3.25802156e-05 
 9.48414000e-02  2.49916042e+00  3.91041008e+00  2.58036597e+00  2.58176414e+00 -3.25910801e-05 
 9.48464000e-02  2.49917790e+00  3.90881426e+00  2.57876372e+00  2.58023685e+00 -3.26025161e-05 
 9.48514000e-02  2.49919618e+00  3.90714062e+00  2.57708390e+00  2.57863057e+00 -3.26145127e-05 
 9.48564000e-02  2.49921527e+00  3.90539079e+00  2.57532813e+00  2.57694685e+00 -3.26270583e-05 
 9.48614000e-02  2.49923512e+00  3.90356645e+00  2.57349811e+00  2.57518731e+00 -3.26401408e-05 
 9.48664000e-02  2.49925574e+00  3.90166937e+00  2.57159560e+00  2.57335366e+00 -3.26537477e-05 
 9.48714000e-02  2.49927708e+00  3.89970138e+00  2.56962246e+00  2.57144767e+00 -3.26678659e-05 
 9.48764000e-02  2.49929914e+00  3.89766440e+00  2.56758060e+00  2.56947118e+00 -3.26824817e-05 
 9.48814000e-02  2.49932189e+00  3.89556039e+00  2.56547198e+00  2.56742612e+00 -3.26975810e-05 
 9.48864000e-02  2.49934531e+00  3.89339140e+00  2.56329867e+00  2.56531446e+00 -3.27131494e-05 
 9.48914000e-02  2.49936938e+00  3.89115954e+00  2.56106276e+00  2.56313825e+00 -3.27291716e-05 
 9.48964000e-02  2.49939407e+00  3.88886697e+00  2.55876644e+00  2.56089961e+00 -3.27456323e-05 
 9.49014000e-02  2.49941935e+00  3.88651593e+00  2.55641193e+00  2.55860070e+00 -3.27625154e-05 
 9.49064000e-02  2.49944521e+00  3.88410869e+00  2.55400153e+00  2.55624378e+00 -3.27798047e-05 
 9.49114000e-02  2.49947162e+00  3.88164760e+00  2.55153758e+00  2.55383113e+00 -3.27974833e-05 
 9.49164000e-02  2.49949855e+00  3.87913507e+00  2.54902249e+00  2.55136509e+00 -3.28155341e-05 
 9.49214000e-02  2.49952597e+00  3.87657354e+00  2.54645870e+00  2.54884808e+00 -3.28339395e-05 
 9.49264000e-02  2.49955386e+00  3.87396551e+00  2.54384872e+00  2.54628255e+00 -3.28526817e-05 
 9.49314000e-02  2.49958220e+00  3.87131353e+00  2.54119510e+00  2.54367099e+00 -3.28717423e-05 
 9.49364000e-02  2.49961094e+00  3.86862019e+00  2.53850044e+00  2.54101598e+00 -3.28911028e-05 
 9.49414000e-02  2.49964007e+00  3.86588813e+00  2.53576736e+00  2.53832009e+00 -3.29107442e-05 
 9.49464000e-02  2.49966955e+00  3.86312002e+00  2.53299854e+00  2.53558596e+00 -3.29306475e-05 
 9.49514000e-02  2.49969936e+00  3.86031858e+00  2.53019671e+00  2.53281628e+00 -3.29507932e-05 
 9.49564000e-02  2.49972947e+00  3.85748654e+00  2.52736460e+00  2.53001376e+00 -3.29711614e-05 
 9.49614000e-02  2.49975984e+00  3.85462670e+00  2.52450499e+00  2.52718115e+00 -3.29917324e-05 
 9.49664000e-02  2.49979045e+00  3.85174185e+00  2.52162070e+00  2.52432121e+00 -3.30124858e-05 
 9.49714000e-02  2.49982127e+00  3.84883483e+00  2.51871455e+00  2.52143678e+00 -3.30334014e-05 
 9.49764000e-02  2.49985226e+00  3.84590851e+00  2.51578941e+00  2.51853067e+00 -3.30544585e-05 
 9.49814000e-02  2.49988340e+00  3.84296576e+00  2.51284815e+00  2.51560575e+00 -3.30756365e-05 
 9.49864000e-02  2.49991465e+00  3.84000949e+00  2.50989368e+00  2.51266489e+00 -3.30969146e-05 
 9.49914000e-02  2.49994599e+00  3.83704259e+00  2.50692890e+00  2.50971100e+00 -3.31182717e-05 
 9.49964000e-02  2.49997738e+00  3.83406801e+00  2.50395674e+00  2.50674698e+00 -3.31396868e-05 
 9.50014000e-02  2.50000880e+00  3.83108868e+00  2.50098013e+00  2.50377577e+00 -3.31611387e-05 
 9.50064000e-02  2.50004020e+00  3.82810753e+00  2.49800201e+00  2.50080028e+00 -3.31826064e-05 
 9.50114000e-02  2.50007157e+00  3.82512753e+00  2.49502533e+00  2.49782347e+00 -3.32040684e-05 
 9.50164000e-02  2.50010286e+00  3.82215161e+00  2.49205303e+00  2.49484827e+00 -3.32255037e-05 
 9.50214000e-02  2.50013406e+00  3.81918272e+00  2.48908805e+00  2.49187762e+00 -3.32468909e-05 
 9.50264000e-02  2.50016512e+00  3.81622380e+00  2.48613333e+00  2.48891448e+00 -3.32682090e-05 
 9.50314000e-02  2.50019601e+00  3.81327778e+00  2.48319180e+00  2.48596176e+00 -3.32894366e-05 
 9.50364000e-02  2.50022672e+00  3.81034759e+00  2.48026638e+00  2.48302241e+00 -3.33105528e-05 
 9.50414000e-02  2.50025720e+00  3.80743613e+00  2.47735996e+00  2.48009933e+00 -3.33315365e-05 
 9.50464000e-02  2.50028743e+00  3.80454629e+00  2.47447543e+00  2.47719542e+00 -3.33523670e-05 
 9.50514000e-02  2.50031737e+00  3.80168094e+00  2.47161567e+00  2.47431356e+00 -3.33730234e-05 
 9.50564000e-02  2.50034700e+00  3.79884294e+00  2.46878350e+00  2.47145663e+00 -3.33934853e-05 
 9.50614000e-02  2.50037629e+00  3.79603510e+00  2.46598175e+00  2.46862746e+00 -3.34137321e-05 
 9.50664000e-02  2.50040521e+00  3.79326021e+00  2.46321320e+00  2.46582886e+00 -3.34337438e-05 
 9.50714000e-02  2.50043372e+00  3.79052105e+00  2.46048062e+00  2.46306362e+00 -3.34535003e-05 
 9.50764000e-02  2.50046181e+00  3.78782033e+00  2.45778672e+00  2.46033448e+00 -3.34729820e-05 
 9.50814000e-02  2.50048944e+00  3.78516075e+00  2.45513418e+00  2.45764418e+00 -3.34921693e-05 
 9.50864000e-02  2.50051659e+00  3.78254496e+00  2.45252566e+00  2.45499539e+00 -3.35110432e-05 
 9.50914000e-02  2.50054323e+00  3.77997557e+00  2.44996375e+00  2.45239075e+00 -3.35295846e-05 
 9.50964000e-02  2.50056934e+00  3.77745514e+00  2.44745101e+00  2.44983285e+00 -3.35477751e-05 
 9.51014000e-02  2.50059488e+00  3.77498620e+00  2.44498995e+00  2.44732426e+00 -3.35655965e-05 
 9.51064000e-02  2.50061983e+00  3.77257119e+00  2.44258302e+00  2.44486747e+00 -3.35830308e-05 
 9.51114000e-02  2.50064418e+00  3.77021254e+00  2.44023263e+00  2.44246494e+00 -3.36000607e-05 
 9.51164000e-02  2.50066788e+00  3.76791261e+00  2.43794114e+00  2.44011907e+00 -3.36166689e-05 
 9.51214000e-02  2.50069093e+00  3.76567369e+00  2.43571082e+00  2.43783220e+00 -3.36328390e-05 
 9.51264000e-02  2.50071330e+00  3.76349802e+00  2.43354391e+00  2.43560662e+00 -3.36485546e-05 
 9.51314000e-02  2.50073496e+00  3.76138778e+00  2.43144259e+00  2.43344456e+00 -3.36637999e-05 
 9.51364000e-02  2.50075590e+00  3.75934508e+00  2.42940894e+00  2.43134818e+00 -3.36785597e-05 
 9.51414000e-02  2.50077609e+00  3.75737197e+00  2.42744502e+00  2.42931957e+00 -3.36928191e-05 
 9.51464000e-02  2.50079552e+00  3.75547042e+00  2.42555277e+00  2.42736077e+00 -3.37065638e-05 
 9.51514000e-02  2.50081416e+00  3.75364233e+00  2.42373411e+00  2.42547374e+00 -3.37197799e-05 
 9.51564000e-02  2.50083199e+00  3.75188954e+00  2.42199085e+00  2.42366036e+00 -3.37324542e-05 
 9.51614000e-02  2.50084901e+00  3.75021381e+00  2.42032474e+00  2.42192247e+00 -3.37445739e-05 
 9.51664000e-02  2.50086519e+00  3.74861681e+00  2.41873744e+00  2.42026179e+00 -3.37561268e-05 
 9.51714000e-02  2.50088051e+00  3.74710014e+00  2.41723056e+00  2.41867999e+00 -3.37671013e-05 
 9.51764000e-02  2.50089497e+00  3.74566532e+00  2.41580559e+00  2.41717866e+00 -3.37774863e-05 
 9.51814000e-02  2.50090854e+00  3.74431380e+00  2.41446398e+00  2.41575930e+00 -3.37872713e-05 
 9.51864000e-02  2.50092121e+00  3.74304693e+00  2.41320706e+00  2.41442334e+00 -3.37964466e-05 
 9.51914000e-02  2.50093298e+00  3.74186599e+00  2.41203610e+00  2.41317212e+00 -3.38050028e-05 
 9.51964000e-02  2.50094382e+00  3.74077214e+00  2.41095227e+00  2.41200689e+00 -3.38129313e-05 
 9.52014000e-02  2.50095374e+00  3.73976650e+00  2.40995666e+00  2.41092882e+00 -3.38202241e-05 
 9.52064000e-02  2.50096271e+00  3.73885007e+00  2.40905027e+00  2.40993899e+00 -3.38268740e-05 
 9.52114000e-02  2.50097073e+00  3.73802377e+00  2.40823401e+00  2.40903840e+00 -3.38328741e-05 
 9.52164000e-02  2.50097780e+00  3.73728844e+00  2.40750870e+00  2.40822795e+00 -3.38382184e-05 
 9.52214000e-02  2.50098390e+00  3.73664480e+00  2.40687506e+00  2.40750846e+00 -3.38429015e-05 
 9.52264000e-02  2.50098903e+00  3.73609351e+00  2.40633374e+00  2.40688064e+00 -3.38469188e-05 
 9.52314000e-02  2.50099318e+00  3.73563512e+00  2.40588528e+00  2.40634513e+00 -3.38502661e-05 
 9.52364000e-02  2.50099635e+00  3.73527009e+00  2.40553012e+00  2.40590247e+00 -3.38529402e-05 
 9.52414000e-02  2.50099854e+00  3.73499878e+00  2.40526862e+00  2.40555309e+00 -3.38549381e-05 
 9.52464000e-02  2.50099974e+00  3.73482148e+00  2.40510105e+00  2.40529736e+00 -3.38562581e-05 
 9.52514000e-02  2.50099996e+00  3.73473835e+00  2.40502757e+00  2.40513552e+00 -3.38568987e-05 
 9.52564000e-02  2.50099919e+00  3.73474947e+00  2.40504827e+00  2.40506774e+00 -3.38568593e-05 
 9.52614000e-02  2.50099744e+00  3.73485485e+00  2.40516311e+00  2.40509409e+00 -3.38561400e-05 
 9.52664000e-02  2.50099470e+00  3.73505437e+00  2.40537198e+00  2.40521454e+00 -3.38547414e-05 
 9.52714000e-02  2.50099097e+00  3.73534783e+00  2.40567467e+00  2.40542897e+00 -3.38526650e-05 
 9.52764000e-02  2.50098627e+00  3.73573494e+00  2.40607088e+00  2.40573717e+00 -3.38499129e-05 
 9.52814000e-02  2.50098060e+00  3.73621530e+00  2.40656021e+00  2.40613882e+00 -3.38464878e-05 
 9.52864000e-02  2.50097396e+00  3.73678844e+00  2.40714217e+00  2.40663352e+00 -3.38423933e-05 
 9.52914000e-02  2.50096636e+00  3.73745378e+00  2.40781618e+00  2.40722078e+00 -3.38376335e-05 
 9.52964000e-02  2.50095780e+00  3.73821065e+00  2.40858155e+00  2.40790001e+00 -3.38322131e-05 
 9.53014000e-02  2.50094830e+00  3.73905829e+00  2.40943752e+00  2.40867051e+00 -3.38261376e-05 
 9.53064000e-02  2.50093786e+00  3.73999585e+00  2.41038323e+00  2.40953153e+00 -3.38194132e-05 
 9.53114000e-02  2.50092650e+00  3.74102239e+00  2.41141773e+00  2.41048219e+00 -3.38120467e-05 
 9.53164000e-02  2.50091423e+00  3.74213688e+00  2.41253998e+00  2.41152154e+00 -3.38040455e-05 
 9.53214000e-02  2.50090105e+00  3.74333820e+00  2.41374885e+00  2.41264854e+00 -3.37954176e-05 
 9.53264000e-02  2.50088698e+00  3.74462514e+00  2.41504314e+00  2.41386205e+00 -3.37861718e-05 
 9.53314000e-02  2.50087204e+00  3.74599642e+00  2.41642155e+00  2.41516087e+00 -3.37763174e-05 
 9.53364000e-02  2.50085623e+00  3.74745065e+00  2.41788268e+00  2.41654368e+00 -3.37658642e-05 
 9.53414000e-02  2.50083958e+00  3.74898638e+00  2.41942508e+00  2.41800910e+00 -3.37548230e-05 
 9.53464000e-02  2.50082210e+00  3.75060207e+00  2.42104720e+00  2.41955565e+00 -3.37432047e-05 
 9.53514000e-02  2.50080382e+00  3.75229609e+00  2.42274741e+00  2.42118180e+00 -3.37310210e-05 
 9.53564000e-02  2.50078473e+00  3.75406676e+00  2.42452401e+00  2.42288591e+00 -3.37182844e-05 
 9.53614000e-02  2.50076488e+00  3.75591230e+00  2.42637522e+00  2.42466626e+00 -3.37050074e-05 
 9.53664000e-02  2.50074426e+00  3.75783085e+00  2.42829919e+00  2.42652108e+00 -3.36912036e-05 
 9.53714000e-02  2.50072292e+00  3.75982050e+00  2.43029398e+00  2.42844851e+00 -3.36768868e-05 
 9.53764000e-02  2.50070086e+00  3.76187925e+00  2.43235760e+00  2.43044662e+00 -3.36620714e-05 
 9.53814000e-02  2.50067811e+00  3.76400505e+00  2.43448799e+00  2.43251341e+00 -3.36467722e-05 
 9.53864000e-02  2.50065469e+00  3.76619576e+00  2.43668301e+00  2.43464681e+00 -3.36310047e-05 
 9.53914000e-02  2.50063062e+00  3.76844920e+00  2.43894047e+00  2.43684468e+00 -3.36147847e-05 
 9.53964000e-02  2.50060593e+00  3.77076311e+00  2.44125811e+00  2.43910482e+00 -3.35981285e-05 
 9.54014000e-02  2.50058065e+00  3.77313518e+00  2.44363361e+00  2.44142499e+00 -3.35810527e-05 
 9.54064000e-02  2.50055479e+00  3.77556303e+00  2.44606460e+00  2.44380285e+00 -3.35635745e-05 
 9.54114000e-02  2.50052838e+00  3.77804425e+00  2.44854866e+00  2.44623603e+00 -3.35457115e-05 
 9.54164000e-02  2.50050145e+00  3.78057636e+00  2.45108329e+00  2.44872210e+00 -3.35274814e-05 
 9.54214000e-02  2.50047403e+00  3.78315682e+00  2.45366598e+00  2.45125858e+00 -3.35089026e-05 
 9.54264000e-02  2.50044614e+00  3.78578306e+00  2.45629414e+00  2.45384294e+00 -3.34899936e-05 
 9.54314000e-02  2.50041780e+00  3.78845247e+00  2.45896516e+00  2.45647260e+00 -3.34707733e-05 
 9.54364000e-02  2.50038906e+00  3.79116239e+00  2.46167637e+00  2.45914494e+00 -3.34512611e-05 
 9.54414000e-02  2.50035993e+00  3.79391011e+00  2.46442508e+00  2.46185729e+00 -3.34314763e-05 
 9.54464000e-02  2.50033045e+00  3.79669290e+00  2.46720853e+00  2.46460695e+00 -3.34114386e-05 
 9.54514000e-02  2.50030064e+00  3.79950798e+00  2.47002397e+00  2.46739119e+00 -3.33911682e-05 
 9.54564000e-02  2.50027053e+00  3.80235257e+00  2.47286860e+00  2.47020723e+00 -3.33706851e-05 
 9.54614000e-02  2.50024016e+00  3.80522382e+00  2.47573958e+00  2.47305227e+00 -3.33500099e-05 
 9.54664000e-02  2.50020955e+00  3.80811890e+00  2.47863406e+00  2.47592348e+00 -3.33291630e-05 
 9.54714000e-02  2.50017873e+00  3.81103491e+00  2.48154917e+00  2.47881802e+00 -3.33081652e-05 
 9.54764000e-02  2.50014774e+00  3.81396897e+00  2.48448202e+00  2.48173300e+00 -3.32870374e-05 
 9.54814000e-02  2.50011660e+00  3.81691817e+00  2.48742969e+00  2.48466554e+00 -3.32658006e-05 
 9.54864000e-02  2.50008535e+00  3.81987959e+00  2.49038926e+00  2.48761272e+00 -3.32444759e-05 
 9.54914000e-02  2.50005401e+00  3.82285028e+00  2.49335781e+00  2.49057162e+00 -3.32230843e-05 
 9.54964000e-02  2.50002262e+00  3.82582731e+00  2.49633239e+00  2.49353931e+00 -3.32016471e-05 
 9.55014000e-02  2.49999120e+00  3.82880773e+00  2.49931006e+00  2.49651286e+00 -3.31801855e-05 
 9.55064000e-02  2.49995980e+00  3.83178860e+00  2.50228787e+00  2.49948932e+00 -3.31587207e-05 
 9.55114000e-02  2.49992843e+00  3.83476697e+00  2.50526288e+00  2.50246575e+00 -3.31372740e-05 
 9.55164000e-02  2.49989714e+00  3.83773990e+00  2.50823216e+00  2.50543920e+00 -3.31158666e-05 
 9.55214000e-02  2.49986594e+00  3.84070445e+00  2.51119278e+00  2.50840675e+00 -3.30945195e-05 
 9.55264000e-02  2.49983488e+00  3.84365770e+00  2.51414180e+00  2.51136546e+00 -3.30732538e-05 
 9.55314000e-02  2.49980399e+00  3.84659675e+00  2.51707634e+00  2.51431241e+00 -3.30520904e-05 
 9.55364000e-02  2.49977328e+00  3.84951869e+00  2.51999350e+00  2.51724471e+00 -3.30310502e-05 
 9.55414000e-02  2.49974280e+00  3.85242066e+00  2.52289040e+00  2.52015946e+00 -3.30101538e-05 
 9.55464000e-02  2.49971257e+00  3.85529979e+00  2.52576421e+00  2.52305380e+00 -3.29894218e-05 
 9.55514000e-02  2.49968263e+00  3.85815327e+00  2.52861210e+00  2.52592488e+00 -3.29688746e-05 
 9.55564000e-02  2.49965300e+00  3.86097828e+00  2.53143127e+00  2.52876988e+00 -3.29485321e-05 
 9.55614000e-02  2.49962371e+00  3.86377206e+00  2.53421895e+00  2.53158601e+00 -3.29284145e-05 
 9.55664000e-02  2.49959479e+00  3.86653188e+00  2.53697242e+00  2.53437050e+00 -3.29085413e-05 
 9.55714000e-02  2.49956628e+00  3.86925501e+00  2.53968897e+00  2.53712064e+00 -3.28889320e-05 
 9.55764000e-02  2.49953819e+00  3.87193881e+00  2.54236595e+00  2.53983371e+00 -3.28696057e-05 
 9.55814000e-02  2.49951056e+00  3.87458064e+00  2.54500074e+00  2.54250707e+00 -3.28505812e-05 
 9.55864000e-02  2.49948341e+00  3.87717793e+00  2.54759077e+00  2.54513810e+00 -3.28318772e-05 
 9.55914000e-02  2.49945677e+00  3.87972814e+00  2.55013351e+00  2.54772424e+00 -3.28135119e-05 
 9.55964000e-02  2.49943066e+00  3.88222878e+00  2.55262647e+00  2.55026295e+00 -3.27955030e-05 
 9.56014000e-02  2.49940512e+00  3.88467740e+00  2.55506722e+00  2.55275177e+00 -3.27778681e-05 
 9.56064000e-02  2.49938017e+00  3.88707164e+00  2.55745339e+00  2.55518825e+00 -3.27606243e-05 
 9.56114000e-02  2.49935582e+00  3.88940915e+00  2.55978266e+00  2.55757004e+00 -3.27437884e-05 
 9.56164000e-02  2.49933212e+00  3.89168766e+00  2.56205275e+00  2.55989481e+00 -3.27273766e-05 
 9.56214000e-02  2.49930907e+00  3.89390496e+00  2.56426147e+00  2.56216030e+00 -3.27114048e-05 
 9.56264000e-02  2.49928670e+00  3.89605889e+00  2.56640666e+00  2.56436430e+00 -3.26958886e-05 
 9.56314000e-02  2.49926504e+00  3.89814736e+00  2.56848625e+00  2.56650469e+00 -3.26808428e-05 
 9.56364000e-02  2.49924410e+00  3.90016835e+00  2.57049821e+00  2.56857937e+00 -3.26662820e-05 
 9.56414000e-02  2.49922391e+00  3.90211989e+00  2.57244060e+00  2.57058634e+00 -3.26522203e-05 
 9.56464000e-02  2.49920448e+00  3.90400010e+00  2.57431154e+00  2.57252365e+00 -3.26386712e-05 
 9.56514000e-02  2.49918584e+00  3.90580716e+00  2.57610921e+00  2.57438943e+00 -3.26256478e-05 
 9.56564000e-02  2.49916801e+00  3.90753932e+00  2.57783188e+00  2.57618187e+00 -3.26131625e-05 
 9.56614000e-02  2.49915099e+00  3.90919490e+00  2.57947788e+00  2.57789924e+00 -3.26012275e-05 
 9.56664000e-02  2.49913481e+00  3.91077231e+00  2.58104562e+00  2.57953987e+00 -3.25898541e-05 
 9.56714000e-02  2.49911949e+00  3.91227001e+00  2.58253358e+00  2.58110218e+00 -3.25790533e-05 
 9.56764000e-02  2.49910503e+00  3.91368657e+00  2.58394034e+00  2.58258467e+00 -3.25688355e-05 
 9.56814000e-02  2.49909146e+00  3.91502062e+00  2.58526453e+00  2.58398589e+00 -3.25592104e-05 
 9.56864000e-02  2.49907879e+00  3.91627088e+00  2.58650487e+00  2.58530451e+00 -3.25501872e-05 
 9.56914000e-02  2.49906702e+00  3.91743613e+00  2.58766018e+00  2.58653924e+00 -3.25417747e-05 
 9.56964000e-02  2.49905618e+00  3.91851525e+00  2.58872934e+00  2.58768891e+00 -3.25339809e-05 
 9.57014000e-02  2.49904626e+00  3.91950721e+00  2.58971131e+00  2.58875239e+00 -3.25268132e-05 
 9.57064000e-02  2.49903729e+00  3.92041106e+00  2.59060516e+00  2.58972867e+00 -3.25202785e-05 
 9.57114000e-02  2.49902927e+00  3.92122591e+00  2.59141003e+00  2.59061681e+00 -3.25143830e-05 
 9.57164000e-02  2.49902220e+00  3.92195099e+00  2.59212513e+00  2.59141596e+00 -3.25091323e-05 
 9.57214000e-02  2.49901610e+00  3.92258560e+00  2.59274979e+00  2.59212533e+00 -3.25045316e-05 
 9.57264000e-02  2.49901097e+00  3.92312913e+00  2.59328340e+00  2.59274426e+00 -3.25005851e-05 
 9.57314000e-02  2.49900682e+00  3.92358106e+00  2.59372545e+00  2.59327215e+00 -3.24972967e-05 
 9.57364000e-02  2.49900365e+00  3.92394095e+00  2.59407551e+00  2.59370849e+00 -3.24946695e-05 
 9.57414000e-02  2.49900146e+00  3.92420846e+00  2.59433326e+00  2.59405286e+00 -3.24927060e-05 
 9.57464000e-02  2.49900026e+00  3.92438333e+00  2.59449843e+00  2.59430493e+00 -3.24914080e-05 
 9.57514000e-02  2.49900004e+00  3.92446539e+00  2.59457088e+00  2.59446446e+00 -3.24907769e-05 
 9.57564000e-02  2.49900081e+00  3.92445456e+00  2.59455053e+00  2.59453130e+00 -3.24908132e-05 
 9.57614000e-02  2.49900256e+00  3.92435086e+00  2.59443740e+00  2.59450537e+00 -3.24915168e-05 
 9.57664000e-02  2.49900530e+00  3.92415437e+00  2.59423160e+00  2.59438671e+00 -3.24928872e-05 
 9.57714000e-02  2.49900903e+00  3.92386530e+00  2.59393334e+00  2.59417543e+00 -3.24949231e-05 
 9.57764000e-02  2.49901373e+00  3.92348392e+00  2.59354288e+00  2.59387174e+00 -3.24976224e-05 
 9.57814000e-02  2.49901940e+00  3.92301059e+00  2.59306062e+00  2.59347591e+00 -3.25009826e-05 
 9.57864000e-02  2.49902604e+00  3.92244577e+00  2.59248701e+00  2.59298835e+00 -3.25050005e-05 
 9.57914000e-02  2.49903364e+00  3.92179001e+00  2.59182261e+00  2.59240950e+00 -3.25096723e-05 
 9.57964000e-02  2.49904220e+00  3.92104392e+00  2.59106805e+00  2.59173994e+00 -3.25149935e-05 
 9.58014000e-02  2.49905170e+00  3.92020824e+00  2.59022406e+00  2.59098030e+00 -3.25209591e-05 
 9.58064000e-02  2.49906214e+00  3.91928375e+00  2.58929145e+00  2.59013131e+00 -3.25275633e-05 
 9.58114000e-02  2.49907350e+00  3.91827136e+00  2.58827112e+00  2.58919379e+00 -3.25347998e-05 
 9.58164000e-02  2.49908577e+00  3.91717204e+00  2.58716405e+00  2.58816865e+00 -3.25426618e-05 
 9.58214000e-02  2.49909895e+00  3.91598684e+00  2.58597131e+00  2.58705686e+00 -3.25511417e-05 
 9.58264000e-02  2.49911302e+00  3.91471691e+00  2.58469404e+00  2.58585951e+00 -3.25602313e-05 
 9.58314000e-02  2.49912796e+00  3.91336347e+00  2.58333348e+00  2.58457774e+00 -3.25699221e-05 
 9.58364000e-02  2.49914377e+00  3.91192782e+00  2.58189093e+00  2.58321278e+00 -3.25802046e-05 
 9.58414000e-02  2.49916042e+00  3.91041136e+00  2.58036780e+00  2.58176597e+00 -3.25910691e-05 
 9.58464000e-02  2.49917790e+00  3.90881553e+00  2.57876555e+00  2.58023868e+00 -3.26025051e-05 
 9.58514000e-02  2.49919618e+00  3.90714190e+00  2.57708573e+00  2.57863240e+00 -3.26145017e-05 
 9.58564000e-02  2.49921527e+00  3.90539206e+00  2.57532995e+00  2.57694868e+00 -3.26270473e-05 
 9.58614000e-02  2.49923512e+00  3.90356772e+00  2.57349993e+00  2.57518914e+00 -3.26401298e-05 
 9.58664000e-02  2.49925574e+00  3.90167064e+00  2.57159743e+00  2.57335549e+00 -3.26537367e-05 
 9.58714000e-02  2.49927708e+00  3.89970265e+00  2.56962429e+00  2.57144950e+00 -3.26678549e-05 
 9.58764000e-02  2.49929914e+00  3.89766567e+00  2.56758242e+00  2.56947301e+00 -3.26824707e-05 
 9.58814000e-02  2.49932189e+00  3.89556167e+00  2.56547381e+00  2.56742794e+00 -3.26975700e-05 
 9.58864000e-02  2.49934531e+00  3.89339268e+00  2.56330050e+00  2.56531628e+00 -3.27131384e-05 
 9.58914000e-02  2.49936938e+00  3.89116082e+00  2.56106459e+00  2.56314008e+00 -3.27291606e-05 
 9.58964000e-02  2.49939407e+00  3.88886825e+00  2.55876827e+00  2.56090143e+00 -3.27456213e-05 
 9.59014000e-02  2.49941935e+00  3.88651720e+00  2.55641376e+00  2.55860253e+00 -3.27625044e-05 
 9.59064000e-02  2.49944521e+00  3.88410996e+00  2.55400336e+00  2.55624561e+00 -3.27797937e-05 
 9.59114000e-02  2.49947162e+00  3.88164888e+00  2.55153941e+00  2.55383295e+00 -3.27974723e-05 
 9.59164000e-02  2.49949855e+00  3.87913635e+00  2.54902432e+00  2.55136692e+00 -3.28155231e-05 
 9.59214000e-02  2.49952597e+00  3.87657482e+00  2.54646053e+00  2.54884991e+00 -3.28339285e-05 
 9.59264000e-02  2.49955386e+00  3.87396679e+00  2.54385055e+00  2.54628437e+00 -3.28526706e-05 
 9.59314000e-02  2.49958220e+00  3.87131481e+00  2.54119693e+00  2.54367282e+00 -3.28717312e-05 
 9.59364000e-02  2.49961094e+00  3.86862147e+00  2.53850226e+00  2.54101780e+00 -3.28910917e-05 
 9.59414000e-02  2.49964007e+00  3.86588941e+00  2.53576918e+00  2.53832191e+00 -3.29107332e-05 
 9.59464000e-02  2.49966955e+00  3.86312130e+00  2.53300037e+00  2.53558779e+00 -3.29306365e-05 
 9.59514000e-02  2.49969936e+00  3.86031986e+00  2.53019854e+00  2.53281811e+00 -3.29507821e-05 
 9.59564000e-02  2.49972947e+00  3.85748782e+00  2.52736642e+00  2.53001559e+00 -3.29711504e-05 
 9.59614000e-02  2.49975984e+00  3.85462798e+00  2.52450682e+00  2.52718297e+00 -3.29917213e-05 
 9.59664000e-02  2.49979045e+00  3.85174313e+00  2.52162252e+00  2.52432304e+00 -3.30124748e-05 
 9.59714000e-02  2.49982127e+00  3.84883611e+00  2.51871638e+00  2.52143860e+00 -3.30333903e-05 
 9.59764000e-02  2.49985226e+00  3.84590979e+00  2.51579124e+00  2.51853250e+00 -3.30544475e-05 
 9.59814000e-02  2.49988340e+00  3.84296704e+00  2.51284998e+00  2.51560757e+00 -3.30756255e-05 
 9.59864000e-02  2.49991465e+00  3.84001077e+00  2.50989551e+00  2.51266672e+00 -3.30969035e-05 
 9.59914000e-02  2.49994599e+00  3.83704387e+00  2.50693073e+00  2.50971283e+00 -3.31182606e-05 
 9.59964000e-02  2.49997738e+00  3.83406929e+00  2.50395856e+00  2.50674881e+00 -3.31396757e-05 
 9.60014000e-02  2.50000880e+00  3.83108996e+00  2.50098195e+00  2.50377760e+00 -3.31611277e-05 
 9.60064000e-02  2.50004020e+00  3.82810881e+00  2.49800384e+00  2.50080211e+00 -3.31825953e-05 
 9.60114000e-02  2.50007157e+00  3.82512881e+00  2.49502716e+00  2.49782530e+00 -3.32040574e-05 
 9.60164000e-02  2.50010286e+00  3.82215289e+00  2.49205486e+00  2.49485010e+00 -3.32254926e-05 
 9.60214000e-02  2.50013406e+00  3.81918400e+00  2.48908988e+00  2.49187945e+00 -3.32468799e-05 
 9.60264000e-02  2.50016512e+00  3.81622508e+00  2.48613516e+00  2.48891631e+00 -3.32681979e-05 
 9.60314000e-02  2.50019601e+00  3.81327906e+00  2.48319363e+00  2.48596359e+00 -3.32894255e-05 
 9.60364000e-02  2.50022672e+00  3.81034887e+00  2.48026821e+00  2.48302424e+00 -3.33105417e-05 
 9.60414000e-02  2.50025720e+00  3.80743741e+00  2.47736179e+00  2.48010116e+00 -3.33315255e-05 
 9.60464000e-02  2.50028743e+00  3.80454757e+00  2.47447726e+00  2.47719725e+00 -3.33523559e-05 
 9.60514000e-02  2.50031737e+00  3.80168223e+00  2.47161750e+00  2.47431539e+00 -3.33730123e-05 
 9.60564000e-02  2.50034700e+00  3.79884422e+00  2.46878533e+00  2.47145846e+00 -3.33934742e-05 
 9.60614000e-02  2.50037629e+00  3.79603638e+00  2.46598358e+00  2.46862929e+00 -3.34137210e-05 
 9.60664000e-02  2.50040521e+00  3.79326150e+00  2.46321503e+00  2.46583069e+00 -3.34337327e-05 
 9.60714000e-02  2.50043372e+00  3.79052233e+00  2.46048245e+00  2.46306545e+00 -3.34534893e-05 
 9.60764000e-02  2.50046181e+00  3.78782162e+00  2.45778855e+00  2.46033631e+00 -3.34729709e-05 
 9.60814000e-02  2.50048944e+00  3.78516204e+00  2.45513601e+00  2.45764601e+00 -3.34921583e-05 
 9.60864000e-02  2.50051659e+00  3.78254625e+00  2.45252749e+00  2.45499722e+00 -3.35110321e-05 
 9.60914000e-02  2.50054323e+00  3.77997686e+00  2.44996558e+00  2.45239258e+00 -3.35295735e-05 
 9.60964000e-02  2.50056934e+00  3.77745643e+00  2.44745284e+00  2.44983468e+00 -3.35477640e-05 
 9.61014000e-02  2.50059488e+00  3.77498748e+00  2.44499178e+00  2.44732609e+00 -3.35655854e-05 
 9.61064000e-02  2.50061983e+00  3.77257248e+00  2.44258485e+00  2.44486930e+00 -3.35830197e-05 
 9.61114000e-02  2.50064418e+00  3.77021383e+00  2.44023446e+00  2.44246677e+00 -3.36000496e-05 
 9.61164000e-02  2.50066788e+00  3.76791390e+00  2.43794297e+00  2.44012090e+00 -3.36166578e-05 
 9.61214000e-02  2.50069093e+00  3.76567498e+00  2.43571265e+00  2.43783403e+00 -3.36328279e-05 
 9.61264000e-02  2.50071330e+00  3.76349931e+00  2.43354574e+00  2.43560845e+00 -3.36485435e-05 
 9.61314000e-02  2.50073496e+00  3.76138907e+00  2.43144442e+00  2.43344639e+00 -3.36637888e-05 
 9.61364000e-02  2.50075590e+00  3.75934637e+00  2.42941077e+00  2.43135000e+00 -3.36785486e-05 
 9.61414000e-02  2.50077609e+00  3.75737326e+00  2.42744685e+00  2.42932140e+00 -3.36928080e-05 
 9.61464000e-02  2.50079552e+00  3.75547171e+00  2.42555460e+00  2.42736260e+00 -3.37065527e-05 
 9.61514000e-02  2.50081416e+00  3.75364362e+00  2.42373594e+00  2.42547557e+00 -3.37197688e-05 
 9.61564000e-02  2.50083199e+00  3.75189083e+00  2.42199268e+00  2.42366219e+00 -3.37324431e-05 
 9.61614000e-02  2.50084901e+00  3.75021510e+00  2.42032656e+00  2.42192430e+00 -3.37445628e-05 
 9.61664000e-02  2.50086519e+00  3.74861809e+00  2.41873927e+00  2.42026362e+00 -3.37561157e-05 
 9.61714000e-02  2.50088051e+00  3.74710143e+00  2.41723238e+00  2.41868182e+00 -3.37670902e-05 
 9.61764000e-02  2.50089497e+00  3.74566661e+00  2.41580742e+00  2.41718049e+00 -3.37774752e-05 
 9.61814000e-02  2.50090854e+00  3.74431509e+00  2.41446581e+00  2.41576113e+00 -3.37872602e-05 
 9.61864000e-02  2.50092121e+00  3.74304822e+00  2.41320889e+00  2.41442517e+00 -3.37964355e-05 
 9.61914000e-02  2.50093298e+00  3.74186727e+00  2.41203793e+00  2.41317395e+00 -3.38049917e-05 
 9.61964000e-02  2.50094382e+00  3.74077343e+00  2.41095410e+00  2.41200872e+00 -3.38129202e-05 
 9.62014000e-02  2.50095374e+00  3.73976779e+00  2.40995849e+00  2.41093065e+00 -3.38202130e-05 
 9.62064000e-02  2.50096271e+00  3.73885136e+00  2.40905210e+00  2.40994082e+00 -3.38268629e-05 
 9.62114000e-02  2.50097073e+00  3.73802506e+00  2.40823584e+00  2.40904023e+00 -3.38328630e-05 
 9.62164000e-02  2.50097780e+00  3.73728973e+00  2.40751053e+00  2.40822978e+00 -3.38382073e-05 
 9.62214000e-02  2.50098390e+00  3.73664609e+00  2.40687689e+00  2.40751029e+00 -3.38428904e-05 
 9.62264000e-02  2.50098903e+00  3.73609480e+00  2.40633557e+00  2.40688247e+00 -3.38469077e-05 
 9.62314000e-02  2.50099318e+00  3.73563641e+00  2.40588710e+00  2.40634696e+00 -3.38502550e-05 
 9.62364000e-02  2.50099635e+00  3.73527138e+00  2.40553194e+00  2.40590429e+00 -3.38529291e-05 
 9.62414000e-02  2.50099854e+00  3.73500007e+00  2.40527045e+00  2.40555492e+00 -3.38549270e-05 
 9.62464000e-02  2.50099974e+00  3.73482276e+00  2.40510288e+00  2.40529918e+00 -3.38562470e-05 
 9.62514000e-02  2.50099996e+00  3.73473963e+00  2.40502940e+00  2.40513735e+00 -3.38568876e-05 
 9.62564000e-02  2.50099919e+00  3.73475076e+00  2.40505009e+00  2.40506957e+00 -3.38568482e-05 
 9.62614000e-02  2.50099744e+00  3.73485614e+00  2.40516493e+00  2.40509592e+00 -3.38561289e-05 
 9.62664000e-02  2.50099470e+00  3.73505566e+00  2.40537380e+00  2.40521637e+00 -3.38547303e-05 
 9.62714000e-02  2.50099097e+00  3.73534912e+00  2.40567650e+00  2.40543080e+00 -3.38526539e-05 
 9.62764000e-02  2.50098627e+00  3.73573622e+00  2.40607271e+00  2.40573900e+00 -3.38499018e-05 
 9.62814000e-02  2.50098060e+00  3.73621659e+00  2.40656204e+00  2.40614065e+00 -3.38464768e-05 
 9.62864000e-02  2.50097396e+00  3.73678973e+00  2.40714400e+00  2.40663535e+00 -3.38423822e-05 
 9.62914000e-02  2.50096636e+00  3.73745507e+00  2.40781800e+00  2.40722261e+00 -3.38376224e-05 
 9.62964000e-02  2.50095780e+00  3.73821194e+00  2.40858337e+00  2.40790183e+00 -3.38322020e-05 
 9.63014000e-02  2.50094830e+00  3.73905958e+00  2.40943934e+00  2.40867233e+00 -3.38261265e-05 
 9.63064000e-02  2.50093786e+00  3.73999714e+00  2.41038505e+00  2.40953335e+00 -3.38194022e-05 
 9.63114000e-02  2.50092650e+00  3.74102368e+00  2.41141955e+00  2.41048401e+00 -3.38120356e-05 
 9.63164000e-02  2.50091423e+00  3.74213817e+00  2.41254180e+00  2.41152336e+00 -3.38040344e-05 
 9.63214000e-02  2.50090105e+00  3.74333948e+00  2.41375068e+00  2.41265036e+00 -3.37954065e-05 
 9.63264000e-02  2.50088698e+00  3.74462643e+00  2.41504496e+00  2.41386387e+00 -3.37861607e-05 
 9.63314000e-02  2.50087204e+00  3.74599770e+00  2.41642337e+00  2.41516269e+00 -3.37763063e-05 
 9.63364000e-02  2.50085623e+00  3.74745193e+00  2.41788450e+00  2.41654550e+00 -3.37658532e-05 
 9.63414000e-02  2.50083958e+00  3.74898766e+00  2.41942690e+00  2.41801092e+00 -3.37548119e-05 
 9.63464000e-02  2.50082210e+00  3.75060335e+00  2.42104902e+00  2.41955747e+00 -3.37431936e-05 
 9.63514000e-02  2.50080382e+00  3.75229738e+00  2.42274923e+00  2.42118362e+00 -3.37310100e-05 
 9.63564000e-02  2.50078473e+00  3.75406805e+00  2.42452583e+00  2.42288772e+00 -3.37182733e-05 
 9.63614000e-02  2.50076488e+00  3.75591358e+00  2.42637704e+00  2.42466808e+00 -3.37049964e-05 
 9.63664000e-02  2.50074426e+00  3.75783214e+00  2.42830100e+00  2.42652290e+00 -3.36911926e-05 
 9.63714000e-02  2.50072292e+00  3.75982178e+00  2.43029580e+00  2.42845033e+00 -3.36768758e-05 
 9.63764000e-02  2.50070086e+00  3.76188054e+00  2.43235942e+00  2.43044844e+00 -3.36620603e-05 
 9.63814000e-02  2.50067811e+00  3.76400633e+00  2.43448981e+00  2.43251523e+00 -3.36467612e-05 
 9.63864000e-02  2.50065469e+00  3.76619705e+00  2.43668483e+00  2.43464862e+00 -3.36309937e-05 
 9.63914000e-02  2.50063062e+00  3.76845048e+00  2.43894228e+00  2.43684649e+00 -3.36147737e-05 
 9.63964000e-02  2.50060593e+00  3.77076439e+00  2.44125992e+00  2.43910664e+00 -3.35981175e-05 
 9.64014000e-02  2.50058065e+00  3.77313646e+00  2.44363542e+00  2.44142680e+00 -3.35810417e-05 
 9.64064000e-02  2.50055479e+00  3.77556431e+00  2.44606642e+00  2.44380466e+00 -3.35635635e-05 
 9.64114000e-02  2.50052838e+00  3.77804553e+00  2.44855047e+00  2.44623784e+00 -3.35457004e-05 
 9.64164000e-02  2.50050145e+00  3.78057764e+00  2.45108511e+00  2.44872392e+00 -3.35274703e-05 
 9.64214000e-02  2.50047403e+00  3.78315810e+00  2.45366779e+00  2.45126040e+00 -3.35088915e-05 
 9.64264000e-02  2.50044614e+00  3.78578434e+00  2.45629596e+00  2.45384476e+00 -3.34899826e-05 
 9.64314000e-02  2.50041780e+00  3.78845375e+00  2.45896697e+00  2.45647442e+00 -3.34707623e-05 
 9.64364000e-02  2.50038906e+00  3.79116367e+00  2.46167818e+00  2.45914675e+00 -3.34512501e-05 
 9.64414000e-02  2.50035993e+00  3.79391139e+00  2.46442689e+00  2.46185910e+00 -3.34314652e-05 
 9.64464000e-02  2.50033045e+00  3.79669418e+00  2.46721034e+00  2.46460876e+00 -3.34114276e-05 
 9.64514000e-02  2.50030064e+00  3.79950926e+00  2.47002578e+00  2.46739300e+00 -3.33911572e-05 
 9.64564000e-02  2.50027053e+00  3.80235385e+00  2.47287041e+00  2.47020904e+00 -3.33706741e-05 
 9.64614000e-02  2.50024016e+00  3.80522510e+00  2.47574139e+00  2.47305408e+00 -3.33499989e-05 
 9.64664000e-02  2.50020955e+00  3.80812017e+00  2.47863587e+00  2.47592529e+00 -3.33291520e-05 
 9.64714000e-02  2.50017873e+00  3.81103619e+00  2.48155098e+00  2.47881983e+00 -3.33081542e-05 
 9.64764000e-02  2.50014774e+00  3.81397025e+00  2.48448382e+00  2.48173481e+00 -3.32870265e-05 
 9.64814000e-02  2.50011660e+00  3.81691945e+00  2.48743149e+00  2.48466734e+00 -3.32657896e-05 
 9.64864000e-02  2.50008535e+00  3.81988086e+00  2.49039107e+00  2.48761452e+00 -3.32444649e-05 
 9.64914000e-02  2.50005401e+00  3.82285155e+00  2.49335961e+00  2.49057343e+00 -3.32230733e-05 
 9.64964000e-02  2.50002262e+00  3.82582858e+00  2.49633419e+00  2.49354112e+00 -3.32016361e-05 
 9.65014000e-02  2.49999120e+00  3.82880901e+00  2.49931186e+00  2.49651467e+00 -3.31801745e-05 
 9.65064000e-02  2.49995980e+00  3.83178988e+00  2.50228967e+00  2.49949112e+00 -3.31587098e-05 
 9.65114000e-02  2.49992843e+00  3.83476824e+00  2.50526469e+00  2.50246755e+00 -3.31372631e-05 
 9.65164000e-02  2.49989714e+00  3.83774117e+00  2.50823396e+00  2.50544100e+00 -3.31158556e-05 
 9.65214000e-02  2.49986594e+00  3.84070572e+00  2.51119458e+00  2.50840855e+00 -3.30945085e-05 
 9.65264000e-02  2.49983488e+00  3.84365898e+00  2.51414360e+00  2.51136726e+00 -3.30732428e-05 
 9.65314000e-02  2.49980399e+00  3.84659802e+00  2.51707814e+00  2.51431421e+00 -3.30520795e-05 
 9.65364000e-02  2.49977328e+00  3.84951996e+00  2.51999530e+00  2.51724651e+00 -3.30310393e-05 
 9.65414000e-02  2.49974280e+00  3.85242193e+00  2.52289220e+00  2.52016126e+00 -3.30101429e-05 
 9.65464000e-02  2.49971257e+00  3.85530106e+00  2.52576601e+00  2.52305560e+00 -3.29894109e-05 
 9.65514000e-02  2.49968263e+00  3.85815454e+00  2.52861390e+00  2.52592668e+00 -3.29688636e-05 
 9.65564000e-02  2.49965300e+00  3.86097955e+00  2.53143306e+00  2.52877168e+00 -3.29485212e-05 
 9.65614000e-02  2.49962371e+00  3.86377333e+00  2.53422074e+00  2.53158781e+00 -3.29284036e-05 
 9.65664000e-02  2.49959479e+00  3.86653314e+00  2.53697421e+00  2.53437230e+00 -3.29085304e-05 
 9.65714000e-02  2.49956628e+00  3.86925628e+00  2.53969076e+00  2.53712243e+00 -3.28889210e-05 
 9.65764000e-02  2.49953819e+00  3.87194008e+00  2.54236775e+00  2.53983550e+00 -3.28695947e-05 
 9.65814000e-02  2.49951056e+00  3.87458191e+00  2.54500254e+00  2.54250886e+00 -3.28505703e-05 
 9.65864000e-02  2.49948341e+00  3.87717920e+00  2.54759257e+00  2.54513990e+00 -3.28318663e-05 
 9.65914000e-02  2.49945677e+00  3.87972941e+00  2.55013530e+00  2.54772603e+00 -3.28135010e-05 
 9.65964000e-02  2.49943066e+00  3.88223004e+00  2.55262826e+00  2.55026475e+00 -3.27954921e-05 
 9.66014000e-02  2.49940512e+00  3.88467867e+00  2.55506901e+00  2.55275356e+00 -3.27778572e-05 
 9.66064000e-02  2.49938017e+00  3.88707290e+00  2.55745518e+00  2.55519004e+00 -3.27606134e-05 
 9.66114000e-02  2.49935582e+00  3.88941041e+00  2.55978445e+00  2.55757183e+00 -3.27437775e-05 
 9.66164000e-02  2.49933212e+00  3.89168892e+00  2.56205454e+00  2.55989660e+00 -3.27273657e-05 
 9.66214000e-02  2.49930907e+00  3.89390622e+00  2.56426326e+00  2.56216208e+00 -3.27113940e-05 
 9.66264000e-02  2.49928670e+00  3.89606015e+00  2.56640845e+00  2.56436609e+00 -3.26958777e-05 
 9.66314000e-02  2.49926504e+00  3.89814862e+00  2.56848804e+00  2.56650647e+00 -3.26808319e-05 
 9.66364000e-02  2.49924410e+00  3.90016961e+00  2.57050000e+00  2.56858116e+00 -3.26662712e-05 
 9.66414000e-02  2.49922391e+00  3.90212115e+00  2.57244239e+00  2.57058813e+00 -3.26522095e-05 
 9.66464000e-02  2.49920448e+00  3.90400137e+00  2.57431333e+00  2.57252544e+00 -3.26386604e-05 
 9.66514000e-02  2.49918584e+00  3.90580842e+00  2.57611100e+00  2.57439122e+00 -3.26256369e-05 
 9.66564000e-02  2.49916801e+00  3.90754058e+00  2.57783367e+00  2.57618366e+00 -3.26131517e-05 
 9.66614000e-02  2.49915099e+00  3.90919616e+00  2.57947967e+00  2.57790103e+00 -3.26012166e-05 
 9.66664000e-02  2.49913481e+00  3.91077357e+00  2.58104740e+00  2.57954166e+00 -3.25898433e-05 
 9.66714000e-02  2.49911949e+00  3.91227127e+00  2.58253537e+00  2.58110397e+00 -3.25790425e-05 
 9.66764000e-02  2.49910503e+00  3.91368783e+00  2.58394212e+00  2.58258645e+00 -3.25688246e-05 
 9.66814000e-02  2.49909146e+00  3.91502188e+00  2.58526631e+00  2.58398768e+00 -3.25591995e-05 
 9.66864000e-02  2.49907879e+00  3.91627214e+00  2.58650666e+00  2.58530629e+00 -3.25501764e-05 
 9.66914000e-02  2.49906702e+00  3.91743739e+00  2.58766196e+00  2.58654103e+00 -3.25417639e-05 
 9.66964000e-02  2.49905618e+00  3.91851651e+00  2.58873112e+00  2.58769069e+00 -3.25339701e-05 
 9.67014000e-02  2.49904626e+00  3.91950847e+00  2.58971309e+00  2.58875417e+00 -3.25268024e-05 
 9.67064000e-02  2.49903729e+00  3.92041231e+00  2.59060694e+00  2.58973045e+00 -3.25202676e-05 
 9.67114000e-02  2.49902927e+00  3.92122717e+00  2.59141181e+00  2.59061859e+00 -3.25143721e-05 
 9.67164000e-02  2.49902220e+00  3.92195225e+00  2.59212691e+00  2.59141774e+00 -3.25091215e-05 
 9.67214000e-02  2.49901610e+00  3.92258686e+00  2.59275157e+00  2.59212711e+00 -3.25045208e-05 
 9.67264000e-02  2.49901097e+00  3.92313039e+00  2.59328518e+00  2.59274604e+00 -3.25005743e-05 
 9.67314000e-02  2.49900682e+00  3.92358232e+00  2.59372723e+00  2.59327393e+00 -3.24972859e-05 
 9.67364000e-02  2.49900365e+00  3.92394221e+00  2.59407729e+00  2.59371027e+00 -3.24946587e-05 
 9.67414000e-02  2.49900146e+00  3.92420972e+00  2.59433504e+00  2.59405464e+00 -3.24926952e-05 
 9.67464000e-02  2.49900026e+00  3.92438459e+00  2.59450021e+00  2.59430671e+00 -3.24913972e-05 
 9.67514000e-02  2.49900004e+00  3.92446665e+00  2.59457266e+00  2.59446624e+00 -3.24907661e-05 
 9.67564000e-02  2.49900081e+00  3.92445582e+00  2.59455231e+00  2.59453308e+00 -3.24908023e-05 
 9.67614000e-02  2.49900256e+00  3.92435211e+00  2.59443918e+00  2.59450715e+00 -3.24915060e-05 
 9.67664000e-02  2.49900530e+00  3.92415563e+00  2.59423338e+00  2.59438849e+00 -3.24928764e-05 
 9.67714000e-02  2.49900903e+00  3.92386656e+00  2.59393511e+00  2.59417721e+00 -3.24949122e-05 
 9.67764000e-02  2.49901373e+00  3.92348518e+00  2.59354466e+00  2.59387351e+00 -3.24976115e-05 
 9.67814000e-02  2.49901940e+00  3.92301185e+00  2.59306240e+00  2.59347769e+00 -3.25009718e-05 
 9.67864000e-02  2.49902604e+00  3.92244703e+00  2.59248879e+00  2.59299012e+00 -3.25049897e-05 
 9.67914000e-02  2.49903364e+00  3.92179127e+00  2.59182439e+00  2.59241128e+00 -3.25096615e-05 
 9.67964000e-02  2.49904220e+00  3.92104518e+00  2.59106983e+00  2.59174172e+00 -3.25149827e-05 
 9.68014000e-02  2.49905170e+00  3.92020949e+00  2.59022584e+00  2.59098207e+00 -3.25209482e-05 
 9.68064000e-02  2.49906214e+00  3.91928501e+00  2.58929323e+00  2.59013309e+00 -3.25275525e-05 
 9.68114000e-02  2.49907350e+00  3.91827262e+00  2.58827290e+00  2.58919557e+00 -3.25347890e-05 
 9.68164000e-02  2.49908577e+00  3.91717330e+00  2.58716583e+00  2.58817042e+00 -3.25426510e-05 
 9.68214000e-02  2.49909895e+00  3.91598810e+00  2.58597308e+00  2.58705864e+00 -3.25511308e-05 
 9.68264000e-02  2.49911302e+00  3.91471817e+00  2.58469581e+00  2.58586128e+00 -3.25602205e-05 
 9.68314000e-02  2.49912796e+00  3.91336473e+00  2.58333525e+00  2.58457951e+00 -3.25699112e-05 
 9.68364000e-02  2.49914377e+00  3.91192908e+00  2.58189271e+00  2.58321456e+00 -3.25801938e-05 
 9.68414000e-02  2.49916042e+00  3.91041261e+00  2.58036958e+00  2.58176774e+00 -3.25910583e-05 
 9.68464000e-02  2.49917790e+00  3.90881679e+00  2.57876733e+00  2.58024046e+00 -3.26024943e-05 
 9.68514000e-02  2.49919618e+00  3.90714316e+00  2.57708750e+00  2.57863418e+00 -3.26144909e-05 
 9.68564000e-02  2.49921527e+00  3.90539332e+00  2.57533173e+00  2.57695045e+00 -3.26270365e-05 
 9.68614000e-02  2.49923512e+00  3.90356898e+00  2.57350171e+00  2.57519092e+00 -3.26401190e-05 
 9.68664000e-02  2.49925574e+00  3.90167190e+00  2.57159921e+00  2.57335726e+00 -3.26537259e-05 
 9.68714000e-02  2.49927708e+00  3.89970391e+00  2.56962606e+00  2.57145127e+00 -3.26678440e-05 
 9.68764000e-02  2.49929914e+00  3.89766693e+00  2.56758420e+00  2.56947479e+00 -3.26824599e-05 
 9.68814000e-02  2.49932189e+00  3.89556293e+00  2.56547559e+00  2.56742972e+00 -3.26975592e-05 
 9.68864000e-02  2.49934531e+00  3.89339394e+00  2.56330227e+00  2.56531806e+00 -3.27131275e-05 
 9.68914000e-02  2.49936938e+00  3.89116208e+00  2.56106637e+00  2.56314185e+00 -3.27291498e-05 
 9.68964000e-02  2.49939407e+00  3.88886951e+00  2.55877005e+00  2.56090321e+00 -3.27456104e-05 
 9.69014000e-02  2.49941935e+00  3.88651846e+00  2.55641554e+00  2.55860431e+00 -3.27624936e-05 
 9.69064000e-02  2.49944521e+00  3.88411122e+00  2.55400514e+00  2.55624738e+00 -3.27797829e-05 
 9.69114000e-02  2.49947162e+00  3.88165014e+00  2.55154119e+00  2.55383473e+00 -3.27974615e-05 
 9.69164000e-02  2.49949855e+00  3.87913761e+00  2.54902609e+00  2.55136869e+00 -3.28155122e-05 
 9.69214000e-02  2.49952597e+00  3.87657608e+00  2.54646230e+00  2.54885168e+00 -3.28339177e-05 
 9.69264000e-02  2.49955386e+00  3.87396805e+00  2.54385233e+00  2.54628615e+00 -3.28526598e-05 
 9.69314000e-02  2.49958220e+00  3.87131607e+00  2.54119871e+00  2.54367460e+00 -3.28717204e-05 
 9.69364000e-02  2.49961094e+00  3.86862273e+00  2.53850404e+00  2.54101958e+00 -3.28910809e-05 
 9.69414000e-02  2.49964007e+00  3.86589067e+00  2.53577096e+00  2.53832369e+00 -3.29107224e-05 
 9.69464000e-02  2.49966955e+00  3.86312256e+00  2.53300215e+00  2.53558957e+00 -3.29306257e-05 
 9.69514000e-02  2.49969936e+00  3.86032112e+00  2.53020031e+00  2.53281989e+00 -3.29507713e-05 
 9.69564000e-02  2.49972947e+00  3.85748908e+00  2.52736820e+00  2.53001737e+00 -3.29711396e-05 
 9.69614000e-02  2.49975984e+00  3.85462924e+00  2.52450860e+00  2.52718475e+00 -3.29917105e-05 
 9.69664000e-02  2.49979045e+00  3.85174439e+00  2.52162430e+00  2.52432482e+00 -3.30124639e-05 
 9.69714000e-02  2.49982127e+00  3.84883738e+00  2.51871815e+00  2.52144038e+00 -3.30333795e-05 
 9.69764000e-02  2.49985226e+00  3.84591106e+00  2.51579301e+00  2.51853427e+00 -3.30544366e-05 
 9.69814000e-02  2.49988340e+00  3.84296831e+00  2.51285176e+00  2.51560935e+00 -3.30756146e-05 
 9.69864000e-02  2.49991465e+00  3.84001203e+00  2.50989728e+00  2.51266850e+00 -3.30968927e-05 
 9.69914000e-02  2.49994599e+00  3.83704514e+00  2.50693250e+00  2.50971461e+00 -3.31182498e-05 
 9.69964000e-02  2.49997738e+00  3.83407056e+00  2.50396034e+00  2.50675059e+00 -3.31396649e-05 
 9.70014000e-02  2.50000880e+00  3.83109122e+00  2.50098373e+00  2.50377937e+00 -3.31611168e-05 
 9.70064000e-02  2.50004020e+00  3.82811008e+00  2.49800562e+00  2.50080389e+00 -3.31825844e-05 
 9.70114000e-02  2.50007157e+00  3.82513008e+00  2.49502894e+00  2.49782707e+00 -3.32040465e-05 
 9.70164000e-02  2.50010286e+00  3.82215416e+00  2.49205664e+00  2.49485187e+00 -3.32254818e-05 
 9.70214000e-02  2.50013406e+00  3.81918527e+00  2.48909166e+00  2.49188123e+00 -3.32468690e-05 
 9.70264000e-02  2.50016512e+00  3.81622635e+00  2.48613694e+00  2.48891808e+00 -3.32681870e-05 
 9.70314000e-02  2.50019601e+00  3.81328033e+00  2.48319541e+00  2.48596537e+00 -3.32894146e-05 
 9.70364000e-02  2.50022672e+00  3.81035014e+00  2.48026999e+00  2.48302602e+00 -3.33105308e-05 
 9.70414000e-02  2.50025720e+00  3.80743868e+00  2.47736357e+00  2.48010293e+00 -3.33315146e-05 
 9.70464000e-02  2.50028743e+00  3.80454884e+00  2.47447904e+00  2.47719902e+00 -3.33523450e-05 
 9.70514000e-02  2.50031737e+00  3.80168349e+00  2.47161927e+00  2.47431717e+00 -3.33730015e-05 
 9.70564000e-02  2.50034700e+00  3.79884549e+00  2.46878711e+00  2.47146024e+00 -3.33934633e-05 
 9.70614000e-02  2.50037629e+00  3.79603765e+00  2.46598536e+00  2.46863107e+00 -3.34137101e-05 
 9.70664000e-02  2.50040521e+00  3.79326277e+00  2.46321681e+00  2.46583247e+00 -3.34337218e-05 
 9.70714000e-02  2.50043372e+00  3.79052360e+00  2.46048423e+00  2.46306722e+00 -3.34534783e-05 
 9.70764000e-02  2.50046181e+00  3.78782288e+00  2.45779032e+00  2.46033809e+00 -3.34729600e-05 
 9.70814000e-02  2.50048944e+00  3.78516331e+00  2.45513779e+00  2.45764779e+00 -3.34921474e-05 
 9.70864000e-02  2.50051659e+00  3.78254752e+00  2.45252927e+00  2.45499900e+00 -3.35110212e-05 
 9.70914000e-02  2.50054323e+00  3.77997813e+00  2.44996736e+00  2.45239435e+00 -3.35295626e-05 
 9.70964000e-02  2.50056934e+00  3.77745770e+00  2.44745462e+00  2.44983646e+00 -3.35477531e-05 
 9.71014000e-02  2.50059488e+00  3.77498875e+00  2.44499355e+00  2.44732787e+00 -3.35655745e-05 
 9.71064000e-02  2.50061983e+00  3.77257375e+00  2.44258663e+00  2.44487108e+00 -3.35830088e-05 
 9.71114000e-02  2.50064418e+00  3.77021510e+00  2.44023624e+00  2.44246855e+00 -3.36000387e-05 
 9.71164000e-02  2.50066788e+00  3.76791517e+00  2.43794474e+00  2.44012268e+00 -3.36166469e-05 
 9.71214000e-02  2.50069093e+00  3.76567625e+00  2.43571443e+00  2.43783581e+00 -3.36328170e-05 
 9.71264000e-02  2.50071330e+00  3.76350058e+00  2.43354752e+00  2.43561023e+00 -3.36485326e-05 
 9.71314000e-02  2.50073496e+00  3.76139034e+00  2.43144620e+00  2.43344817e+00 -3.36637779e-05 
 9.71364000e-02  2.50075590e+00  3.75934764e+00  2.42941255e+00  2.43135178e+00 -3.36785377e-05 
 9.71414000e-02  2.50077609e+00  3.75737453e+00  2.42744862e+00  2.42932318e+00 -3.36927971e-05 
 9.71464000e-02  2.50079552e+00  3.75547298e+00  2.42555638e+00  2.42736438e+00 -3.37065418e-05 
 9.71514000e-02  2.50081416e+00  3.75364489e+00  2.42373772e+00  2.42547734e+00 -3.37197579e-05 
 9.71564000e-02  2.50083199e+00  3.75189210e+00  2.42199446e+00  2.42366397e+00 -3.37324322e-05 
 9.71614000e-02  2.50084901e+00  3.75021637e+00  2.42032834e+00  2.42192607e+00 -3.37445519e-05 
 9.71664000e-02  2.50086519e+00  3.74861937e+00  2.41874105e+00  2.42026539e+00 -3.37561048e-05 
 9.71714000e-02  2.50088051e+00  3.74710270e+00  2.41723416e+00  2.41868360e+00 -3.37670793e-05 
 9.71764000e-02  2.50089497e+00  3.74566788e+00  2.41580920e+00  2.41718227e+00 -3.37774643e-05 
 9.71814000e-02  2.50090854e+00  3.74431636e+00  2.41446758e+00  2.41576291e+00 -3.37872493e-05 
 9.71864000e-02  2.50092121e+00  3.74304949e+00  2.41321067e+00  2.41442695e+00 -3.37964245e-05 
 9.71914000e-02  2.50093298e+00  3.74186854e+00  2.41203971e+00  2.41317572e+00 -3.38049807e-05 
 9.71964000e-02  2.50094382e+00  3.74077470e+00  2.41095588e+00  2.41201049e+00 -3.38129093e-05 
 9.72014000e-02  2.50095374e+00  3.73976906e+00  2.40996027e+00  2.41093242e+00 -3.38202021e-05 
 9.72064000e-02  2.50096271e+00  3.73885263e+00  2.40905388e+00  2.40994260e+00 -3.38268519e-05 
 9.72114000e-02  2.50097073e+00  3.73802633e+00  2.40823762e+00  2.40904201e+00 -3.38328520e-05 
 9.72164000e-02  2.50097780e+00  3.73729100e+00  2.40751230e+00  2.40823156e+00 -3.38381964e-05 
 9.72214000e-02  2.50098390e+00  3.73664736e+00  2.40687867e+00  2.40751206e+00 -3.38428795e-05 
 9.72264000e-02  2.50098903e+00  3.73609607e+00  2.40633734e+00  2.40688425e+00 -3.38468968e-05 
 9.72314000e-02  2.50099318e+00  3.73563768e+00  2.40588888e+00  2.40634874e+00 -3.38502441e-05 
 9.72364000e-02  2.50099635e+00  3.73527265e+00  2.40553372e+00  2.40590607e+00 -3.38529181e-05 
 9.72414000e-02  2.50099854e+00  3.73500134e+00  2.40527222e+00  2.40555669e+00 -3.38549161e-05 
 9.72464000e-02  2.50099974e+00  3.73482404e+00  2.40510465e+00  2.40530096e+00 -3.38562361e-05 
 9.72514000e-02  2.50099996e+00  3.73474090e+00  2.40503117e+00  2.40513912e+00 -3.38568767e-05 
 9.72564000e-02  2.50099919e+00  3.73475203e+00  2.40505187e+00  2.40507134e+00 -3.38568373e-05 
 9.72614000e-02  2.50099744e+00  3.73485741e+00  2.40516671e+00  2.40509769e+00 -3.38561180e-05 
 9.72664000e-02  2.50099470e+00  3.73505693e+00  2.40537558e+00  2.40521814e+00 -3.38547194e-05 
 9.72714000e-02  2.50099097e+00  3.73535039e+00  2.40567827e+00  2.40543257e+00 -3.38526430e-05 
 9.72764000e-02  2.50098627e+00  3.73573749e+00  2.40607448e+00  2.40574077e+00 -3.38498909e-05 
 9.72814000e-02  2.50098060e+00  3.73621786e+00  2.40656381e+00  2.40614242e+00 -3.38464658e-05 
 9.72864000e-02  2.50097396e+00  3.73679100e+00  2.40714577e+00  2.40663712e+00 -3.38423713e-05 
 9.72914000e-02  2.50096636e+00  3.73745634e+00  2.40781977e+00  2.40722438e+00 -3.38376115e-05 
 9.72964000e-02  2.50095780e+00  3.73821321e+00  2.40858514e+00  2.40790360e+00 -3.38321911e-05 
 9.73014000e-02  2.50094830e+00  3.73906085e+00  2.40944111e+00  2.40867411e+00 -3.38261156e-05 
 9.73064000e-02  2.50093786e+00  3.73999841e+00  2.41038682e+00  2.40953512e+00 -3.38193913e-05 
 9.73114000e-02  2.50092650e+00  3.74102495e+00  2.41142132e+00  2.41048578e+00 -3.38120247e-05 
 9.73164000e-02  2.50091423e+00  3.74213944e+00  2.41254357e+00  2.41152513e+00 -3.38040235e-05 
 9.73214000e-02  2.50090105e+00  3.74334075e+00  2.41375245e+00  2.41265213e+00 -3.37953956e-05 
 9.73264000e-02  2.50088698e+00  3.74462770e+00  2.41504673e+00  2.41386564e+00 -3.37861498e-05 
 9.73314000e-02  2.50087204e+00  3.74599897e+00  2.41642514e+00  2.41516446e+00 -3.37762954e-05 
 9.73364000e-02  2.50085623e+00  3.74745320e+00  2.41788627e+00  2.41654727e+00 -3.37658423e-05 
 9.73414000e-02  2.50083958e+00  3.74898893e+00  2.41942867e+00  2.41801268e+00 -3.37548010e-05 
 9.73464000e-02  2.50082210e+00  3.75060462e+00  2.42105079e+00  2.41955924e+00 -3.37431827e-05 
 9.73514000e-02  2.50080382e+00  3.75229865e+00  2.42275100e+00  2.42118539e+00 -3.37309991e-05 
 9.73564000e-02  2.50078473e+00  3.75406932e+00  2.42452760e+00  2.42288949e+00 -3.37182624e-05 
 9.73614000e-02  2.50076488e+00  3.75591485e+00  2.42637881e+00  2.42466985e+00 -3.37049855e-05 
 9.73664000e-02  2.50074426e+00  3.75783340e+00  2.42830277e+00  2.42652467e+00 -3.36911817e-05 
 9.73714000e-02  2.50072292e+00  3.75982305e+00  2.43029756e+00  2.42845210e+00 -3.36768649e-05 
 9.73764000e-02  2.50070086e+00  3.76188180e+00  2.43236118e+00  2.43045021e+00 -3.36620495e-05 
 9.73814000e-02  2.50067811e+00  3.76400760e+00  2.43449157e+00  2.43251699e+00 -3.36467503e-05 
 9.73864000e-02  2.50065469e+00  3.76619831e+00  2.43668659e+00  2.43465039e+00 -3.36309828e-05 
 9.73914000e-02  2.50063062e+00  3.76845175e+00  2.43894405e+00  2.43684826e+00 -3.36147628e-05 
 9.73964000e-02  2.50060593e+00  3.77076566e+00  2.44126169e+00  2.43910840e+00 -3.35981066e-05 
 9.74014000e-02  2.50058065e+00  3.77313772e+00  2.44363719e+00  2.44142857e+00 -3.35810308e-05 
 9.74064000e-02  2.50055479e+00  3.77556558e+00  2.44606818e+00  2.44380642e+00 -3.35635526e-05 
 9.74114000e-02  2.50052838e+00  3.77804680e+00  2.44855223e+00  2.44623961e+00 -3.35456896e-05 
 9.74164000e-02  2.50050145e+00  3.78057890e+00  2.45108687e+00  2.44872568e+00 -3.35274595e-05 
 9.74214000e-02  2.50047403e+00  3.78315936e+00  2.45366955e+00  2.45126216e+00 -3.35088807e-05 
 9.74264000e-02  2.50044614e+00  3.78578561e+00  2.45629772e+00  2.45384652e+00 -3.34899717e-05 
 9.74314000e-02  2.50041780e+00  3.78845502e+00  2.45896873e+00  2.45647618e+00 -3.34707515e-05 
 9.74364000e-02  2.50038906e+00  3.79116493e+00  2.46167994e+00  2.45914851e+00 -3.34512392e-05 
 9.74414000e-02  2.50035993e+00  3.79391265e+00  2.46442864e+00  2.46186086e+00 -3.34314544e-05 
 9.74464000e-02  2.50033045e+00  3.79669544e+00  2.46721210e+00  2.46461052e+00 -3.34114168e-05 
 9.74514000e-02  2.50030064e+00  3.79951052e+00  2.47002754e+00  2.46739476e+00 -3.33911464e-05 
 9.74564000e-02  2.50027053e+00  3.80235511e+00  2.47287216e+00  2.47021079e+00 -3.33706633e-05 
 9.74614000e-02  2.50024016e+00  3.80522636e+00  2.47574314e+00  2.47305584e+00 -3.33499881e-05 
 9.74664000e-02  2.50020955e+00  3.80812143e+00  2.47863762e+00  2.47592705e+00 -3.33291412e-05 
 9.74714000e-02  2.50017873e+00  3.81103745e+00  2.48155273e+00  2.47882158e+00 -3.33081434e-05 
 9.74764000e-02  2.50014774e+00  3.81397151e+00  2.48448558e+00  2.48173656e+00 -3.32870157e-05 
 9.74814000e-02  2.50011660e+00  3.81692071e+00  2.48743325e+00  2.48466910e+00 -3.32657788e-05 
 9.74864000e-02  2.50008535e+00  3.81988212e+00  2.49039282e+00  2.48761628e+00 -3.32444541e-05 
 9.74914000e-02  2.50005401e+00  3.82285281e+00  2.49336137e+00  2.49057518e+00 -3.32230625e-05 
 9.74964000e-02  2.50002262e+00  3.82582984e+00  2.49633595e+00  2.49354287e+00 -3.32016253e-05 
 9.75014000e-02  2.49999120e+00  3.82881026e+00  2.49931361e+00  2.49651642e+00 -3.31801637e-05 
 9.75064000e-02  2.49995980e+00  3.83179113e+00  2.50229142e+00  2.49949288e+00 -3.31586990e-05 
 9.75114000e-02  2.49992843e+00  3.83476950e+00  2.50526644e+00  2.50246930e+00 -3.31372523e-05 
 9.75164000e-02  2.49989714e+00  3.83774243e+00  2.50823571e+00  2.50544276e+00 -3.31158449e-05 
 9.75214000e-02  2.49986594e+00  3.84070698e+00  2.51119633e+00  2.50841030e+00 -3.30944978e-05 
 9.75264000e-02  2.49983488e+00  3.84366023e+00  2.51414535e+00  2.51136901e+00 -3.30732321e-05 
 9.75314000e-02  2.49980399e+00  3.84659928e+00  2.51707989e+00  2.51431596e+00 -3.30520687e-05 
 9.75364000e-02  2.49977328e+00  3.84952122e+00  2.51999704e+00  2.51724826e+00 -3.30310285e-05 
 9.75414000e-02  2.49974280e+00  3.85242318e+00  2.52289395e+00  2.52016301e+00 -3.30101321e-05 
 9.75464000e-02  2.49971257e+00  3.85530232e+00  2.52576776e+00  2.52305734e+00 -3.29894002e-05 
 9.75514000e-02  2.49968263e+00  3.85815579e+00  2.52861564e+00  2.52592842e+00 -3.29688529e-05 
 9.75564000e-02  2.49965300e+00  3.86098080e+00  2.53143481e+00  2.52877342e+00 -3.29485105e-05 
 9.75614000e-02  2.49962371e+00  3.86377459e+00  2.53422249e+00  2.53158955e+00 -3.29283928e-05 
 9.75664000e-02  2.49959479e+00  3.86653440e+00  2.53697596e+00  2.53437405e+00 -3.29085196e-05 
 9.75714000e-02  2.49956628e+00  3.86925753e+00  2.53969251e+00  2.53712417e+00 -3.28889103e-05 
 9.75764000e-02  2.49953819e+00  3.87194133e+00  2.54236949e+00  2.53983725e+00 -3.28695840e-05 
 9.75814000e-02  2.49951056e+00  3.87458316e+00  2.54500428e+00  2.54251061e+00 -3.28505596e-05 
 9.75864000e-02  2.49948341e+00  3.87718045e+00  2.54759431e+00  2.54514164e+00 -3.28318556e-05 
 9.75914000e-02  2.49945677e+00  3.87973066e+00  2.55013704e+00  2.54772777e+00 -3.28134902e-05 
 9.75964000e-02  2.49943066e+00  3.88223129e+00  2.55263000e+00  2.55026649e+00 -3.27954814e-05 
 9.76014000e-02  2.49940512e+00  3.88467992e+00  2.55507075e+00  2.55275530e+00 -3.27778465e-05 
 9.76064000e-02  2.49938017e+00  3.88707415e+00  2.55745692e+00  2.55519178e+00 -3.27606027e-05 
 9.76114000e-02  2.49935582e+00  3.88941166e+00  2.55978619e+00  2.55757357e+00 -3.27437668e-05 
 9.76164000e-02  2.49933212e+00  3.89169017e+00  2.56205628e+00  2.55989834e+00 -3.27273550e-05 
 9.76214000e-02  2.49930907e+00  3.89390747e+00  2.56426500e+00  2.56216382e+00 -3.27113833e-05 
 9.76264000e-02  2.49928670e+00  3.89606140e+00  2.56641019e+00  2.56436783e+00 -3.26958670e-05 
 9.76314000e-02  2.49926504e+00  3.89814987e+00  2.56848977e+00  2.56650821e+00 -3.26808212e-05 
 9.76364000e-02  2.49924410e+00  3.90017086e+00  2.57050174e+00  2.56858289e+00 -3.26662605e-05 
 9.76414000e-02  2.49922391e+00  3.90212240e+00  2.57244413e+00  2.57058986e+00 -3.26521988e-05 
 9.76464000e-02  2.49920448e+00  3.90400261e+00  2.57431506e+00  2.57252718e+00 -3.26386497e-05 
 9.76514000e-02  2.49918584e+00  3.90580967e+00  2.57611273e+00  2.57439296e+00 -3.26256263e-05 
 9.76564000e-02  2.49916801e+00  3.90754183e+00  2.57783540e+00  2.57618539e+00 -3.26131410e-05 
 9.76614000e-02  2.49915099e+00  3.90919741e+00  2.57948140e+00  2.57790276e+00 -3.26012060e-05 
 9.76664000e-02  2.49913481e+00  3.91077481e+00  2.58104914e+00  2.57954339e+00 -3.25898326e-05 
 9.76714000e-02  2.49911949e+00  3.91227252e+00  2.58253710e+00  2.58110570e+00 -3.25790318e-05 
 9.76764000e-02  2.49910503e+00  3.91368908e+00  2.58394386e+00  2.58258819e+00 -3.25688139e-05 
 9.76814000e-02  2.49909146e+00  3.91502313e+00  2.58526804e+00  2.58398941e+00 -3.25591889e-05 
 9.76864000e-02  2.49907879e+00  3.91627338e+00  2.58650839e+00  2.58530802e+00 -3.25501657e-05 
 9.76914000e-02  2.49906702e+00  3.91743863e+00  2.58766369e+00  2.58654276e+00 -3.25417532e-05 
 9.76964000e-02  2.49905618e+00  3.91851776e+00  2.58873285e+00  2.58769242e+00 -3.25339594e-05 
 9.77014000e-02  2.49904626e+00  3.91950972e+00  2.58971482e+00  2.58875590e+00 -3.25267917e-05 
 9.77064000e-02  2.49903729e+00  3.92041356e+00  2.59060867e+00  2.58973219e+00 -3.25202570e-05 
 9.77114000e-02  2.49902927e+00  3.92122841e+00  2.59141354e+00  2.59062032e+00 -3.25143615e-05 
 9.77164000e-02  2.49902220e+00  3.92195349e+00  2.59212864e+00  2.59141947e+00 -3.25091109e-05 
 9.77214000e-02  2.49901610e+00  3.92258810e+00  2.59275330e+00  2.59212884e+00 -3.25045101e-05 
 9.77264000e-02  2.49901097e+00  3.92313163e+00  2.59328691e+00  2.59274777e+00 -3.25005637e-05 
 9.77314000e-02  2.49900682e+00  3.92358356e+00  2.59372896e+00  2.59327566e+00 -3.24972753e-05 
 9.77364000e-02  2.49900365e+00  3.92394345e+00  2.59407902e+00  2.59371200e+00 -3.24946480e-05 
 9.77414000e-02  2.49900146e+00  3.92421096e+00  2.59433676e+00  2.59405637e+00 -3.24926845e-05 
 9.77464000e-02  2.49900026e+00  3.92438583e+00  2.59450194e+00  2.59430844e+00 -3.24913866e-05 
 9.77514000e-02  2.49900004e+00  3.92446789e+00  2.59457439e+00  2.59446797e+00 -3.24907554e-05 
 9.77564000e-02  2.49900081e+00  3.92445706e+00  2.59455403e+00  2.59453480e+00 -3.24907917e-05 
 9.77614000e-02  2.49900256e+00  3.92435336e+00  2.59444091e+00  2.59450888e+00 -3.24914954e-05 
 9.77664000e-02  2.49900530e+00  3.92415687e+00  2.59423511e+00  2.59439022e+00 -3.24928658e-05 
 9.77714000e-02  2.49900903e+00  3.92386780e+00  2.59393684e+00  2.59417894e+00 -3.24949016e-05 
 9.77764000e-02  2.49901373e+00  3.92348642e+00  2.59354639e+00  2.59387524e+00 -3.24976009e-05 
 9.77814000e-02  2.49901940e+00  3.92301309e+00  2.59306413e+00  2.59347942e+00 -3.25009611e-05 
 9.77864000e-02  2.49902604e+00  3.92244827e+00  2.59249052e+00  2.59299185e+00 -3.25049790e-05 
 9.77914000e-02  2.49903364e+00  3.92179251e+00  2.59182611e+00  2.59241301e+00 -3.25096508e-05 
 9.77964000e-02  2.49904220e+00  3.92104642e+00  2.59107155e+00  2.59174344e+00 -3.25149720e-05 
 9.78014000e-02  2.49905170e+00  3.92021074e+00  2.59022756e+00  2.59098380e+00 -3.25209376e-05 
 9.78064000e-02  2.49906214e+00  3.91928625e+00  2.58929495e+00  2.59013481e+00 -3.25275418e-05 
 9.78114000e-02  2.49907350e+00  3.91827386e+00  2.58827462e+00  2.58919729e+00 -3.25347784e-05 
 9.78164000e-02  2.49908577e+00  3.91717454e+00  2.58716755e+00  2.58817215e+00 -3.25426403e-05 
 9.78214000e-02  2.49909895e+00  3.91598934e+00  2.58597481e+00  2.58706036e+00 -3.25511202e-05 
 9.78264000e-02  2.49911302e+00  3.91471941e+00  2.58469754e+00  2.58586301e+00 -3.25602099e-05 
 9.78314000e-02  2.49912796e+00  3.91336597e+00  2.58333698e+00  2.58458124e+00 -3.25699006e-05 
 9.78364000e-02  2.49914377e+00  3.91193032e+00  2.58189443e+00  2.58321628e+00 -3.25801832e-05 
 9.78414000e-02  2.49916042e+00  3.91041386e+00  2.58037130e+00  2.58176947e+00 -3.25910477e-05 
 9.78464000e-02  2.49917790e+00  3.90881803e+00  2.57876905e+00  2.58024218e+00 -3.26024837e-05 
 9.78514000e-02  2.49919618e+00  3.90714440e+00  2.57708923e+00  2.57863590e+00 -3.26144802e-05 
 9.78564000e-02  2.49921527e+00  3.90539456e+00  2.57533345e+00  2.57695218e+00 -3.26270258e-05 
 9.78614000e-02  2.49923512e+00  3.90357022e+00  2.57350343e+00  2.57519264e+00 -3.26401083e-05 
 9.78664000e-02  2.49925574e+00  3.90167314e+00  2.57160093e+00  2.57335899e+00 -3.26537152e-05 
 9.78714000e-02  2.49927708e+00  3.89970516e+00  2.56962779e+00  2.57145300e+00 -3.26678334e-05 
 9.78764000e-02  2.49929914e+00  3.89766817e+00  2.56758592e+00  2.56947651e+00 -3.26824492e-05 
 9.78814000e-02  2.49932189e+00  3.89556417e+00  2.56547731e+00  2.56743144e+00 -3.26975486e-05 
 9.78864000e-02  2.49934531e+00  3.89339518e+00  2.56330400e+00  2.56531978e+00 -3.27131169e-05 
 9.78914000e-02  2.49936938e+00  3.89116332e+00  2.56106809e+00  2.56314358e+00 -3.27291391e-05 
 9.78964000e-02  2.49939407e+00  3.88887075e+00  2.55877177e+00  2.56090493e+00 -3.27455998e-05 
 9.79014000e-02  2.49941935e+00  3.88651971e+00  2.55641726e+00  2.55860603e+00 -3.27624829e-05 
 9.79064000e-02  2.49944521e+00  3.88411247e+00  2.55400686e+00  2.55624911e+00 -3.27797722e-05 
 9.79114000e-02  2.49947162e+00  3.88165138e+00  2.55154291e+00  2.55383645e+00 -3.27974508e-05 
 9.79164000e-02  2.49949855e+00  3.87913885e+00  2.54902782e+00  2.55137042e+00 -3.28155016e-05 
 9.79214000e-02  2.49952597e+00  3.87657732e+00  2.54646403e+00  2.54885341e+00 -3.28339070e-05 
 9.79264000e-02  2.49955386e+00  3.87396929e+00  2.54385405e+00  2.54628787e+00 -3.28526491e-05 
 9.79314000e-02  2.49958220e+00  3.87131732e+00  2.54120043e+00  2.54367632e+00 -3.28717097e-05 
 9.79364000e-02  2.49961094e+00  3.86862398e+00  2.53850576e+00  2.54102131e+00 -3.28910702e-05 
 9.79414000e-02  2.49964007e+00  3.86589192e+00  2.53577269e+00  2.53832542e+00 -3.29107117e-05 
 9.79464000e-02  2.49966955e+00  3.86312381e+00  2.53300387e+00  2.53559129e+00 -3.29306150e-05 
 9.79514000e-02  2.49969936e+00  3.86032237e+00  2.53020204e+00  2.53282161e+00 -3.29507606e-05 
 9.79564000e-02  2.49972947e+00  3.85749033e+00  2.52736993e+00  2.53001909e+00 -3.29711289e-05 
 9.79614000e-02  2.49975984e+00  3.85463049e+00  2.52451032e+00  2.52718648e+00 -3.29916998e-05 
 9.79664000e-02  2.49979045e+00  3.85174564e+00  2.52162603e+00  2.52432654e+00 -3.30124532e-05 
 9.79714000e-02  2.49982127e+00  3.84883863e+00  2.51871988e+00  2.52144211e+00 -3.30333688e-05 
 9.79764000e-02  2.49985226e+00  3.84591230e+00  2.51579474e+00  2.51853600e+00 -3.30544259e-05 
 9.79814000e-02  2.49988340e+00  3.84296956e+00  2.51285348e+00  2.51561108e+00 -3.30756039e-05 
 9.79864000e-02  2.49991465e+00  3.84001328e+00  2.50989901e+00  2.51267022e+00 -3.30968820e-05 
 9.79914000e-02  2.49994599e+00  3.83704639e+00  2.50693423e+00  2.50971633e+00 -3.31182391e-05 
 9.79964000e-02  2.49997738e+00  3.83407181e+00  2.50396207e+00  2.50675232e+00 -3.31396542e-05 
 9.80014000e-02  2.50000880e+00  3.83109247e+00  2.50098546e+00  2.50378110e+00 -3.31611061e-05 
 9.80064000e-02  2.50004020e+00  3.82811133e+00  2.49800734e+00  2.50080561e+00 -3.31825737e-05 
 9.80114000e-02  2.50007157e+00  3.82513133e+00  2.49503066e+00  2.49782880e+00 -3.32040358e-05 
 9.80164000e-02  2.50010286e+00  3.82215540e+00  2.49205836e+00  2.49485360e+00 -3.32254711e-05 
 9.80214000e-02  2.50013406e+00  3.81918652e+00  2.48909339e+00  2.49188296e+00 -3.32468583e-05 
 9.80264000e-02  2.50016512e+00  3.81622760e+00  2.48613867e+00  2.48891981e+00 -3.32681763e-05 
 9.80314000e-02  2.50019601e+00  3.81328158e+00  2.48319714e+00  2.48596710e+00 -3.32894039e-05 
 9.80364000e-02  2.50022672e+00  3.81035139e+00  2.48027171e+00  2.48302774e+00 -3.33105201e-05 
 9.80414000e-02  2.50025720e+00  3.80743993e+00  2.47736529e+00  2.48010466e+00 -3.33315039e-05 
 9.80464000e-02  2.50028743e+00  3.80455009e+00  2.47448077e+00  2.47720075e+00 -3.33523343e-05 
 9.80514000e-02  2.50031737e+00  3.80168475e+00  2.47162100e+00  2.47431890e+00 -3.33729907e-05 
 9.80564000e-02  2.50034700e+00  3.79884674e+00  2.46878883e+00  2.47146197e+00 -3.33934526e-05 
 9.80614000e-02  2.50037629e+00  3.79603890e+00  2.46598708e+00  2.46863279e+00 -3.34136994e-05 
 9.80664000e-02  2.50040521e+00  3.79326402e+00  2.46321854e+00  2.46583419e+00 -3.34337111e-05 
 9.80714000e-02  2.50043372e+00  3.79052485e+00  2.46048595e+00  2.46306895e+00 -3.34534676e-05 
 9.80764000e-02  2.50046181e+00  3.78782414e+00  2.45779205e+00  2.46033982e+00 -3.34729493e-05 
 9.80814000e-02  2.50048944e+00  3.78516456e+00  2.45513952e+00  2.45764952e+00 -3.34921366e-05 
 9.80864000e-02  2.50051659e+00  3.78254877e+00  2.45253099e+00  2.45500072e+00 -3.35110105e-05 
 9.80914000e-02  2.50054323e+00  3.77997938e+00  2.44996908e+00  2.45239608e+00 -3.35295519e-05 
 9.80964000e-02  2.50056934e+00  3.77745895e+00  2.44745634e+00  2.44983819e+00 -3.35477424e-05 
 9.81014000e-02  2.50059488e+00  3.77499001e+00  2.44499528e+00  2.44732959e+00 -3.35655637e-05 
 9.81064000e-02  2.50061983e+00  3.77257500e+00  2.44258835e+00  2.44487280e+00 -3.35829981e-05 
 9.81114000e-02  2.50064418e+00  3.77021635e+00  2.44023797e+00  2.44247027e+00 -3.36000279e-05 
 9.81164000e-02  2.50066788e+00  3.76791642e+00  2.43794647e+00  2.44012440e+00 -3.36166362e-05 
 9.81214000e-02  2.50069093e+00  3.76567750e+00  2.43571615e+00  2.43783753e+00 -3.36328062e-05 
 9.81264000e-02  2.50071330e+00  3.76350183e+00  2.43354925e+00  2.43561196e+00 -3.36485218e-05 
 9.81314000e-02  2.50073496e+00  3.76139159e+00  2.43144792e+00  2.43344989e+00 -3.36637672e-05 
 9.81364000e-02  2.50075590e+00  3.75934890e+00  2.42941428e+00  2.43135351e+00 -3.36785270e-05 
 9.81414000e-02  2.50077609e+00  3.75737578e+00  2.42745035e+00  2.42932490e+00 -3.36927864e-05 
 9.81464000e-02  2.50079552e+00  3.75547423e+00  2.42555811e+00  2.42736610e+00 -3.37065310e-05 
 9.81514000e-02  2.50081416e+00  3.75364615e+00  2.42373944e+00  2.42547907e+00 -3.37197472e-05 
 9.81564000e-02  2.50083199e+00  3.75189336e+00  2.42199618e+00  2.42366570e+00 -3.37324215e-05 
 9.81614000e-02  2.50084901e+00  3.75021762e+00  2.42033007e+00  2.42192780e+00 -3.37445412e-05 
 9.81664000e-02  2.50086519e+00  3.74862062e+00  2.41874277e+00  2.42026712e+00 -3.37560941e-05 
 9.81714000e-02  2.50088051e+00  3.74710395e+00  2.41723589e+00  2.41868532e+00 -3.37670685e-05 
 9.81764000e-02  2.50089497e+00  3.74566914e+00  2.41581092e+00  2.41718399e+00 -3.37774535e-05 
 9.81814000e-02  2.50090854e+00  3.74431762e+00  2.41446931e+00  2.41576463e+00 -3.37872386e-05 
 9.81864000e-02  2.50092121e+00  3.74305075e+00  2.41321239e+00  2.41442867e+00 -3.37964138e-05 
 9.81914000e-02  2.50093298e+00  3.74186980e+00  2.41204143e+00  2.41317745e+00 -3.38049700e-05 
 9.81964000e-02  2.50094382e+00  3.74077596e+00  2.41095760e+00  2.41201222e+00 -3.38128985e-05 
 9.82014000e-02  2.50095374e+00  3.73977031e+00  2.40996199e+00  2.41093415e+00 -3.38201914e-05 
 9.82064000e-02  2.50096271e+00  3.73885389e+00  2.40905560e+00  2.40994432e+00 -3.38268412e-05 
 9.82114000e-02  2.50097073e+00  3.73802759e+00  2.40823934e+00  2.40904373e+00 -3.38328413e-05 
 9.82164000e-02  2.50097780e+00  3.73729225e+00  2.40751403e+00  2.40823328e+00 -3.38381856e-05 
 9.82214000e-02  2.50098390e+00  3.73664862e+00  2.40688039e+00  2.40751379e+00 -3.38428688e-05 
 9.82264000e-02  2.50098903e+00  3.73609733e+00  2.40633907e+00  2.40688597e+00 -3.38468861e-05 
 9.82314000e-02  2.50099318e+00  3.73563894e+00  2.40589060e+00  2.40635046e+00 -3.38502334e-05 
 9.82364000e-02  2.50099635e+00  3.73527390e+00  2.40553544e+00  2.40590779e+00 -3.38529074e-05 
 9.82414000e-02  2.50099854e+00  3.73500260e+00  2.40527394e+00  2.40555842e+00 -3.38549054e-05 
 9.82464000e-02  2.50099974e+00  3.73482529e+00  2.40510637e+00  2.40530268e+00 -3.38562254e-05 
 9.82514000e-02  2.50099996e+00  3.73474216e+00  2.40503290e+00  2.40514084e+00 -3.38568660e-05 
 9.82564000e-02  2.50099919e+00  3.73475329e+00  2.40505359e+00  2.40507307e+00 -3.38568266e-05 
 9.82614000e-02  2.50099744e+00  3.73485866e+00  2.40516843e+00  2.40509942e+00 -3.38561072e-05 
 9.82664000e-02  2.50099470e+00  3.73505818e+00  2.40537730e+00  2.40521987e+00 -3.38547086e-05 
 9.82714000e-02  2.50099097e+00  3.73535164e+00  2.40567999e+00  2.40543430e+00 -3.38526323e-05 
 9.82764000e-02  2.50098627e+00  3.73573875e+00  2.40607620e+00  2.40574249e+00 -3.38498801e-05 
 9.82814000e-02  2.50098060e+00  3.73621911e+00  2.40656553e+00  2.40614414e+00 -3.38464551e-05 
 9.82864000e-02  2.50097396e+00  3.73679225e+00  2.40714749e+00  2.40663884e+00 -3.38423606e-05 
 9.82914000e-02  2.50096636e+00  3.73745759e+00  2.40782149e+00  2.40722610e+00 -3.38376007e-05 
 9.82964000e-02  2.50095780e+00  3.73821446e+00  2.40858686e+00  2.40790532e+00 -3.38321804e-05 
 9.83014000e-02  2.50094830e+00  3.73906210e+00  2.40944283e+00  2.40867583e+00 -3.38261049e-05 
 9.83064000e-02  2.50093786e+00  3.73999966e+00  2.41038854e+00  2.40953684e+00 -3.38193805e-05 
 9.83114000e-02  2.50092650e+00  3.74102620e+00  2.41142304e+00  2.41048750e+00 -3.38120140e-05 
 9.83164000e-02  2.50091423e+00  3.74214069e+00  2.41254529e+00  2.41152685e+00 -3.38040128e-05 
 9.83214000e-02  2.50090105e+00  3.74334201e+00  2.41375417e+00  2.41265385e+00 -3.37953849e-05 
 9.83264000e-02  2.50088698e+00  3.74462895e+00  2.41504845e+00  2.41386736e+00 -3.37861391e-05 
 9.83314000e-02  2.50087204e+00  3.74600022e+00  2.41642685e+00  2.41516618e+00 -3.37762847e-05 
 9.83364000e-02  2.50085623e+00  3.74745445e+00  2.41788799e+00  2.41654898e+00 -3.37658316e-05 
 9.83414000e-02  2.50083958e+00  3.74899018e+00  2.41943039e+00  2.41801440e+00 -3.37547903e-05 
 9.83464000e-02  2.50082210e+00  3.75060587e+00  2.42105250e+00  2.41956096e+00 -3.37431720e-05 
 9.83514000e-02  2.50080382e+00  3.75229990e+00  2.42275271e+00  2.42118710e+00 -3.37309884e-05 
 9.83564000e-02  2.50078473e+00  3.75407057e+00  2.42452931e+00  2.42289121e+00 -3.37182517e-05 
 9.83614000e-02  2.50076488e+00  3.75591610e+00  2.42638052e+00  2.42467156e+00 -3.37049748e-05 
 9.83664000e-02  2.50074426e+00  3.75783465e+00  2.42830449e+00  2.42652638e+00 -3.36911710e-05 
 9.83714000e-02  2.50072292e+00  3.75982430e+00  2.43029928e+00  2.42845381e+00 -3.36768542e-05 
 9.83764000e-02  2.50070086e+00  3.76188305e+00  2.43236290e+00  2.43045192e+00 -3.36620388e-05 
 9.83814000e-02  2.50067811e+00  3.76400885e+00  2.43449328e+00  2.43251871e+00 -3.36467396e-05 
 9.83864000e-02  2.50065469e+00  3.76619956e+00  2.43668830e+00  2.43465210e+00 -3.36309722e-05 
 9.83914000e-02  2.50063062e+00  3.76845300e+00  2.43894576e+00  2.43684997e+00 -3.36147521e-05 
 9.83964000e-02  2.50060593e+00  3.77076691e+00  2.44126340e+00  2.43911012e+00 -3.35980959e-05 
 9.84014000e-02  2.50058065e+00  3.77313897e+00  2.44363890e+00  2.44143028e+00 -3.35810201e-05 
 9.84064000e-02  2.50055479e+00  3.77556683e+00  2.44606989e+00  2.44380814e+00 -3.35635420e-05 
 9.84114000e-02  2.50052838e+00  3.77804804e+00  2.44855394e+00  2.44624132e+00 -3.35456789e-05 
 9.84164000e-02  2.50050145e+00  3.78058015e+00  2.45108858e+00  2.44872739e+00 -3.35274488e-05 
 9.84214000e-02  2.50047403e+00  3.78316061e+00  2.45367126e+00  2.45126387e+00 -3.35088700e-05 
 9.84264000e-02  2.50044614e+00  3.78578685e+00  2.45629943e+00  2.45384823e+00 -3.34899610e-05 
 9.84314000e-02  2.50041780e+00  3.78845626e+00  2.45897044e+00  2.45647788e+00 -3.34707408e-05 
 9.84364000e-02  2.50038906e+00  3.79116618e+00  2.46168165e+00  2.45915022e+00 -3.34512286e-05 
 9.84414000e-02  2.50035993e+00  3.79391390e+00  2.46443035e+00  2.46186257e+00 -3.34314438e-05 
 9.84464000e-02  2.50033045e+00  3.79669668e+00  2.46721381e+00  2.46461223e+00 -3.34114061e-05 
 9.84514000e-02  2.50030064e+00  3.79951177e+00  2.47002925e+00  2.46739646e+00 -3.33911357e-05 
 9.84564000e-02  2.50027053e+00  3.80235635e+00  2.47287387e+00  2.47021250e+00 -3.33706527e-05 
 9.84614000e-02  2.50024016e+00  3.80522761e+00  2.47574485e+00  2.47305754e+00 -3.33499774e-05 
 9.84664000e-02  2.50020955e+00  3.80812268e+00  2.47863933e+00  2.47592875e+00 -3.33291306e-05 
 9.84714000e-02  2.50017873e+00  3.81103869e+00  2.48155444e+00  2.47882329e+00 -3.33081328e-05 
 9.84764000e-02  2.50014774e+00  3.81397275e+00  2.48448728e+00  2.48173827e+00 -3.32870050e-05 
 9.84814000e-02  2.50011660e+00  3.81692195e+00  2.48743495e+00  2.48467080e+00 -3.32657682e-05 
 9.84864000e-02  2.50008535e+00  3.81988336e+00  2.49039452e+00  2.48761798e+00 -3.32444435e-05 
 9.84914000e-02  2.50005401e+00  3.82285405e+00  2.49336307e+00  2.49057688e+00 -3.32230519e-05 
 9.84964000e-02  2.50002262e+00  3.82583108e+00  2.49633765e+00  2.49354457e+00 -3.32016147e-05 
 9.85014000e-02  2.49999120e+00  3.82881151e+00  2.49931531e+00  2.49651812e+00 -3.31801531e-05 
 9.85064000e-02  2.49995980e+00  3.83179237e+00  2.50229312e+00  2.49949458e+00 -3.31586884e-05 
 9.85114000e-02  2.49992843e+00  3.83477074e+00  2.50526813e+00  2.50247100e+00 -3.31372417e-05 
 9.85164000e-02  2.49989714e+00  3.83774367e+00  2.50823741e+00  2.50544445e+00 -3.31158343e-05 
 9.85214000e-02  2.49986594e+00  3.84070822e+00  2.51119802e+00  2.50841200e+00 -3.30944872e-05 
 9.85264000e-02  2.49983488e+00  3.84366147e+00  2.51414705e+00  2.51137071e+00 -3.30732215e-05 
 9.85314000e-02  2.49980399e+00  3.84660051e+00  2.51708159e+00  2.51431766e+00 -3.30520581e-05 
 9.85364000e-02  2.49977328e+00  3.84952246e+00  2.51999874e+00  2.51724995e+00 -3.30310179e-05 
 9.85414000e-02  2.49974280e+00  3.85242442e+00  2.52289565e+00  2.52016470e+00 -3.30101216e-05 
 9.85464000e-02  2.49971257e+00  3.85530355e+00  2.52576945e+00  2.52305904e+00 -3.29893896e-05 
 9.85514000e-02  2.49968263e+00  3.85815703e+00  2.52861734e+00  2.52593012e+00 -3.29688423e-05 
 9.85564000e-02  2.49965300e+00  3.86098204e+00  2.53143650e+00  2.52877512e+00 -3.29484999e-05 
 9.85614000e-02  2.49962371e+00  3.86377582e+00  2.53422418e+00  2.53159125e+00 -3.29283823e-05 
 9.85664000e-02  2.49959479e+00  3.86653563e+00  2.53697765e+00  2.53437574e+00 -3.29085091e-05 
 9.85714000e-02  2.49956628e+00  3.86925877e+00  2.53969420e+00  2.53712587e+00 -3.28888998e-05 
 9.85764000e-02  2.49953819e+00  3.87194256e+00  2.54237118e+00  2.53983894e+00 -3.28695735e-05 
 9.85814000e-02  2.49951056e+00  3.87458440e+00  2.54500597e+00  2.54251230e+00 -3.28505491e-05 
 9.85864000e-02  2.49948341e+00  3.87718168e+00  2.54759600e+00  2.54514333e+00 -3.28318451e-05 
 9.85914000e-02  2.49945677e+00  3.87973189e+00  2.55013873e+00  2.54772946e+00 -3.28134797e-05 
 9.85964000e-02  2.49943066e+00  3.88223252e+00  2.55263169e+00  2.55026818e+00 -3.27954708e-05 
 9.86014000e-02  2.49940512e+00  3.88468115e+00  2.55507244e+00  2.55275699e+00 -3.27778360e-05 
 9.86064000e-02  2.49938017e+00  3.88707538e+00  2.55745861e+00  2.55519347e+00 -3.27605922e-05 
 9.86114000e-02  2.49935582e+00  3.88941289e+00  2.55978787e+00  2.55757526e+00 -3.27437563e-05 
 9.86164000e-02  2.49933212e+00  3.89169140e+00  2.56205797e+00  2.55990002e+00 -3.27273445e-05 
 9.86214000e-02  2.49930907e+00  3.89390870e+00  2.56426668e+00  2.56216551e+00 -3.27113727e-05 
 9.86264000e-02  2.49928670e+00  3.89606263e+00  2.56641187e+00  2.56436952e+00 -3.26958565e-05 
 9.86314000e-02  2.49926504e+00  3.89815110e+00  2.56849146e+00  2.56650990e+00 -3.26808107e-05 
 9.86364000e-02  2.49924410e+00  3.90017209e+00  2.57050342e+00  2.56858458e+00 -3.26662500e-05 
 9.86414000e-02  2.49922391e+00  3.90212363e+00  2.57244581e+00  2.57059155e+00 -3.26521883e-05 
 9.86464000e-02  2.49920448e+00  3.90400384e+00  2.57431675e+00  2.57252886e+00 -3.26386392e-05 
 9.86514000e-02  2.49918584e+00  3.90581090e+00  2.57611442e+00  2.57439464e+00 -3.26256158e-05 
 9.86564000e-02  2.49916801e+00  3.90754306e+00  2.57783708e+00  2.57618708e+00 -3.26131305e-05 
 9.86614000e-02  2.49915099e+00  3.90919864e+00  2.57948308e+00  2.57790444e+00 -3.26011955e-05 
 9.86664000e-02  2.49913481e+00  3.91077604e+00  2.58105082e+00  2.57954507e+00 -3.25898221e-05 
 9.86714000e-02  2.49911949e+00  3.91227375e+00  2.58253878e+00  2.58110738e+00 -3.25790213e-05 
 9.86764000e-02  2.49910503e+00  3.91369031e+00  2.58394554e+00  2.58258987e+00 -3.25688035e-05 
 9.86814000e-02  2.49909146e+00  3.91502436e+00  2.58526972e+00  2.58399109e+00 -3.25591784e-05 
 9.86864000e-02  2.49907879e+00  3.91627461e+00  2.58651007e+00  2.58530971e+00 -3.25501553e-05 
 9.86914000e-02  2.49906702e+00  3.91743986e+00  2.58766537e+00  2.58654444e+00 -3.25417428e-05 
 9.86964000e-02  2.49905618e+00  3.91851898e+00  2.58873453e+00  2.58769410e+00 -3.25339489e-05 
 9.87014000e-02  2.49904626e+00  3.91951094e+00  2.58971650e+00  2.58875758e+00 -3.25267812e-05 
 9.87064000e-02  2.49903729e+00  3.92041478e+00  2.59061035e+00  2.58973386e+00 -3.25202465e-05 
 9.87114000e-02  2.49902927e+00  3.92122964e+00  2.59141522e+00  2.59062200e+00 -3.25143510e-05 
 9.87164000e-02  2.49902220e+00  3.92195472e+00  2.59213032e+00  2.59142115e+00 -3.25091004e-05 
 9.87214000e-02  2.49901610e+00  3.92258933e+00  2.59275498e+00  2.59213052e+00 -3.25044997e-05 
 9.87264000e-02  2.49901097e+00  3.92313286e+00  2.59328859e+00  2.59274945e+00 -3.25005532e-05 
 9.87314000e-02  2.49900682e+00  3.92358479e+00  2.59373063e+00  2.59327734e+00 -3.24972648e-05 
 9.87364000e-02  2.49900365e+00  3.92394468e+00  2.59408070e+00  2.59371368e+00 -3.24946376e-05 
 9.87414000e-02  2.49900146e+00  3.92421218e+00  2.59433844e+00  2.59405805e+00 -3.24926740e-05 
 9.87464000e-02  2.49900026e+00  3.92438705e+00  2.59450362e+00  2.59431012e+00 -3.24913761e-05 
 9.87514000e-02  2.49900004e+00  3.92446911e+00  2.59457606e+00  2.59446965e+00 -3.24907450e-05 
 9.87564000e-02  2.49900081e+00  3.92445829e+00  2.59455571e+00  2.59453648e+00 -3.24907812e-05 
 9.87614000e-02  2.49900256e+00  3.92435458e+00  2.59444258e+00  2.59451055e+00 -3.24914849e-05 
 9.87664000e-02  2.49900530e+00  3.92415810e+00  2.59423678e+00  2.59439189e+00 -3.24928553e-05 
 9.87714000e-02  2.49900903e+00  3.92386903e+00  2.59393852e+00  2.59418061e+00 -3.24948911e-05 
 9.87764000e-02  2.49901373e+00  3.92348764e+00  2.59354806e+00  2.59387692e+00 -3.24975904e-05 
 9.87814000e-02  2.49901940e+00  3.92301432e+00  2.59306580e+00  2.59348109e+00 -3.25009507e-05 
 9.87864000e-02  2.49902604e+00  3.92244950e+00  2.59249219e+00  2.59299353e+00 -3.25049686e-05 
 9.87914000e-02  2.49903364e+00  3.92179373e+00  2.59182779e+00  2.59241468e+00 -3.25096404e-05 
 9.87964000e-02  2.49904220e+00  3.92104765e+00  2.59107323e+00  2.59174512e+00 -3.25149616e-05 
 9.88014000e-02  2.49905170e+00  3.92021196e+00  2.59022924e+00  2.59098547e+00 -3.25209272e-05 
 9.88064000e-02  2.49906214e+00  3.91928748e+00  2.58929663e+00  2.59013649e+00 -3.25275314e-05 
 9.88114000e-02  2.49907350e+00  3.91827509e+00  2.58827629e+00  2.58919897e+00 -3.25347679e-05 
 9.88164000e-02  2.49908577e+00  3.91717577e+00  2.58716922e+00  2.58817382e+00 -3.25426299e-05 
 9.88214000e-02  2.49909895e+00  3.91599057e+00  2.58597648e+00  2.58706204e+00 -3.25511097e-05 
 9.88264000e-02  2.49911302e+00  3.91472064e+00  2.58469921e+00  2.58586468e+00 -3.25601994e-05 
 9.88314000e-02  2.49912796e+00  3.91336719e+00  2.58333865e+00  2.58458291e+00 -3.25698901e-05 
 9.88364000e-02  2.49914377e+00  3.91193155e+00  2.58189611e+00  2.58321796e+00 -3.25801727e-05 
 9.88414000e-02  2.49916042e+00  3.91041508e+00  2.58037298e+00  2.58177114e+00 -3.25910372e-05 
 9.88464000e-02  2.49917790e+00  3.90881926e+00  2.57877072e+00  2.58024386e+00 -3.26024732e-05 
 9.88514000e-02  2.49919618e+00  3.90714562e+00  2.57709090e+00  2.57863758e+00 -3.26144698e-05 
 9.88564000e-02  2.49921527e+00  3.90539579e+00  2.57533513e+00  2.57695385e+00 -3.26270153e-05 
 9.88614000e-02  2.49923512e+00  3.90357145e+00  2.57350511e+00  2.57519431e+00 -3.26400979e-05 
 9.88664000e-02  2.49925574e+00  3.90167437e+00  2.57160260e+00  2.57336066e+00 -3.26537048e-05 
 9.88714000e-02  2.49927708e+00  3.89970638e+00  2.56962946e+00  2.57145467e+00 -3.26678229e-05 
 9.88764000e-02  2.49929914e+00  3.89766940e+00  2.56758760e+00  2.56947818e+00 -3.26824387e-05 
 9.88814000e-02  2.49932189e+00  3.89556540e+00  2.56547898e+00  2.56743312e+00 -3.26975381e-05 
 9.88864000e-02  2.49934531e+00  3.89339641e+00  2.56330567e+00  2.56532146e+00 -3.27131064e-05 
 9.88914000e-02  2.49936938e+00  3.89116455e+00  2.56106977e+00  2.56314525e+00 -3.27291287e-05 
 9.88964000e-02  2.49939407e+00  3.88887198e+00  2.55877344e+00  2.56090661e+00 -3.27455893e-05 
 9.89014000e-02  2.49941935e+00  3.88652093e+00  2.55641894e+00  2.55860771e+00 -3.27624725e-05 
 9.89064000e-02  2.49944521e+00  3.88411370e+00  2.55400853e+00  2.55625078e+00 -3.27797617e-05 
 9.89114000e-02  2.49947162e+00  3.88165261e+00  2.55154459e+00  2.55383813e+00 -3.27974403e-05 
 9.89164000e-02  2.49949855e+00  3.87914008e+00  2.54902949e+00  2.55137209e+00 -3.28154911e-05 
 9.89214000e-02  2.49952597e+00  3.87657855e+00  2.54646570e+00  2.54885508e+00 -3.28338965e-05 
 9.89264000e-02  2.49955386e+00  3.87397052e+00  2.54385572e+00  2.54628955e+00 -3.28526386e-05 
 9.89314000e-02  2.49958220e+00  3.87131854e+00  2.54120210e+00  2.54367800e+00 -3.28716992e-05 
 9.89364000e-02  2.49961094e+00  3.86862521e+00  2.53850744e+00  2.54102298e+00 -3.28910597e-05 
 9.89414000e-02  2.49964007e+00  3.86589315e+00  2.53577436e+00  2.53832709e+00 -3.29107012e-05 
 9.89464000e-02  2.49966955e+00  3.86312504e+00  2.53300555e+00  2.53559297e+00 -3.29306045e-05 
 9.89514000e-02  2.49969936e+00  3.86032360e+00  2.53020371e+00  2.53282329e+00 -3.29507501e-05 
 9.89564000e-02  2.49972947e+00  3.85749156e+00  2.52737160e+00  2.53002077e+00 -3.29711184e-05 
 9.89614000e-02  2.49975984e+00  3.85463172e+00  2.52451199e+00  2.52718815e+00 -3.29916893e-05 
 9.89664000e-02  2.49979045e+00  3.85174687e+00  2.52162770e+00  2.52432822e+00 -3.30124427e-05 
 9.89714000e-02  2.49982127e+00  3.84883986e+00  2.51872155e+00  2.52144378e+00 -3.30333583e-05 
 9.89764000e-02  2.49985226e+00  3.84591354e+00  2.51579641e+00  2.51853767e+00 -3.30544154e-05 
 9.89814000e-02  2.49988340e+00  3.84297079e+00  2.51285516e+00  2.51561275e+00 -3.30755934e-05 
 9.89864000e-02  2.49991465e+00  3.84001451e+00  2.50990068e+00  2.51267190e+00 -3.30968715e-05 
 9.89914000e-02  2.49994599e+00  3.83704762e+00  2.50693590e+00  2.50971801e+00 -3.31182286e-05 
 9.89964000e-02  2.49997738e+00  3.83407304e+00  2.50396374e+00  2.50675399e+00 -3.31396436e-05 
 9.90014000e-02  2.50000880e+00  3.83109370e+00  2.50098713e+00  2.50378277e+00 -3.31610956e-05 
 9.90064000e-02  2.50004020e+00  3.82811256e+00  2.49800902e+00  2.50080729e+00 -3.31825632e-05 
 9.90114000e-02  2.50007157e+00  3.82513256e+00  2.49503234e+00  2.49783047e+00 -3.32040253e-05 
 9.90164000e-02  2.50010286e+00  3.82215664e+00  2.49206004e+00  2.49485527e+00 -3.32254605e-05 
 9.90214000e-02  2.50013406e+00  3.81918775e+00  2.48909506e+00  2.49188463e+00 -3.32468478e-05 
 9.90264000e-02  2.50016512e+00  3.81622883e+00  2.48614034e+00  2.48892149e+00 -3.32681658e-05 
 9.90314000e-02  2.50019601e+00  3.81328281e+00  2.48319881e+00  2.48596877e+00 -3.32893934e-05 
 9.90364000e-02  2.50022672e+00  3.81035262e+00  2.48027339e+00  2.48302942e+00 -3.33105096e-05 
 9.90414000e-02  2.50025720e+00  3.80744116e+00  2.47736697e+00  2.48010633e+00 -3.33314933e-05 
 9.90464000e-02  2.50028743e+00  3.80455133e+00  2.47448244e+00  2.47720243e+00 -3.33523238e-05 
 9.90514000e-02  2.50031737e+00  3.80168598e+00  2.47162268e+00  2.47432057e+00 -3.33729802e-05 
 9.90564000e-02  2.50034700e+00  3.79884798e+00  2.46879051e+00  2.47146364e+00 -3.33934420e-05 
 9.90614000e-02  2.50037629e+00  3.79604014e+00  2.46598876e+00  2.46863447e+00 -3.34136889e-05 
 9.90664000e-02  2.50040521e+00  3.79326525e+00  2.46322021e+00  2.46583587e+00 -3.34337006e-05 
 9.90714000e-02  2.50043372e+00  3.79052609e+00  2.46048763e+00  2.46307063e+00 -3.34534571e-05 
 9.90764000e-02  2.50046181e+00  3.78782537e+00  2.45779373e+00  2.46034150e+00 -3.34729388e-05 
 9.90814000e-02  2.50048944e+00  3.78516579e+00  2.45514119e+00  2.45765119e+00 -3.34921261e-05 
 9.90864000e-02  2.50051659e+00  3.78255001e+00  2.45253267e+00  2.45500240e+00 -3.35109999e-05 
 9.90914000e-02  2.50054323e+00  3.77998062e+00  2.44997076e+00  2.45239776e+00 -3.35295414e-05 
 9.90964000e-02  2.50056934e+00  3.77746019e+00  2.44745802e+00  2.44983986e+00 -3.35477319e-05 
 9.91014000e-02  2.50059488e+00  3.77499124e+00  2.44499696e+00  2.44733127e+00 -3.35655532e-05 
 9.91064000e-02  2.50061983e+00  3.77257624e+00  2.44259003e+00  2.44487448e+00 -3.35829875e-05 
 9.91114000e-02  2.50064418e+00  3.77021759e+00  2.44023964e+00  2.44247195e+00 -3.36000174e-05 
 9.91164000e-02  2.50066788e+00  3.76791766e+00  2.43794815e+00  2.44012608e+00 -3.36166256e-05 
 9.91214000e-02  2.50069093e+00  3.76567874e+00  2.43571783e+00  2.43783921e+00 -3.36327957e-05 
 9.91264000e-02  2.50071330e+00  3.76350307e+00  2.43355092e+00  2.43561363e+00 -3.36485113e-05 
 9.91314000e-02  2.50073496e+00  3.76139283e+00  2.43144960e+00  2.43345157e+00 -3.36637566e-05 
 9.91364000e-02  2.50075590e+00  3.75935013e+00  2.42941595e+00  2.43135519e+00 -3.36785164e-05 
 9.91414000e-02  2.50077609e+00  3.75737702e+00  2.42745203e+00  2.42932658e+00 -3.36927758e-05 
 9.91464000e-02  2.50079552e+00  3.75547547e+00  2.42555978e+00  2.42736778e+00 -3.37065205e-05 
 9.91514000e-02  2.50081416e+00  3.75364738e+00  2.42374112e+00  2.42548075e+00 -3.37197366e-05 
 9.91564000e-02  2.50083199e+00  3.75189459e+00  2.42199786e+00  2.42366737e+00 -3.37324109e-05 
 9.91614000e-02  2.50084901e+00  3.75021886e+00  2.42033174e+00  2.42192948e+00 -3.37445306e-05 
 9.91664000e-02  2.50086519e+00  3.74862186e+00  2.41874445e+00  2.42026880e+00 -3.37560835e-05 
 9.91714000e-02  2.50088051e+00  3.74710519e+00  2.41723756e+00  2.41868700e+00 -3.37670580e-05 
 9.91764000e-02  2.50089497e+00  3.74567038e+00  2.41581260e+00  2.41718567e+00 -3.37774430e-05 
 9.91814000e-02  2.50090854e+00  3.74431886e+00  2.41447098e+00  2.41576631e+00 -3.37872280e-05 
 9.91864000e-02  2.50092121e+00  3.74305199e+00  2.41321407e+00  2.41443035e+00 -3.37964032e-05 
 9.91914000e-02  2.50093298e+00  3.74187104e+00  2.41204310e+00  2.41317912e+00 -3.38049594e-05 
 9.91964000e-02  2.50094382e+00  3.74077719e+00  2.41095928e+00  2.41201389e+00 -3.38128880e-05 
 9.92014000e-02  2.50095374e+00  3.73977155e+00  2.40996367e+00  2.41093582e+00 -3.38201808e-05 
 9.92064000e-02  2.50096271e+00  3.73885512e+00  2.40905728e+00  2.40994599e+00 -3.38268306e-05 
 9.92114000e-02  2.50097073e+00  3.73802883e+00  2.40824101e+00  2.40904540e+00 -3.38328307e-05 
 9.92164000e-02  2.50097780e+00  3.73729349e+00  2.40751570e+00  2.40823496e+00 -3.38381751e-05 
 9.92214000e-02  2.50098390e+00  3.73664985e+00  2.40688207e+00  2.40751546e+00 -3.38428582e-05 
 9.92264000e-02  2.50098903e+00  3.73609856e+00  2.40634074e+00  2.40688764e+00 -3.38468755e-05 
 9.92314000e-02  2.50099318e+00  3.73564017e+00  2.40589227e+00  2.40635213e+00 -3.38502228e-05 
 9.92364000e-02  2.50099635e+00  3.73527514e+00  2.40553711e+00  2.40590947e+00 -3.38528968e-05 
 9.92414000e-02  2.50099854e+00  3.73500384e+00  2.40527562e+00  2.40556009e+00 -3.38548948e-05 
 9.92464000e-02  2.50099974e+00  3.73482653e+00  2.40510805e+00  2.40530436e+00 -3.38562148e-05 
 9.92514000e-02  2.50099996e+00  3.73474340e+00  2.40503457e+00  2.40514252e+00 -3.38568554e-05 
 9.92564000e-02  2.50099919e+00  3.73475452e+00  2.40505526e+00  2.40507474e+00 -3.38568160e-05 
 9.92614000e-02  2.50099744e+00  3.73485990e+00  2.40517010e+00  2.40510109e+00 -3.38560967e-05 
 9.92664000e-02  2.50099470e+00  3.73505942e+00  2.40537897e+00  2.40522154e+00 -3.38546981e-05 
 9.92714000e-02  2.50099097e+00  3.73535288e+00  2.40568166e+00  2.40543597e+00 -3.38526217e-05 
 9.92764000e-02  2.50098627e+00  3.73573999e+00  2.40607787e+00  2.40574416e+00 -3.38498696e-05 
 9.92814000e-02  2.50098060e+00  3.73622035e+00  2.40656720e+00  2.40614581e+00 -3.38464446e-05 
 9.92864000e-02  2.50097396e+00  3.73679349e+00  2.40714916e+00  2.40664051e+00 -3.38423501e-05 
 9.92914000e-02  2.50096636e+00  3.73745883e+00  2.40782316e+00  2.40722777e+00 -3.38375902e-05 
 9.92964000e-02  2.50095780e+00  3.73821570e+00  2.40858853e+00  2.40790699e+00 -3.38321698e-05 
 9.93014000e-02  2.50094830e+00  3.73906334e+00  2.40944450e+00  2.40867750e+00 -3.38260944e-05 
 9.93064000e-02  2.50093786e+00  3.74000090e+00  2.41039021e+00  2.40953851e+00 -3.38193700e-05 
 9.93114000e-02  2.50092650e+00  3.74102744e+00  2.41142471e+00  2.41048917e+00 -3.38120035e-05 
 9.93164000e-02  2.50091423e+00  3.74214192e+00  2.41254696e+00  2.41152852e+00 -3.38040022e-05 
 9.93214000e-02  2.50090105e+00  3.74334324e+00  2.41375583e+00  2.41265552e+00 -3.37953744e-05 
 9.93264000e-02  2.50088698e+00  3.74463018e+00  2.41505012e+00  2.41386903e+00 -3.37861286e-05 
 9.93314000e-02  2.50087204e+00  3.74600146e+00  2.41642852e+00  2.41516784e+00 -3.37762741e-05 
 9.93364000e-02  2.50085623e+00  3.74745569e+00  2.41788965e+00  2.41655065e+00 -3.37658210e-05 
 9.93414000e-02  2.50083958e+00  3.74899142e+00  2.41943205e+00  2.41801607e+00 -3.37547798e-05 
 9.93464000e-02  2.50082210e+00  3.75060711e+00  2.42105417e+00  2.41956262e+00 -3.37431615e-05 
 9.93514000e-02  2.50080382e+00  3.75230113e+00  2.42275438e+00  2.42118877e+00 -3.37309779e-05 
 9.93564000e-02  2.50078473e+00  3.75407180e+00  2.42453098e+00  2.42289287e+00 -3.37182412e-05 
 9.93614000e-02  2.50076488e+00  3.75591733e+00  2.42638219e+00  2.42467323e+00 -3.37049643e-05 
 9.93664000e-02  2.50074426e+00  3.75783589e+00  2.42830615e+00  2.42652805e+00 -3.36911605e-05 
 9.93714000e-02  2.50072292e+00  3.75982553e+00  2.43030094e+00  2.42845548e+00 -3.36768437e-05 
 9.93764000e-02  2.50070086e+00  3.76188429e+00  2.43236456e+00  2.43045358e+00 -3.36620283e-05 
 9.93814000e-02  2.50067811e+00  3.76401008e+00  2.43449495e+00  2.43252037e+00 -3.36467291e-05 
 9.93864000e-02  2.50065469e+00  3.76620079e+00  2.43668997e+00  2.43465376e+00 -3.36309617e-05 
 9.93914000e-02  2.50063062e+00  3.76845423e+00  2.43894742e+00  2.43685163e+00 -3.36147417e-05 
 9.93964000e-02  2.50060593e+00  3.77076814e+00  2.44126506e+00  2.43911178e+00 -3.35980854e-05 
 9.94014000e-02  2.50058065e+00  3.77314020e+00  2.44364056e+00  2.44143194e+00 -3.35810096e-05 
 9.94064000e-02  2.50055479e+00  3.77556806e+00  2.44607155e+00  2.44380980e+00 -3.35635315e-05 
 9.94114000e-02  2.50052838e+00  3.77804927e+00  2.44855560e+00  2.44624298e+00 -3.35456684e-05 
 9.94164000e-02  2.50050145e+00  3.78058138e+00  2.45109024e+00  2.44872905e+00 -3.35274384e-05 
 9.94214000e-02  2.50047403e+00  3.78316184e+00  2.45367292e+00  2.45126553e+00 -3.35088595e-05 
 9.94264000e-02  2.50044614e+00  3.78578808e+00  2.45630108e+00  2.45384989e+00 -3.34899506e-05 
 9.94314000e-02  2.50041780e+00  3.78845749e+00  2.45897210e+00  2.45647954e+00 -3.34707304e-05 
 9.94364000e-02  2.50038906e+00  3.79116741e+00  2.46168331e+00  2.45915188e+00 -3.34512181e-05 
 9.94414000e-02  2.50035993e+00  3.79391512e+00  2.46443201e+00  2.46186422e+00 -3.34314333e-05 
 9.94464000e-02  2.50033045e+00  3.79669791e+00  2.46721546e+00  2.46461388e+00 -3.34113957e-05 
 9.94514000e-02  2.50030064e+00  3.79951300e+00  2.47003090e+00  2.46739812e+00 -3.33911253e-05 
 9.94564000e-02  2.50027053e+00  3.80235758e+00  2.47287552e+00  2.47021416e+00 -3.33706422e-05 
 9.94614000e-02  2.50024016e+00  3.80522883e+00  2.47574650e+00  2.47305920e+00 -3.33499670e-05 
 9.94664000e-02  2.50020955e+00  3.80812390e+00  2.47864098e+00  2.47593041e+00 -3.33291201e-05 
 9.94714000e-02  2.50017873e+00  3.81103992e+00  2.48155609e+00  2.47882494e+00 -3.33081224e-05 
 9.94764000e-02  2.50014774e+00  3.81397398e+00  2.48448893e+00  2.48173992e+00 -3.32869946e-05 
 9.94814000e-02  2.50011660e+00  3.81692318e+00  2.48743660e+00  2.48467245e+00 -3.32657578e-05 
 9.94864000e-02  2.50008535e+00  3.81988459e+00  2.49039618e+00  2.48761963e+00 -3.32444330e-05 
 9.94914000e-02  2.50005401e+00  3.82285528e+00  2.49336472e+00  2.49057853e+00 -3.32230415e-05 
 9.94964000e-02  2.50002262e+00  3.82583231e+00  2.49633930e+00  2.49354622e+00 -3.32016043e-05 
 9.95014000e-02  2.49999120e+00  3.82881273e+00  2.49931696e+00  2.49651977e+00 -3.31801427e-05 
 9.95064000e-02  2.49995980e+00  3.83179360e+00  2.50229477e+00  2.49949623e+00 -3.31586780e-05 
 9.95114000e-02  2.49992843e+00  3.83477196e+00  2.50526978e+00  2.50247265e+00 -3.31372313e-05 
 9.95164000e-02  2.49989714e+00  3.83774489e+00  2.50823906e+00  2.50544610e+00 -3.31158238e-05 
 9.95214000e-02  2.49986594e+00  3.84070944e+00  2.51119967e+00  2.50841365e+00 -3.30944768e-05 
 9.95264000e-02  2.49983488e+00  3.84366269e+00  2.51414870e+00  2.51137235e+00 -3.30732111e-05 
 9.95314000e-02  2.49980399e+00  3.84660173e+00  2.51708323e+00  2.51431931e+00 -3.30520477e-05 
 9.95364000e-02  2.49977328e+00  3.84952368e+00  2.52000039e+00  2.51725160e+00 -3.30310075e-05 
 9.95414000e-02  2.49974280e+00  3.85242564e+00  2.52289729e+00  2.52016635e+00 -3.30101112e-05 
 9.95464000e-02  2.49971257e+00  3.85530477e+00  2.52577110e+00  2.52306069e+00 -3.29893792e-05 
 9.95514000e-02  2.49968263e+00  3.85815825e+00  2.52861898e+00  2.52593176e+00 -3.29688319e-05 
 9.95564000e-02  2.49965300e+00  3.86098326e+00  2.53143814e+00  2.52877676e+00 -3.29484895e-05 
 9.95614000e-02  2.49962371e+00  3.86377704e+00  2.53422583e+00  2.53159289e+00 -3.29283719e-05 
 9.95664000e-02  2.49959479e+00  3.86653685e+00  2.53697929e+00  2.53437738e+00 -3.29084987e-05 
 9.95714000e-02  2.49956628e+00  3.86925998e+00  2.53969584e+00  2.53712751e+00 -3.28888894e-05 
 9.95764000e-02  2.49953819e+00  3.87194378e+00  2.54237282e+00  2.53984058e+00 -3.28695631e-05 
 9.95814000e-02  2.49951056e+00  3.87458561e+00  2.54500761e+00  2.54251394e+00 -3.28505387e-05 
 9.95864000e-02  2.49948341e+00  3.87718290e+00  2.54759764e+00  2.54514497e+00 -3.28318347e-05 
 9.95914000e-02  2.49945677e+00  3.87973311e+00  2.55014037e+00  2.54773110e+00 -3.28134693e-05 
 9.95964000e-02  2.49943066e+00  3.88223374e+00  2.55263333e+00  2.55026982e+00 -3.27954605e-05 
 9.96014000e-02  2.49940512e+00  3.88468237e+00  2.55507408e+00  2.55275863e+00 -3.27778256e-05 
 9.96064000e-02  2.49938017e+00  3.88707660e+00  2.55746025e+00  2.55519511e+00 -3.27605818e-05 
 9.96114000e-02  2.49935582e+00  3.88941411e+00  2.55978951e+00  2.55757689e+00 -3.27437459e-05 
 9.96164000e-02  2.49933212e+00  3.89169262e+00  2.56205960e+00  2.55990166e+00 -3.27273342e-05 
 9.96214000e-02  2.49930907e+00  3.89390991e+00  2.56426832e+00  2.56216715e+00 -3.27113624e-05 
 9.96264000e-02  2.49928670e+00  3.89606384e+00  2.56641351e+00  2.56437115e+00 -3.26958462e-05 
 9.96314000e-02  2.49926504e+00  3.89815231e+00  2.56849309e+00  2.56651153e+00 -3.26808004e-05 
 9.96364000e-02  2.49924410e+00  3.90017330e+00  2.57050506e+00  2.56858621e+00 -3.26662397e-05 
 9.96414000e-02  2.49922391e+00  3.90212484e+00  2.57244745e+00  2.57059318e+00 -3.26521780e-05 
 9.96464000e-02  2.49920448e+00  3.90400505e+00  2.57431838e+00  2.57253050e+00 -3.26386289e-05 
 9.96514000e-02  2.49918584e+00  3.90581211e+00  2.57611605e+00  2.57439627e+00 -3.26256054e-05 
 9.96564000e-02  2.49916801e+00  3.90754427e+00  2.57783872e+00  2.57618871e+00 -3.26131202e-05 
 9.96614000e-02  2.49915099e+00  3.90919985e+00  2.57948471e+00  2.57790608e+00 -3.26011852e-05 
 9.96664000e-02  2.49913481e+00  3.91077725e+00  2.58105245e+00  2.57954671e+00 -3.25898118e-05 
 9.96714000e-02  2.49911949e+00  3.91227496e+00  2.58254041e+00  2.58110902e+00 -3.25790110e-05 
 9.96764000e-02  2.49910503e+00  3.91369152e+00  2.58394717e+00  2.58259150e+00 -3.25687932e-05 
 9.96814000e-02  2.49909146e+00  3.91502557e+00  2.58527135e+00  2.58399272e+00 -3.25591681e-05 
 9.96864000e-02  2.49907879e+00  3.91627582e+00  2.58651170e+00  2.58531134e+00 -3.25501450e-05 
 9.96914000e-02  2.49906702e+00  3.91744107e+00  2.58766700e+00  2.58654607e+00 -3.25417325e-05 
 9.96964000e-02  2.49905618e+00  3.91852019e+00  2.58873616e+00  2.58769573e+00 -3.25339386e-05 
 9.97014000e-02  2.49904626e+00  3.91951215e+00  2.58971813e+00  2.58875921e+00 -3.25267709e-05 
 9.97064000e-02  2.49903729e+00  3.92041599e+00  2.59061198e+00  2.58973549e+00 -3.25202362e-05 
 9.97114000e-02  2.49902927e+00  3.92123085e+00  2.59141684e+00  2.59062363e+00 -3.25143407e-05 
 9.97164000e-02  2.49902220e+00  3.92195593e+00  2.59213195e+00  2.59142277e+00 -3.25090901e-05 
 9.97214000e-02  2.49901610e+00  3.92259054e+00  2.59275660e+00  2.59213215e+00 -3.25044894e-05 
 9.97264000e-02  2.49901097e+00  3.92313407e+00  2.59329021e+00  2.59275108e+00 -3.25005429e-05 
 9.97314000e-02  2.49900682e+00  3.92358599e+00  2.59373226e+00  2.59327897e+00 -3.24972545e-05 
 9.97364000e-02  2.49900365e+00  3.92394588e+00  2.59408232e+00  2.59371530e+00 -3.24946273e-05 
 9.97414000e-02  2.49900146e+00  3.92421339e+00  2.59434007e+00  2.59405967e+00 -3.24926638e-05 
 9.97464000e-02  2.49900026e+00  3.92438826e+00  2.59450524e+00  2.59431174e+00 -3.24913658e-05 
 9.97514000e-02  2.49900004e+00  3.92447032e+00  2.59457769e+00  2.59447127e+00 -3.24907347e-05 
 9.97564000e-02  2.49900081e+00  3.92445949e+00  2.59455734e+00  2.59453810e+00 -3.24907710e-05 
 9.97614000e-02  2.49900256e+00  3.92435579e+00  2.59444421e+00  2.59451218e+00 -3.24914747e-05 
 9.97664000e-02  2.49900530e+00  3.92415931e+00  2.59423841e+00  2.59439352e+00 -3.24928451e-05 
 9.97714000e-02  2.49900903e+00  3.92387023e+00  2.59394014e+00  2.59418224e+00 -3.24948809e-05 
 9.97764000e-02  2.49901373e+00  3.92348885e+00  2.59354969e+00  2.59387854e+00 -3.24975802e-05 
 9.97814000e-02  2.49901940e+00  3.92301552e+00  2.59306742e+00  2.59348272e+00 -3.25009404e-05 
 9.97864000e-02  2.49902604e+00  3.92245071e+00  2.59249381e+00  2.59299515e+00 -3.25049583e-05 
 9.97914000e-02  2.49903364e+00  3.92179494e+00  2.59182941e+00  2.59241630e+00 -3.25096301e-05 
 9.97964000e-02  2.49904220e+00  3.92104885e+00  2.59107485e+00  2.59174674e+00 -3.25149513e-05 
 9.98014000e-02  2.49905170e+00  3.92021317e+00  2.59023086e+00  2.59098710e+00 -3.25209169e-05 
 9.98064000e-02  2.49906214e+00  3.91928869e+00  2.58929825e+00  2.59013811e+00 -3.25275211e-05 
 9.98114000e-02  2.49907350e+00  3.91827630e+00  2.58827792e+00  2.58920059e+00 -3.25347576e-05 
 9.98164000e-02  2.49908577e+00  3.91717697e+00  2.58717085e+00  2.58817545e+00 -3.25426196e-05 
 9.98214000e-02  2.49909895e+00  3.91599177e+00  2.58597810e+00  2.58706366e+00 -3.25510995e-05 
 9.98264000e-02  2.49911302e+00  3.91472184e+00  2.58470084e+00  2.58586631e+00 -3.25601891e-05 
 9.98314000e-02  2.49912796e+00  3.91336840e+00  2.58334027e+00  2.58458453e+00 -3.25698799e-05 
 9.98364000e-02  2.49914377e+00  3.91193276e+00  2.58189773e+00  2.58321958e+00 -3.25801624e-05 
 9.98414000e-02  2.49916042e+00  3.91041629e+00  2.58037460e+00  2.58177276e+00 -3.25910269e-05 
 9.98464000e-02  2.49917790e+00  3.90882047e+00  2.57877235e+00  2.58024548e+00 -3.26024629e-05 
 9.98514000e-02  2.49919618e+00  3.90714683e+00  2.57709252e+00  2.57863920e+00 -3.26144595e-05 
 9.98564000e-02  2.49921527e+00  3.90539700e+00  2.57533675e+00  2.57695548e+00 -3.26270051e-05 
 9.98614000e-02  2.49923512e+00  3.90357266e+00  2.57350673e+00  2.57519594e+00 -3.26400876e-05 
 9.98664000e-02  2.49925574e+00  3.90167558e+00  2.57160423e+00  2.57336228e+00 -3.26536945e-05 
 9.98714000e-02  2.49927708e+00  3.89970759e+00  2.56963109e+00  2.57145629e+00 -3.26678127e-05 
 9.98764000e-02  2.49929914e+00  3.89767061e+00  2.56758922e+00  2.56947981e+00 -3.26824285e-05 
 9.98814000e-02  2.49932189e+00  3.89556661e+00  2.56548061e+00  2.56743474e+00 -3.26975278e-05 
 9.98864000e-02  2.49934531e+00  3.89339762e+00  2.56330729e+00  2.56532308e+00 -3.27130961e-05 
 9.98914000e-02  2.49936938e+00  3.89116576e+00  2.56107139e+00  2.56314687e+00 -3.27291184e-05 
 9.98964000e-02  2.49939407e+00  3.88887319e+00  2.55877507e+00  2.56090823e+00 -3.27455790e-05 
 9.99014000e-02  2.49941935e+00  3.88652214e+00  2.55642056e+00  2.55860933e+00 -3.27624622e-05 
 9.99064000e-02  2.49944521e+00  3.88411491e+00  2.55401016e+00  2.55625240e+00 -3.27797514e-05 
 9.99114000e-02  2.49947162e+00  3.88165382e+00  2.55154621e+00  2.55383975e+00 -3.27974300e-05 
 9.99164000e-02  2.49949855e+00  3.87914129e+00  2.54903111e+00  2.55137372e+00 -3.28154808e-05 
 9.99214000e-02  2.49952597e+00  3.87657976e+00  2.54646733e+00  2.54885670e+00 -3.28338862e-05 
 9.99264000e-02  2.49955386e+00  3.87397173e+00  2.54385735e+00  2.54629117e+00 -3.28526284e-05 
 9.99314000e-02  2.49958220e+00  3.87131975e+00  2.54120373e+00  2.54367962e+00 -3.28716889e-05 
 9.99364000e-02  2.49961094e+00  3.86862642e+00  2.53850906e+00  2.54102460e+00 -3.28910494e-05 
 9.99414000e-02  2.49964007e+00  3.86589436e+00  2.53577598e+00  2.53832871e+00 -3.29106909e-05 
 9.99464000e-02  2.49966955e+00  3.86312625e+00  2.53300717e+00  2.53559459e+00 -3.29305942e-05 
 9.99514000e-02  2.49969936e+00  3.86032481e+00  2.53020533e+00  2.53282491e+00 -3.29507398e-05 
 9.99564000e-02  2.49972947e+00  3.85749277e+00  2.52737322e+00  2.53002239e+00 -3.29711081e-05 
 9.99614000e-02  2.49975984e+00  3.85463293e+00  2.52451362e+00  2.52718977e+00 -3.29916790e-05 
 9.99664000e-02  2.49979045e+00  3.85174808e+00  2.52162932e+00  2.52432984e+00 -3.30124324e-05 
 9.99714000e-02  2.49982127e+00  3.84884107e+00  2.51872318e+00  2.52144540e+00 -3.30333480e-05 
 9.99764000e-02  2.49985226e+00  3.84591475e+00  2.51579804e+00  2.51853930e+00 -3.30544051e-05 
 9.99814000e-02  2.49988340e+00  3.84297200e+00  2.51285678e+00  2.51561437e+00 -3.30755831e-05 
 9.99864000e-02  2.49991465e+00  3.84001572e+00  2.50990231e+00  2.51267352e+00 -3.30968612e-05 
 9.99914000e-02  2.49994599e+00  3.83704883e+00  2.50693753e+00  2.50971963e+00 -3.31182182e-05 
 9.99957000e-02  2.49997299e+00  3.83449095e+00  2.50438171e+00  2.50717101e+00 -3.31366333e-05 
 1.00000000e-01  2.50000000e+00  3.83192929e+00  2.50182233e+00  2.50461675e+00 -3.31550775e-05 
